LR1_coefficients_null_raster	LR1_coefficients_Elevation_16_k10_R	LR1_R2_null_raster	LR1_R2_Elevation_16_k10_R	LR1_Q_Elevation_16_k10_R	LR2_coefficients_null_raster	LR2_coefficients_Elevation_16_k10_R	LR2_R2_null_raster	LR2_R2_Elevation_16_k10_R	LR2_Q_Elevation_16_k10_R
0.320794576575098	0.0667849886926638	0.580506596302005	0.22942880988762	-0.351077786414385	0.0383193429026795	0.00236389166458657	0.907695002344018	0.215575146005817	-0.692119856338201
0.39152017314049	0.0685545899106859	0.58944439597512	0.165213080411223	-0.424231315563896	0.0484257729562667	0.00222622681042381	0.928654154519484	0.12426407940311	-0.804390075116373
0.592069982673086	0.151153297157251	0.417699671275507	0.3081933771672	-0.109506294108307	0.0673179970819961	0.00587584587626618	0.423435788784375	0.27068632120089	-0.152749467583485
0.279104653831374	0.0886755578573967	0.854537635213936	0.593522519588387	-0.261015115625549	0.0144723861893094	0.00278184743423593	0.981761270412162	0.881044134528776	-0.100717135883385
0.324507490568841	0.0714129197952958	0.658605565516143	0.262384865103094	-0.39622070041305	0.0302660909581574	0.00283367567985713	0.952522150499284	0.302216389466771	-0.650305761032513
0.662601066675464	0.157776649230339	0.604524751076413	0.187926049607361	-0.416598701469052	0.0494477211180638	0.00720098108506508	0.522151436332768	0.175095780819069	-0.347055655513699
0.36220468608986	0.0758143798227896	0.719254688376252	0.260681583655358	-0.458573104720894	0.0321273192640555	0.00253778893848509	0.973837820439922	0.244746254271696	-0.729091566168226
0.324219680331244	0.0792583444160109	0.697866671429617	0.352393557399272	-0.345473114030345	0.0263182151274448	0.00305321915860863	0.949314245035699	0.467159729875613	-0.482154515160085
0.338856892271897	0.0799327661446707	0.744720912762693	0.289039446641032	-0.455681466121661	0.0264956761019244	0.00343839881820859	0.986462043863018	0.34375033236698	-0.642711711496037
0.856079010955399	0.236801449010048	0.189128488722805	0.0955097131853894	-0.093618775537416	0.0568059522612619	0.00874829450983255	0.150453987443439	0.0884600961372967	-0.0619938913061426
0.348145786262886	0.0718121143169677	0.684307083997476	0.248334206022518	-0.435972877974958	0.0320992637481952	0.00323944789965973	0.967684555731068	0.313935625059024	-0.653748930672045
0.375634203706735	0.0776150197432797	0.722389512586478	0.267012182145477	-0.455377330441001	0.0344284766943921	0.00265747173860934	0.982154595801886	0.25653222487358	-0.725622370928306
0.641024563544339	0.142808646295517	0.348814990242338	0.131477862819249	-0.21733712742309	0.0507842685495068	0.00524434691466679	0.278728208015828	0.0957899814894859	-0.182938226526342
0.363747977921145	0.0759138391342055	0.696947066416493	0.266303246711367	-0.430643819705126	0.0356406982604002	0.00260245001805227	0.974582016157322	0.248223520507353	-0.726358495649969
0.324434659624931	0.0750241420249557	0.649407551366372	0.257031770162043	-0.392375781204329	0.0314355954373962	0.00289525758499751	0.950951882605451	0.267717022114187	-0.683234860491264
0.521126197695212	0.144832848623166	0.282259646060389	0.227924095389337	-0.0543355506710516	0.0538455162367018	0.00456346167149547	0.267464847831395	0.181362225633525	-0.0861026221978697
0.362916713655835	0.0852123757878418	0.64531723582853	0.324361481880986	-0.320955753947545	0.0402806471079867	0.00371090396537463	0.959410569224157	0.422663278526422	-0.536747290697735
0.352347744465718	0.0812607543479339	0.56770491326827	0.318227586686247	-0.249477326582022	0.0452279616857801	0.00340426346071396	0.876086332084386	0.404906917906177	-0.471179414178209
0.344535046420335	0.0855966876722254	0.6437476505116	0.291934684435294	-0.351812966076306	0.0348094121141346	0.00336413905629433	0.913688045124734	0.312242926378686	-0.601445118746048
0.720380860972135	0.160728386669317	0.568536628752146	0.291526773429053	-0.277009855323093	0.0685035412088998	0.00658517683718891	0.640121869207919	0.284439468802588	-0.355682400405332
0.630858781241285	0.148958894176579	0.450487803847387	0.172933368848032	-0.277554434999354	0.0393275837319773	0.00543915378173154	0.316030507736968	0.129952042618355	-0.186078465118613
0.681861679087319	0.15008396158835	0.373409001672509	0.196871621172144	-0.176537380500365	0.0714283826295078	0.0071108810804014	0.375466599772308	0.243222022432905	-0.132244577339402
0.606758071790285	0.165403664791652	0.688597374808163	0.468924051610612	-0.219673323197551	0.0497983152484915	0.0061400954762616	0.919787092548933	0.681142669077976	-0.238644423470957
0.361031919290224	0.0927333693967081	0.686274449460313	0.321292987618681	-0.364981461841633	0.0346219770459042	0.00453288611478972	0.969827603710116	0.433746398091383	-0.536081205618733
0.658622731115635	0.16574297430064	0.542557154451903	0.282216115119512	-0.260341039332391	0.045850427239759	0.00600008006991005	0.510624831519943	0.285120289689796	-0.225504541830147
0.340849165852049	0.0757625116132038	0.749829460564008	0.257863041586159	-0.491966418977849	0.0246733750980601	0.00318810511859888	0.989232859483049	0.30782150865404	-0.681411350829009
0.81503968053261	0.132721063948718	0.485950517109812	0.12051628006895	-0.365434237040862	0.0817048838556569	0.00471162338265471	0.643872296135932	0.0978045360888418	-0.54606776004709
0.329810537873119	0.0788867267363259	0.650155600659265	0.319554361380458	-0.330601239278806	0.0330882317414245	0.00302504711889785	0.955458986461429	0.375090178622172	-0.580368807839258
0.640983306942923	0.20058148464712	0.592033762840246	0.404684324042157	-0.187349438798089	0.046240642482355	0.00950729854848519	0.45853399410345	0.463755052131125	0.00522105802767503
0.349508282411952	0.0949595566418067	0.823346758049436	0.485494129163423	-0.337852628886014	0.0213008084670149	0.00377577015373871	0.98728904707295	0.809905860936733	-0.177383186136217
0.346818034310454	0.0583663124149259	0.632505777542116	0.174206945955567	-0.458298831586549	0.0368683631386052	0.00203550494582731	0.959739301950438	0.155294842903881	-0.804444459046557
0.805943423013523	0.24514189713712	0.541409379108181	0.422915902670364	-0.118493476437817	0.0636433879247181	0.0092021007368841	0.513238328777736	0.448386367048268	-0.0648519617294685
0.353863632132434	0.0726478956558239	0.676526387006422	0.25203335593286	-0.424493031073563	0.0347600502119675	0.00268050743866192	0.964435302450704	0.256476428408817	-0.707958874041887
0.376141978351895	0.0897577508971146	0.754581545494417	0.30442048759998	-0.450161057894437	0.0318665027914031	0.00430838236594199	0.985353918302736	0.387020498505715	-0.598333419797021
0.375905817400316	0.0853048329869317	0.749871909756791	0.320466222616461	-0.429405687140331	0.031776586465462	0.00388400355994583	0.986540060023342	0.438711210978969	-0.547828849044373
0.376716349166386	0.0831119480216557	0.64706796492883	0.279687402593906	-0.367380562334924	0.0421125425247	0.00350281700038354	0.950483645552163	0.318985427040167	-0.631498218511996
0.595215480729664	0.159131689332794	0.540836972564678	0.297112445305421	-0.243724527259257	0.0480873662863423	0.00571690913508907	0.490683618165677	0.294251097702931	-0.196432520462746
0.375234768435182	0.0803556757027764	0.64960986961712	0.269711107014709	-0.379898762602412	0.0424352626614479	0.00342649997103412	0.957178404548743	0.310005771200477	-0.647172633348265
0.337577870773813	0.0697526366766301	0.665580938201498	0.277390375703028	-0.388190562498469	0.0332944969977423	0.00218811441301256	0.947613062312421	0.267016798371228	-0.680596263941192
0.506593877544563	0.135844151642515	0.409601973051286	0.262893275701443	-0.146708697349843	0.0414918705121791	0.00659781829118056	0.377339710651782	0.274082919007942	-0.10325679164384
0.375841992648739	0.0819135719366811	0.716225314114661	0.274359174882504	-0.441866139232157	0.0352845105739937	0.00358816123172197	0.98065628675472	0.310371749972654	-0.670284536782066
0.339505334340463	0.0794141704611507	0.631670729308828	0.283666877074486	-0.348003852234342	0.0358721553527217	0.00354507199270459	0.933889668519218	0.345207067067904	-0.588682601451313
0.36313023750513	0.0923058472681638	0.758831935334912	0.358136400702944	-0.400695534631968	0.0271177103559512	0.00425390427498688	0.969712384485585	0.532083069492558	-0.437629314993027
0.361759798851477	0.089410717572926	0.718191052066908	0.308593656211185	-0.409597395855723	0.0318301333925439	0.00412193264691142	0.981774645297974	0.408380338960028	-0.573394306337946
0.789482946412083	0.177964838911426	0.484274469889009	0.200644465883495	-0.283630004005514	0.0745054604703835	0.0108802172749944	0.482073341789071	0.295337330800919	-0.186736010988152
0.351340846381897	0.0816644953086526	0.705246396302516	0.272053691436428	-0.433192704866088	0.0307816705098171	0.00391050523965186	0.964310781249823	0.356558409970048	-0.607752371279775
0.389776912779551	0.103085999650776	0.581353641969566	0.432133297331052	-0.149220344638514	0.0497531067166346	0.00494363772366397	0.925103011925984	0.753772508374989	-0.171330503550995
0.385204042903849	0.0889832512536677	0.690036116725675	0.312674184726	-0.377361931999674	0.0391352002919093	0.00370022373636613	0.967368175856691	0.357382442230502	-0.609985733626189
0.37630000883196	0.0851514819779848	0.75420541925735	0.30527505494835	-0.448930364309	0.0308266797710521	0.00359017137376879	0.980039049259337	0.362831695189523	-0.617207354069814
0.348272475110837	0.0780071832788814	0.663506430223097	0.271715223451042	-0.391791206772054	0.0340326745350183	0.00292448271506763	0.95154471399735	0.285415747016142	-0.666128966981207
0.55646934419463	0.144948418177762	0.449104442818202	0.261215587762967	-0.187888855055235	0.0534920087131276	0.00493216562521245	0.479523716963471	0.217784964305164	-0.261738752658306
0.378475337759478	0.0811642096937567	0.729570706294175	0.281511114219028	-0.448059592075147	0.0340531193722096	0.00335817684962688	0.98174379224728	0.325974819033117	-0.655768973214163
0.308934606979357	0.0662383135774042	0.530449153138625	0.229715464558658	-0.300733688579967	0.0409479520942301	0.0025903427298989	0.843385574505878	0.236025101705211	-0.607360472800667
0.343388752346757	0.0740452619895941	0.702094603462207	0.255435038682564	-0.446659564779642	0.0312526373857377	0.00306601341838489	0.977409633319708	0.279230947965748	-0.69817868535396
0.341308148423625	0.0792360330115892	0.624057179231949	0.319632262128724	-0.304424917103225	0.0384779323291827	0.00362950305685135	0.925093039758529	0.432382682494765	-0.492710357263764
0.2284918444867	0.0647905471421004	0.225427952581475	0.195901951809271	-0.0295260007722039	0.0237350406088427	0.00191599637147663	0.135000066887581	0.1167257723017	-0.0182742945858811
0.340627798133525	0.0779832928808752	0.679181460858376	0.316233994783309	-0.362947466075067	0.0317910897161459	0.00310792647589234	0.972289778509991	0.393535394000429	-0.578754384509562
0.324228586998203	0.0803868689820021	0.699440120621587	0.313540808764282	-0.385899311857305	0.0278507253295294	0.00395293099872244	0.980822273388003	0.461613529309562	-0.519208744078441
0.361565783956301	0.0725335524766229	0.69035137991502	0.252636379205346	-0.437715000709674	0.0324024708602161	0.00270049536891497	0.969665431691658	0.279734115574162	-0.689931316117496
0.376052850914984	0.0745463335176915	0.696575555864674	0.262743474539363	-0.433832081325312	0.0372853050929542	0.00332150565471585	0.977272502887985	0.327319145970026	-0.64995335691796
0.340267846142395	0.0775541190564913	0.676850661170392	0.315928144565848	-0.360922516604543	0.0328342373913709	0.0029307498062932	0.97557478718385	0.367147010341137	-0.608427776842713
0.320679986446891	0.0641402940523432	0.530793390717598	0.191698080189909	-0.339095310527689	0.0404403766082456	0.00292551495313776	0.841075169709516	0.216690640686302	-0.624384529023214
0.352829172306818	0.0742786089228925	0.682156751454115	0.273608279627764	-0.408548471826351	0.0344367013769825	0.00308503425313465	0.974337254821598	0.324722008828559	-0.649615245993039
0.548722320551397	0.134261276502002	0.553696612346242	0.324722820160503	-0.22897379218574	0.0614624909204074	0.00460442889274906	0.569560048111101	0.24741564650496	-0.322144401606141
0.359444475241687	0.0753823215836317	0.693660451022675	0.290869704074976	-0.402790746947699	0.0346267289186395	0.0029667566353696	0.973325156155475	0.337084608900744	-0.636240547254731
0.334504581037121	0.0753522503124378	0.713981357627976	0.273209138804978	-0.440772218822998	0.0291785052893402	0.00256063743671162	0.974105820643887	0.261639516642596	-0.712466304001291
0.627977751751523	0.185461655861294	0.564839368198727	0.374018153073635	-0.190821215125092	0.0494137010199794	0.0070426416874122	0.456088368407856	0.312387266152317	-0.143701102255539
0.332552485431619	0.0712406653995175	0.665524939695665	0.257157566590433	-0.408367373105233	0.0311856076900487	0.00292775575373754	0.963714685882202	0.310591020602522	-0.653123665279681
0.38784185771663	0.106783731495489	0.717552501196249	0.376520196243155	-0.341032304953094	0.03372500628817	0.00559677457703052	0.973704126515308	0.602503157985739	-0.371200968529569
0.660786955871605	0.164957384696139	0.451229000645161	0.251179981680176	-0.200049018964984	0.0509665035351445	0.00586478805870446	0.393455668039894	0.228522305252362	-0.164933362787532
0.595733729561085	0.180057225722986	0.330217000511663	0.273779302523754	-0.0564376979879099	0.0391343866459486	0.00663725499228286	0.257061141553698	0.239759494997927	-0.0173016465557713
0.374544946756635	0.0758028527153622	0.72328376233617	0.241367262809482	-0.481916499526689	0.0338872044040196	0.00273688990585971	0.979785305065014	0.234556974324559	-0.745228330740454
0.351748545728125	0.0777250171733426	0.711051960829275	0.29968701727394	-0.411364943555335	0.0321952194009177	0.00296537299886515	0.979004145412899	0.340064582869028	-0.638939562543871
0.33318045423113	0.0885743779377427	0.661963544008857	0.323849410813382	-0.338114133195475	0.0319674890221193	0.00365566901342932	0.92644107477892	0.378921239100648	-0.547519835678272
0.501993637458394	0.107611785603398	0.527408958047571	0.242353531636941	-0.28505542641063	0.0465551158180153	0.00453292032872388	0.580682515726018	0.292268220179686	-0.288414295546332
0.527994104137399	0.140067782897638	0.582966136128033	0.440476508022135	-0.142489628105898	0.0476624416516109	0.00507296315460497	0.558152271884686	0.444751567489469	-0.113400704395217
0.848231638805883	0.186727991012876	0.470267804432408	0.161828064067671	-0.308439740364737	0.0872887627194375	0.0113065626360353	0.74109489046992	0.266914611732814	-0.474180278737106
0.969106382072694	0.228566793025422	0.538045874274096	0.361980300283858	-0.176065573990238	0.133560011286407	0.00846891323508608	0.661391403304565	0.389532931544603	-0.271858471759963
0.635121638596477	0.130944915795108	0.619032721221263	0.308458671684959	-0.310574049536304	0.0743293113386379	0.00512682546886679	0.6635070037534	0.302212046240223	-0.361294957513177
0.752769040491192	0.208047850732185	0.58913818785084	0.336274635836379	-0.25286355201446	0.0817388935311904	0.0114965201946381	0.600242480087729	0.402589628838304	-0.197652851249425
0.376411969312983	0.0888288785339717	0.584078414791617	0.334785923057868	-0.249292491733749	0.0475930950929823	0.0039032722366003	0.858351388850342	0.437643135017821	-0.420708253832522
0.32185882744699	0.0821681438451978	0.624813358879759	0.283738598065531	-0.341074760814227	0.0330273878084899	0.00332595537049026	0.917774907511989	0.311928050936109	-0.605846856575879
0.337712418584608	0.0877931928000504	0.657626010007236	0.34391802238249	-0.313707987624746	0.032966770130558	0.00432064362345337	0.945354999656837	0.504321440073018	-0.441033559583819
0.296594282451524	0.0950101576812721	0.86486320830996	0.442553229016744	-0.422309979293216	0.0154744107619448	0.00396355278630642	0.981927100034168	0.642162227078679	-0.339764872955489
0.431746766146216	0.105890906070914	0.381107189338646	0.203722710082397	-0.17738447925625	0.037473141860487	0.00357266735560857	0.374117163492272	0.180427431142138	-0.193689732350134
0.285196297350887	0.0898474607766858	0.861081134021923	0.516134695015346	-0.344946439006578	0.014572477891266	0.00335714711091276	0.980162723444654	0.809777253874908	-0.170385469569746
0.361129133220896	0.092900380987354	0.630810902084618	0.397303182990568	-0.233507719094051	0.0401521098115855	0.00450157942636782	0.953530939090003	0.652740108679536	-0.300790830410466
0.38897251695775	0.0765563997077874	0.736446257074479	0.26469766014077	-0.471748596933709	0.0341424245259256	0.00305994123540506	0.970857262106973	0.298759006622411	-0.672098255484562
0.367003457435511	0.0801320082126482	0.721216933522469	0.299142784493314	-0.422074149029155	0.0336494906535571	0.00308673798365424	0.983272815667458	0.331740521270329	-0.65153229439713
0.345091826632493	0.0759647179205058	0.661250734999248	0.293183813896699	-0.368066921102549	0.0360218585650145	0.00304148175251106	0.962012710011103	0.340139607798734	-0.621873102212368
0.329041056775967	0.0706414652807563	0.656259436383634	0.263115084584139	-0.393144351799495	0.0311459364627118	0.00214389562811984	0.936473522692324	0.238930217429176	-0.697543305263148
0.329270582570031	0.0705111535716863	0.611642161433036	0.23850193861326	-0.373140222819776	0.0338538954652286	0.00268326939866426	0.926476060031516	0.259853393762777	-0.66662266626874
0.357304009467103	0.0925591223327793	0.702844655015475	0.337206137415015	-0.36563851760046	0.0331958842193079	0.0042285502039784	0.970003379749036	0.436308901944121	-0.533694477804915
0.445755308747978	0.106100151776548	0.421387514651955	0.190694841602208	-0.230692673049748	0.0312488317215347	0.00450744972749287	0.393964810414195	0.191309940884008	-0.202654869530187
0.625335846564969	0.144636412624375	0.701661863385125	0.323683898242448	-0.377977965142677	0.0435444073026578	0.00590427254645982	0.748837562708483	0.344698560748226	-0.404139001960257
0.316227363882362	0.0764712450657779	0.612219140655133	0.28023263870779	-0.331986501947343	0.0340291751471097	0.00285741794906358	0.92252602782311	0.283340739527289	-0.639185288295821
0.445456538062844	0.0891328656123106	0.338651063013094	0.143347042417919	-0.195304020595175	0.0466389626135423	0.00328783793787518	0.366166645600371	0.121299625859317	-0.244867019741053
0.333710115987563	0.0769285184173902	0.696278248504226	0.294071971868254	-0.402206276635972	0.0297859687860088	0.00318059000938835	0.970753192919223	0.360573313641812	-0.610179879277411
0.426184256259335	0.0697149956634578	0.584197728805307	0.161683109573698	-0.422514619231609	0.0544633591950032	0.00218407969193187	0.916736310564334	0.121828372319746	-0.794907938244588
0.732192206797965	0.152690130074991	0.62044718430969	0.396528969941719	-0.223918214367972	0.0928240241046402	0.00473120185212089	0.714736666494309	0.364214836459428	-0.350521830034882
