LR1_coefficients_null_raster	LR1_coefficients_Elevation_16_k10_R	LR1_R2_null_raster	LR1_R2_Elevation_16_k10_R	LR1_Q_Elevation_16_k10_R	LR2_coefficients_null_raster	LR2_coefficients_Elevation_16_k10_R	LR2_R2_null_raster	LR2_R2_Elevation_16_k10_R	LR2_Q_Elevation_16_k10_R
3.67098489258765	0.691647718475084	0.270035482121975	0.131278036276298	-0.138757445845677	6.3750920999335	0.412849913652535	0.374944696086066	0.192204788894411	-0.182739907191655
3.95371269443091	0.608656743143386	0.262914129818239	0.0820081229649938	-0.180906006853245	7.20288731736758	0.388185081862644	0.380851334809751	0.109378986384603	-0.271472348425148
9.39625524949046	1.64676810330968	0.307248470722147	0.193114719886526	-0.114133750835621	14.7306902966575	0.84992493454522	0.324503001584504	0.21931268621902	-0.105190315365485
4.16369903759008	0.981930551554391	0.429928971918315	0.338753786557682	-0.0911751853606329	6.39000979956392	0.566045837143288	0.652705676071955	0.655645483857631	0.00293980778567615
3.85952656175234	0.709949466615181	0.302597886502472	0.146650893550251	-0.15594699295222	7.14576930312403	0.42811797778887	0.478353584095792	0.224633518742429	-0.253720065353363
9.07028176941756	1.56902742350136	0.694145600118564	0.138183231489517	-0.555962368629047	8.53673582121471	0.79423473663119	0.721864032084411	0.137144887646211	-0.5847191444382
5.21026775079774	0.691076255467164	0.388965363847216	0.128185256371125	-0.260780107476091	11.124358364608	0.427930201016605	0.705426087643632	0.195160234221476	-0.510265853422156
3.9515014796911	0.895928095490394	0.335930359804779	0.245505335187143	-0.0904250246176353	7.37335102434413	0.611734538395013	0.55509498500658	0.487501940576144	-0.0675930444304357
4.47334783371975	0.886739479847775	0.357918697306313	0.18231035371345	-0.175608343592862	7.25339908430228	0.504561525004432	0.509617132053833	0.256979518616639	-0.252637613437194
13.4295088323281	2.30697409265435	0.108687026414229	0.043693315006871	-0.0649937114073577	16.6616133373641	1.02163344762068	0.0958485800039328	0.0405054063168151	-0.0553431736871177
3.94619856758202	0.643417440689292	0.300131486498715	0.121373015722372	-0.178758470776343	7.83081334736643	0.417429298528932	0.499279098251106	0.191687640450853	-0.307591457800254
3.17907442199022	0.718370017476219	0.246245939087114	0.136933107363052	-0.109312831724061	3.79400063567651	0.478143842048692	0.246708001732243	0.222676980674845	-0.024031021057398
8.46230576486455	1.07270116093393	0.193189376306909	0.0479802304956396	-0.145209145811269	9.96512298867348	0.455376998600891	0.165025367721288	0.0394509293584792	-0.125574438362808
3.74317395077557	0.685652313185673	0.29805635167858	0.131750041619321	-0.166306310059259	6.69949456348706	0.462303290819682	0.438776568028465	0.207446370890262	-0.231330197138203
3.47420187612606	0.698083687700833	0.275020145476904	0.134664593263714	-0.140355552213189	6.2243414075217	0.418483360773699	0.412750449142964	0.195962077280632	-0.216788371862332
9.73802762838139	1.60076144032983	0.26407250067868	0.124126189861129	-0.139946310817551	19.4180046153345	0.877719775617986	0.350429417183464	0.147576018434909	-0.202853398748555
4.49704404288131	0.805572241317305	0.310047173679622	0.163098565089491	-0.14694860859013	6.98539187752946	0.490277680376704	0.384431892019027	0.264232445476399	-0.120199446542628
3.64045165515848	0.751151854490112	0.2638634917664	0.153676850713041	-0.110186641053359	5.86561874667036	0.496177889102176	0.347136825905797	0.254085394623419	-0.0930514312823787
4.6118844835961	0.785465275047524	0.353621988840662	0.150387630947633	-0.203234357893029	8.98926745208351	0.543215526363681	0.576073252283377	0.257043954321617	-0.31902929796176
5.43486080992443	1.52479667009031	0.192450986498396	0.158695775375517	-0.0337552111228796	3.27914513668128	0.719557662089683	0.0933788534784691	0.168444630401304	0.0750657769228347
7.42102623948484	1.11940504845244	0.24338871064911	0.0532948984073734	-0.190093812241736	8.53003036146269	0.566174926933088	0.216221649254293	0.0522020523064047	-0.164019596947888
8.59406275317033	1.10277100451006	0.209994984941079	0.0633066240041719	-0.146688360936907	12.0659415484357	0.552847559463731	0.20809542798477	0.0710000446417903	-0.13709538334298
8.46207537434975	1.82327727138294	0.434308089337505	0.291484239652818	-0.142823849684686	13.316339464931	1.09717154950232	0.702707062830706	0.561962365275798	-0.140744697554907
3.8100165747432	0.860983928481489	0.291863757172346	0.173491413636012	-0.118372343536334	5.86589871578548	0.563693195267374	0.393468658246554	0.290338077779986	-0.103130580466567
8.63557951690789	1.09003008037495	0.283869004794943	0.0918033825457514	-0.192065622249192	10.9106536885995	0.330677694239174	0.286642889196863	0.0708209689388983	-0.215821920257964
3.86835524974828	0.691982344754915	0.321224418554595	0.127738052068252	-0.193486366486343	7.15318733465995	0.484259413053616	0.538582328318017	0.21352254563116	-0.325059782686857
10.7588200495768	0.945134697596376	0.275734618581729	0.0402772790435019	-0.235457339538227	19.0241898240725	0.433515767426629	0.3772495576794	0.037158873251908	-0.340090684427492
3.85924033842301	0.932343935706737	0.299852746673729	0.20554715683325	-0.0943055898404795	5.91292349655229	0.560395565969524	0.393024674513462	0.331365584075831	-0.0616590904376305
7.94813635820443	1.46855253355588	0.293153376612679	0.12922120878631	-0.163932167826368	9.62301412505515	0.827797734535307	0.245006726264461	0.150756511031938	-0.0942502152325227
3.93228553737037	0.81910139792864	0.327761719967165	0.211386216440036	-0.116375503527129	7.01130623373088	0.598157213985209	0.543673495557682	0.468595231306616	-0.0750782642510661
4.06108184599847	0.716483352244996	0.283248306344833	0.116225942475661	-0.167022363869172	5.60134175036084	0.370301034913458	0.328737009496024	0.146208876131989	-0.182528133364035
9.47623164049118	2.27794122804753	0.245066297288382	0.165957983642581	-0.0791083136458011	10.8752643947914	1.22197846788014	0.217638853234725	0.230243593089289	0.0126047398545643
3.8334094575657	0.729580229327209	0.287381019177389	0.139917646280019	-0.14746337289737	6.94395387493288	0.447726107621691	0.434023787985526	0.210408401836789	-0.223615386148737
4.40381785365869	0.791414027562272	0.396842386171245	0.165441029874391	-0.231401356296854	7.42634042930054	0.531638251968111	0.623094427026594	0.280327206588632	-0.342767220437962
4.1503930516626	0.686789511241179	0.353508808943779	0.148220324496133	-0.205288484447646	7.74186542245664	0.478216026745901	0.588983927547743	0.2722095293961	-0.316774398151642
3.51960849449689	0.648822762846089	0.258998446610345	0.127034913621045	-0.131963532989301	7.06801384180221	0.440719025824341	0.41320612802241	0.208151741832297	-0.205054386190113
6.49305023305687	1.56998627664308	0.447556155658715	0.2271120895333	-0.220444066125416	3.96415073191484	0.520004524922959	0.360464033555108	0.294330358211034	-0.0661336753440742
4.3467763445285	0.723835481500547	0.323335238774975	0.135203819548349	-0.188131419226626	7.64963462011744	0.491078823298647	0.468299758092187	0.22570267242077	-0.242597085671417
3.79427352273853	0.65888355886298	0.304604683043494	0.146400230031994	-0.158204453011501	6.67101136718313	0.40735428401109	0.442347222308653	0.235134384994498	-0.207212837314155
5.86535094170401	1.19746220935283	0.252189091908059	0.14345059528876	-0.108738496619299	7.65866443759619	0.652109621988796	0.28710803621697	0.172142049474481	-0.114965986742489
3.8015046165884	0.685286307441441	0.304761724743053	0.134706784988689	-0.170054939754364	6.79771886183633	0.45412285814431	0.45378779240239	0.20844786035021	-0.245339932052181
3.82232896004925	0.771517352318561	0.291668749433857	0.165520818286602	-0.126147931147255	5.93326972301338	0.488606873805302	0.379972032823615	0.259164244513318	-0.120807788310296
3.56063059953381	0.986953302685774	0.282657250978422	0.24370623620425	-0.0389510147741723	3.86263394247677	0.602401838848361	0.280475012457426	0.454077496554398	0.173602484096972
4.35135110313872	0.759761717424684	0.34599209529398	0.144282821160738	-0.201709274133242	6.81387963269164	0.512684395516477	0.481813006844028	0.245957003814294	-0.235856003029734
11.4507072045374	0.968573461881282	0.305887624047759	0.0496075018853158	-0.256280122162443	21.1784408619136	0.537046538304542	0.438833294793465	0.0672861978544818	-0.371547096938983
4.00195602746262	0.696020119260913	0.313508206369319	0.128264577591293	-0.185243628778026	6.60548607575589	0.498352484769575	0.442467919938111	0.228929545227437	-0.213538374710674
4.22551531892318	0.81891718055667	0.289523204513269	0.16990919932348	-0.119614005189788	8.2292406357953	0.562822768643789	0.468914094033884	0.318338337945804	-0.150575756088079
3.82679383460636	0.806071000546218	0.275538353332346	0.160519807227097	-0.115018546105249	6.41957862535394	0.578876776705357	0.369983306701148	0.273742843386145	-0.0962404633150032
3.79604941982132	0.745556936745803	0.298811208605973	0.159987377532314	-0.13882383107366	7.26293340826137	0.482385897969592	0.48324978885405	0.26271795475383	-0.22053183410022
4.69439097103107	0.747184574054238	0.354039793855421	0.141641147789655	-0.212398646065767	9.61803486381443	0.52477394059353	0.606180344489299	0.237224937142835	-0.368955407346464
6.50878857666503	1.22595712895904	0.210953896055635	0.106401165954582	-0.104552730101053	11.4611688731748	0.746352361472159	0.285373444359319	0.158400335672455	-0.126973108686864
4.18852091378353	0.692409466168068	0.323642365371407	0.128623155969844	-0.195019209401563	7.9271086227515	0.435985456058112	0.519442370671875	0.199877110931988	-0.319565259739887
3.22117613294553	0.601103963065004	0.244480362254705	0.116636585913337	-0.127843776341368	6.01704428817627	0.396893589141399	0.348932815622343	0.174591407787608	-0.174341407834736
3.45562240216109	0.671530417024644	0.270760485984924	0.133721323051139	-0.137039162933785	5.40265319774192	0.412882815112	0.356600984773636	0.194892582659864	-0.161708402113772
3.16337928419475	0.576309785215098	0.24836642130256	0.129780882082827	-0.118585539219734	5.54575898006239	0.328271941605023	0.342541400466015	0.187584973606911	-0.154956426859103
4.31761720628166	0.637878875168937	0.274940535299355	0.11141046280794	-0.163530072491415	5.46944971417563	0.263626043095124	0.231631723318417	0.0996813367638421	-0.131950386554575
3.85947625296721	0.879816797882255	0.30331193138289	0.199323243271919	-0.103988688110971	7.08452727963044	0.62083699899633	0.472120957034018	0.36541887460421	-0.106702082429808
3.38268030168095	0.722800619829443	0.29012100009993	0.163631403309688	-0.126489596790243	5.88584175355172	0.552991210455691	0.440558071142802	0.321695675447855	-0.118862395694946
4.24762183257708	0.695012633610954	0.309433622304528	0.124034027076025	-0.185399595228503	6.96914989145039	0.461376275564546	0.445364843327888	0.207498375315448	-0.23786646801244
4.22494064845149	0.601249094947425	0.316698281307642	0.109276990750294	-0.207421290557348	7.95232051791738	0.334450194338101	0.491207002636481	0.147243372910104	-0.343963629726377
3.50519118714743	0.73981360756575	0.281974655222633	0.168294072444893	-0.11368058277774	6.07476181830041	0.525332989395376	0.40531014511635	0.305529177197839	-0.0997809679185109
3.40350222169318	0.593751030568098	0.23955096413648	0.102055230894159	-0.137495733242321	6.58540703933171	0.393752568059819	0.363674775064653	0.154165185983186	-0.209509589081467
3.87755148312344	0.697194830977346	0.299953746046503	0.138921854031905	-0.161031892014598	6.85712146074172	0.461903958649636	0.440972632888731	0.227838064626186	-0.213134568262545
8.40730835089016	1.14999349746163	0.38069764505406	0.156635916074	-0.224061728980059	15.2353050744352	0.606506242155042	0.457830343258692	0.167564058124925	-0.290266285133767
5.10688487264309	0.764063653265677	0.388487870186481	0.154452213016135	-0.234035657170346	10.6241847000299	0.498374434219477	0.671466669525312	0.253362658687257	-0.418104010838055
4.17853938655224	0.7487035920318	0.339512158891927	0.145741972668082	-0.193770186223845	6.50732160044254	0.51437154481233	0.459455874717566	0.248648174521782	-0.210807700195783
8.56925214144152	1.65460181811749	0.34006284988311	0.18843590989476	-0.15162693998835	12.7383144223694	0.84005340080414	0.342346773323784	0.197312455005069	-0.145034318318715
4.09233693669473	0.684399060873322	0.327701601840394	0.133795752568944	-0.19390584927145	6.12941107045929	0.40207231223524	0.43675816876551	0.20561798287286	-0.231140185892651
3.47033361578787	0.928936453830642	0.427122482823096	0.261829881257734	-0.165292601565362	4.12809680169314	0.640017016042212	0.667640349579983	0.586033425664885	-0.0816069239150982
9.15291158947712	1.36027191234428	0.254752148253157	0.0983504963481375	-0.15640165190502	12.9792701028176	0.644749246093406	0.266201929662026	0.116441603065258	-0.149760326596768
11.1257648648643	2.03436254009957	0.270376066712706	0.182232106497065	-0.0881439602156401	15.212391202489	1.00395018948539	0.282925220974907	0.206443797313833	-0.076481423661074
4.27554323269607	0.696519721755273	0.371865416999115	0.131171743665192	-0.240693673333923	6.69736826954361	0.427995137010182	0.538132641487652	0.205590786594123	-0.332541854893529
4.36488377053821	0.738608093476973	0.342470534670252	0.149950997881911	-0.192519536788341	7.55102251656981	0.460560860903737	0.501404671858182	0.242398969260858	-0.259005702597323
4.07747323569721	0.839155454161895	0.319070594107788	0.176189994325617	-0.142880599782171	6.02429391354735	0.545215526770969	0.403810696829332	0.293720286284554	-0.110090410544778
7.20829540298039	0.986950629406766	0.35430067354696	0.121152532847063	-0.233148140699897	11.4995911077927	0.544130169075851	0.425255051184481	0.169213239315047	-0.256041811869434
7.81844391820023	1.24047959626755	0.33942672263571	0.170514041980296	-0.168912680655414	11.0761624081786	0.66988518596242	0.34496463189965	0.220624085209294	-0.124340546690356
6.78226592413286	1.79505278012192	0.232116530061482	0.113000226207491	-0.119116303853991	6.20011538401236	1.16831953048752	0.262870552616339	0.219645778970893	-0.0432247736454469
12.2508833265733	2.31519272808915	0.354706667690774	0.213194948570213	-0.141511719120561	19.5604862275033	1.245425470443	0.430966717868133	0.31156581171942	-0.119400906148713
7.09968468877508	1.05078956590429	0.378758024098594	0.125826277566985	-0.252931746531608	10.1405128784175	0.518806493623985	0.373878094226368	0.140713210052697	-0.233164884173671
12.0605307974043	1.1949824517165	0.375560547224046	0.0794509994527873	-0.296109547771258	20.728639884612	0.582460383341084	0.43223984942949	0.082199484828489	-0.350040364601001
4.39649489580083	0.789196834289623	0.305397582532321	0.146313375787076	-0.159084206745245	7.58203967096921	0.512176262635602	0.420297135418494	0.241681641543305	-0.178615493875189
3.32701032275169	0.686347375253331	0.2577034681001	0.133075665516015	-0.124627802584084	4.98424140146405	0.492762423765758	0.317170251315089	0.227552912528476	-0.089617338786613
3.72818214236274	0.788014763600883	0.293272229052014	0.181009059313366	-0.112263169738648	6.54676091054189	0.54810771529478	0.431710319846511	0.326897493892242	-0.104812825954269
3.72287738887557	0.823621071103481	0.384753487863876	0.222124183010267	-0.162629304853609	6.02629675430479	0.570952574871845	0.611661492344372	0.448268266951209	-0.163393225393163
5.63934566593865	1.02613552010919	0.261290598410577	0.108895965768288	-0.152394632642289	6.61524332182724	0.502614055880004	0.240426827324739	0.122997725568544	-0.117429101756195
3.99742052479604	0.795347665807538	0.419041830473509	0.250828311591235	-0.168213518882274	6.29791179572683	0.523581341733467	0.657130515321411	0.540428724795034	-0.116701790526377
3.55221890835887	0.777375971926473	0.277801157913591	0.174489939033524	-0.103311218880068	6.4992197378544	0.584018255581554	0.433098818960502	0.361368289129016	-0.0717305298314863
4.28343955126205	0.62745627278733	0.324551677490368	0.114294822201634	-0.210256855288733	8.13965453956594	0.400773344600976	0.522726159647871	0.18260133829786	-0.340124821350011
3.8154355026107	0.68597432909619	0.298620762977906	0.136702154956558	-0.161918608021349	7.43428001937021	0.481575469957374	0.479109878876416	0.234083628995257	-0.245026249881159
3.68894634213796	0.792606242269207	0.292832010662973	0.176212474105503	-0.11661953655747	5.83228890827275	0.520389421039999	0.385310500486338	0.294933082037606	-0.0903774184487319
3.64632835726516	0.627277226384834	0.304073479585839	0.134469848865876	-0.169603630719963	7.469733165576	0.399723818984487	0.53340454183933	0.219541135109004	-0.313863406730326
3.12399667936536	0.654570895671552	0.227225266204968	0.117572883940213	-0.109652382264755	3.4941523180075	0.369180893361864	0.217456738472661	0.166343652085047	-0.0511130863876135
3.91276331001958	0.761619480096662	0.31146549078791	0.155888521398044	-0.155576969389866	5.98769902084257	0.51514300665933	0.406280476553223	0.266448349451112	-0.139832127102111
5.51244030105392	0.618006251216245	0.23943134119264	0.0598958984316259	-0.179535442761014	8.00849712557446	0.237473269637248	0.25403200096906	0.0456981644235017	-0.208333836545558
11.6027007430782	1.48239754998403	0.483639376497217	0.195540072718378	-0.288099303778839	17.8138707624789	0.727263972552414	0.616134951315389	0.237164503696806	-0.378970447618583
3.42039509386632	0.775937375074333	0.269219977426396	0.160892858805833	-0.108327118620562	6.44734193650703	0.495439335849762	0.411205725835613	0.242093767422426	-0.169111958413188
6.21546398599575	0.622085297186481	0.204248007829326	0.0423513567098416	-0.161896651119485	7.98001443296004	0.231749584548912	0.187869858609449	0.0300544385680488	-0.1578154200414
3.90557432416516	0.711662562894432	0.324396994350607	0.146528909963307	-0.1778680843873	6.3487739378475	0.483279451520129	0.458944641803268	0.258501389748189	-0.200443252055079
4.40117283963153	0.754404098117352	0.280071258749273	0.0983945861137099	-0.181676672635563	6.80061230675974	0.489303673820382	0.372825294913913	0.144969459623044	-0.227855835290869
8.0109425374442	1.3056078291247	0.315761838771647	0.167803816917383	-0.147958021854263	10.5480637542185	0.638421444880408	0.297755483777727	0.207137879488961	-0.0906176042887661
