LR_coefficients_null_raster	LR_coefficients_Elevation_16_k10_R	LR_R2_null_raster	LR_R2_Elevation_16_k10_R	LR_Q_Elevation_16_k10_R
7.59817613662197	5.53785845739186	0.219273508678986	0.0964681153523538	-0.122805393326632
7.50264276990872	5.35665886882555	0.208851478763373	0.0881717856917502	-0.120679693071622
7.44104957327461	5.15164137051876	0.211057033730421	0.0837828863335184	-0.127274147396903
7.42801697265593	5.16260758609461	0.205249136508797	0.0821119627692489	-0.123137173739549
7.49276714375161	5.34559959013333	0.215867183153531	0.0909971187600845	-0.124870064393446
7.39341498485625	5.03378365856684	0.209245659513981	0.0803318971200595	-0.128913762393922
7.45924711771721	5.36006688459808	0.212277023652081	0.0907791384089805	-0.1214978852431
7.49397343222459	5.45105850708843	0.213393221897043	0.0935084048218194	-0.119884817075224
7.62677284920566	5.68202585426787	0.221539255341481	0.101837591148272	-0.119701664193209
7.4021210804835	5.12085051446993	0.209133023271527	0.082894760635034	-0.126238262636493
7.52475506016172	5.29866259461067	0.213049574200415	0.0874905417089321	-0.125559032491483
8.223851365628	5.72165037667266	0.195871152916733	0.0785227040774874	-0.117348448839246
7.5067010009831	5.2950604806481	0.212765676262721	0.087675413248103	-0.125090263014618
7.68375287084631	5.32400991914	0.222609154934956	0.0885129051246126	-0.134096249810343
7.37699956165191	5.00067121466441	0.207096820620941	0.078813961637868	-0.128282858983073
7.40051300282253	5.04597565509603	0.208336864785825	0.0802168147625922	-0.128120050023233
7.4691782617757	5.14026224888312	0.214170473940489	0.0840073221103099	-0.130163151830179
7.48628626752951	5.26715290703666	0.212475756166636	0.0871085962122146	-0.125367159954422
7.471089714072	5.20312111615428	0.213482573692357	0.0857541283029053	-0.127728445389452
7.45588347183575	5.26744111067204	0.21202540449527	0.0876438998278966	-0.124381504667374
7.47676302332644	5.18675111992253	0.21507411149781	0.0857204344737385	-0.129353677024072
7.39849241233481	5.10719316695054	0.206980115303992	0.081684445773495	-0.125295669530497
7.50173764939718	5.42222434675906	0.214791673252653	0.0929354276866303	-0.121856245566023
7.56472700121668	5.08452500775895	0.218186435711878	0.081634670270344	-0.136551765441534
7.39880001399422	5.31979782173333	0.210666007961741	0.0901975584669719	-0.120468449494769
7.47371013272504	5.08260872553688	0.214960399394139	0.0823364153412637	-0.132623984052875
7.4979031951475	5.34552357623358	0.211132591032963	0.088876871161957	-0.122255719871006
7.51985201243427	5.21364479226884	0.21686675208606	0.0863355986732996	-0.130531153412761
7.45575916148337	5.20105183048759	0.212916326112169	0.0858104589194944	-0.127105867192674
7.31749842372006	4.89856743535881	0.205250513044829	0.0761780405390834	-0.129072472505746
7.73758832362981	5.17009660232663	0.229068659593507	0.0847001911524477	-0.144368468441059
7.53993050485073	5.43910195855599	0.21690670535237	0.0934814264513156	-0.123425278901054
7.406000329842	5.04420272051668	0.210865654221613	0.0810132577666604	-0.129852396454953
7.42609901769356	5.19746893600896	0.209106247876018	0.0848324445010455	-0.124273803374972
7.30034242556286	5.01475561190323	0.20469872577829	0.0799946351081208	-0.124704090670169
7.46985829521037	5.33928541233242	0.212089394384609	0.0897414615203629	-0.122347932864246
7.89940512393012	5.57951568295312	0.232047957578428	0.0958770404980279	-0.1361709170804
7.36698132757749	4.99438574857963	0.207459205080252	0.0789678612344146	-0.128491343845837
7.46204926701924	5.24835372447141	0.208604552220872	0.0854646250465092	-0.123139927174363
7.48146018067248	5.0919245639286	0.210675292012362	0.0808234580934382	-0.129851833918924
7.8122000944953	5.76831495222326	0.227934837327817	0.102918763480956	-0.12501607384686
7.46415939504307	5.28386383374001	0.210127545085185	0.0872081452745873	-0.122919399810597
7.43254974197546	5.4120233759391	0.210444132949387	0.0924087594912756	-0.118035373458111
7.64989248872117	5.40106983552261	0.223541047248492	0.0922866417209118	-0.13125440552758
7.57203795769492	5.54303647085227	0.216131182461686	0.0959223866743253	-0.120208795787361
7.49685410407235	5.2599861027734	0.215056955725576	0.0876793270797083	-0.127377628645868
7.59048876949541	5.3345061216394	0.220651172496693	0.0902584414977593	-0.130392730998934
7.24877249349347	5.00407553747898	0.20015930930571	0.0790000211687132	-0.121159288136997
7.47838004044827	5.16968802208551	0.211456612889172	0.0836888341559071	-0.127767778733265
7.45019346617138	5.09423947265516	0.211671101819767	0.0819629953913946	-0.129708106428372
7.46011780205442	5.30230019144822	0.211396638972228	0.0884439173320883	-0.12295272164014
7.48991394721896	5.1252587050574	0.212796381593687	0.082522961630309	-0.130273419963378
7.50712349507051	5.39052627771192	0.21293605762345	0.0909278794026036	-0.122008178220846
7.62459845648839	5.40771929137134	0.222487267041958	0.0926898386810372	-0.12979742836092
7.6052306194479	5.45782394354644	0.217753958993018	0.0928780240134515	-0.124875934979567
7.62815331791755	5.27825815877621	0.217948185786042	0.0864227986519627	-0.13152538713408
7.53286813743892	5.32363293558191	0.212395013486665	0.0878562033446889	-0.124538810141977
7.48734651511643	5.16417377256875	0.214621802985904	0.0845575337974974	-0.130064269188406
7.35340942460833	5.11271631043687	0.20910742379396	0.0837197624200462	-0.125387661373914
7.66041244785895	5.57674412104587	0.222896134264792	0.0978345620355191	-0.125061572229273
7.56850072600249	5.36646936802269	0.217628980687367	0.0906164329880364	-0.12701254769933
7.44167680189366	5.21676624122166	0.210321292563607	0.0856006428461764	-0.12472064971743
7.37094760664539	5.11584311622863	0.208217279850058	0.0830686581009831	-0.125148621749075
7.47357110260579	5.20160431622384	0.212702547397563	0.085334296783894	-0.127368250613669
7.49749211260938	5.22842827384882	0.214114616851067	0.0862361241569607	-0.127878492694106
7.43580652229879	5.06649935633712	0.209821198821183	0.0806755295442424	-0.129145669276941
7.41157778720686	5.1245492116026	0.210881851557378	0.0834952634177093	-0.127386588139669
7.4111265622384	5.22280652962005	0.208018564809345	0.0855606650795086	-0.122457899729837
7.37269542780212	5.05602871455038	0.207244544785377	0.0807201989838573	-0.12652434580152
7.36186216771945	5.0141597855407	0.208002678037422	0.0799139394597652	-0.128088738577657
7.32299451990325	5.21818694760149	0.206270227953146	0.0867423208171425	-0.119527907136004
7.45715800784521	5.12101813421674	0.211634773776518	0.082658135382814	-0.128976638393704
7.41371241715966	5.17746339422385	0.210071753191797	0.0848521599938232	-0.125219593197974
7.88588648328929	6.02370342383314	0.227692222428448	0.110028946700959	-0.117663275727489
7.45494680848158	5.07843283216508	0.203477736994332	0.0782023610838388	-0.125275375910493
7.75025487456781	5.68682933616322	0.224761389734938	0.100221931474007	-0.124539458260931
7.52480857220424	5.15420119869813	0.2110394744164	0.0820027012350192	-0.129036773181381
7.38470146536669	5.104722494752	0.208608994598653	0.0825551285944908	-0.126053866004162
7.46284169796394	5.26942550658365	0.211672489013142	0.0874007451743747	-0.124271743838768
7.79104183396294	5.61784563147363	0.22738735541658	0.0979146058412412	-0.129472749575339
7.43362518076898	5.11757435390824	0.211136069327747	0.082874720230201	-0.128261349097546
7.38474292793952	5.11151953576585	0.20791641440636	0.0824993834408966	-0.125417030965464
7.40514507081414	5.1387692449436	0.206879820702488	0.0825091020549849	-0.124370718647503
7.39973963497208	5.04179309183572	0.204659220342816	0.0786866605073111	-0.125972559835504
7.36387832152807	5.102292113979	0.202449137428648	0.0804944616853614	-0.121954675743287
7.38630555559168	5.09542431552091	0.204522658085315	0.080608388492692	-0.123914269592623
7.44079083668953	5.15257207683084	0.213971199244514	0.0849763197132556	-0.128994879531259
7.37179852947311	5.26450790326615	0.207426312495165	0.0876123107567225	-0.119814001738442
7.45352874738473	5.1743337902895	0.20967518312696	0.0836882893547475	-0.125986893772212
8.46943133980135	6.01106674573664	0.261043478566292	0.108903060414915	-0.152140418151377
7.46021975260909	5.07680792907424	0.208318068630302	0.0798983488906522	-0.12841971973965
7.45328133038678	5.2891517933207	0.211357119067999	0.088150859875091	-0.123206259192908
7.86776415395985	5.62482930034189	0.232996229794098	0.0986273947327908	-0.134368835061308
7.27680434669005	5.07613552661714	0.203922822641844	0.0821832845242958	-0.121739538117548
7.48294490502223	5.31437527858727	0.212353221927773	0.0887055589696814	-0.123647662958092
7.61795711557977	5.42868096093832	0.218638915856833	0.0919542265563756	-0.126684689300458
7.40905800474752	5.1913199692641	0.207120540576231	0.0842142171051372	-0.122906323471094
7.48275037624261	5.05215999746268	0.213938740220453	0.0807706820098703	-0.133168058210583
7.42606923865487	5.25804606093794	0.209573022744249	0.0870159369207007	-0.122557085823548
7.77042215332663	5.78741676434321	0.223019497062234	0.102460332132373	-0.120559164929861
