LR1_coefficients_null_raster	LR1_coefficients_Elevation_16_k10_R	LR1_R2_null_raster	LR1_R2_Elevation_16_k10_R	LR1_Q_Elevation_16_k10_R	LR2_coefficients_null_raster	LR2_coefficients_Elevation_16_k10_R	LR2_R2_null_raster	LR2_R2_Elevation_16_k10_R	LR2_Q_Elevation_16_k10_R
0.0998837013997128	0.0378612141786811	0.0682484657880352	0.0920874807312025	0.0238390149431673	0.012568873440854	0.00156986715313646	0.0390648563669291	0.0440546886068661	0.00498983223993701
0.116859261144053	0.0518619204413685	0.0899674577644696	0.143539150974751	0.0535716932102814	0.0110514517499541	0.00253629363355757	0.0386708993121316	0.0813864180063884	0.0427155186942568
0.113707493016878	0.0474362439576579	0.0938105531035682	0.168051552896551	0.074240999792983	0.0157336708703381	0.00208521689961936	0.068509985613702	0.120565461314794	0.0520554757010924
0.0828661998920975	0.0382868122392698	0.0601441074263539	0.103643402217541	0.0434992947911869	0.00534427324136267	0.00147849242353832	0.0217596647808203	0.057116134728782	0.0353564699479617
0.14732812528856	0.0649447244004918	0.144809535593197	0.224958222464467	0.0801486868712707	0.0156513321050744	0.0040839323921211	0.0691164143672517	0.178923679144517	0.109807264777265
0.116156416512963	0.0509017742416236	0.0972511624277958	0.153176719630388	0.0559255572025922	0.010862837472363	0.00255760811909123	0.0440720884257987	0.0986458241283427	0.054573735702544
0.114086585101414	0.0429172685412334	0.10417603276849	0.140493930305792	0.0363178975373022	0.0133420861250345	0.00155582099157485	0.0629278863632111	0.0806523397931148	0.0177244534299038
0.135516727075855	0.0576991195849189	0.109754827541417	0.174838680203097	0.0650838526616796	0.0172142213270115	0.00330139375690968	0.0585498329399019	0.117231196004707	0.0586813630648047
0.104219274580289	0.0480029836604941	0.0701375666749794	0.123126622978084	0.0529890563031046	0.0127019011982688	0.00291856160001964	0.0398495213266607	0.0919404882730436	0.0520909669463829
0.0942252471083139	0.0420320851618644	0.0542114098215086	0.0962039161358648	0.0419925063143562	0.00943459668442411	0.00170939890584728	0.0190390075379307	0.0416079192217012	0.0225689116837705
0.12369340147906	0.0494773378012955	0.0898670655746774	0.143211525124254	0.0533444595495767	0.015084321574746	0.00260690095840736	0.048119151121988	0.0977524117043173	0.0496332605823293
0.14162787119537	0.0513895377166868	0.134411205919694	0.174325046937372	0.0399138410176783	0.0183107202500411	0.00230637351827916	0.0789441376079481	0.103420887371676	0.0244767497637274
0.125856951941798	0.0498119385921707	0.0990765671828504	0.13491768147061	0.03584111428776	0.0176633419005791	0.00221725647521559	0.066600208190574	0.0655883512560174	-0.0010118569345566
0.104959519995286	0.0418960911219442	0.0731844746841045	0.103948593459093	0.0307641187749884	0.0150057185668046	0.00227966709929488	0.0441595702398479	0.0672565511283217	0.0230969808884738
0.130690008190573	0.0588005076766183	0.0995033938008757	0.175828340696541	0.0763249468956654	0.0132448712738118	0.00329716590575977	0.0405406700358011	0.107668211488775	0.0671275414529735
0.126201977142683	0.0493737935090557	0.105248776470627	0.149322668938796	0.0440738924681684	0.0135721713130438	0.00222807848214937	0.0515335797392428	0.0869745113985442	0.0354409316593014
0.124491336240603	0.0530040221176408	0.105627300530848	0.179507686950918	0.0738803864200696	0.0138033334004027	0.00248756889863249	0.0521978976565401	0.114708331602916	0.0625104339463763
0.0928971080944971	0.0450482686185469	0.0671505204883026	0.127998352880977	0.0608478323926743	0.00751684377439549	0.0023391754098834	0.0197881069233342	0.0750363343623251	0.055248227438991
0.119276923356033	0.0456900389471723	0.0983675133654322	0.124697361342655	0.0263298479772232	0.0115533123462826	0.00190406006940323	0.0450246286804352	0.0613857012972829	0.0163610726168476
0.133020563591972	0.0486251347425391	0.125058593438724	0.164664243166489	0.0396056497277644	0.0153651634219338	0.00182427984094572	0.0648706116045758	0.0760669164324676	0.0111963048278919
0.118393169591617	0.03861749005573	0.0968588951689804	0.115263662602532	0.0184047674335516	0.0131464742418591	0.00152262491230036	0.0489476882947851	0.0637372341213923	0.0147895458266072
0.11453672696099	0.0464900912182068	0.0838783996345436	0.123622164674052	0.0397437650395079	0.0151215046917092	0.00223606978100546	0.0457870213689911	0.0727444939675575	0.0269574725985664
0.16328405616889	0.0668481773953346	0.163678450067687	0.250956148843148	0.0872776987754607	0.0205869675351916	0.00405603276961869	0.0805644839362032	0.183468110111458	0.102903626175255
0.121185602728112	0.0470301783407819	0.107190891837088	0.146505726423654	0.0393148345865664	0.0164133867848313	0.00244344431588981	0.0859053220652321	0.122775693474667	0.0368703714094348
0.139912962943073	0.0527004756860369	0.128335513530691	0.180703314850075	0.0523678013193843	0.0184207282689151	0.00292818828042593	0.0708077415916561	0.135154123707864	0.0643463821162078
0.11195721720825	0.0433209803348343	0.0761328660304049	0.117259642709061	0.0411267766786561	0.016186437998157	0.00177268894232655	0.0448344349734088	0.0641436108116733	0.0193091758382645
0.145816384160528	0.0543153439230952	0.117546392891007	0.173282091428435	0.0557356985374279	0.020375639982465	0.0029970998001962	0.0684535253396514	0.127413468757621	0.05895994341797
0.1178049118506	0.0504432125887847	0.0897323336558743	0.156961689997855	0.0672293563419807	0.0118768328589807	0.00249667212043369	0.0333228802397911	0.10352197777892	0.0701990975391293
0.148946912771912	0.0555240323304229	0.158035072280484	0.219234719917358	0.0611996476368745	0.0195024457837554	0.00255724217113538	0.0915454689683749	0.144999953983097	0.053454485014722
0.113007240166285	0.0501516482034845	0.0877445123320812	0.171973136685811	0.0842286243537296	0.0124118453354621	0.00228727663626544	0.0363472397015673	0.0983819964126893	0.0620347567111221
0.110489570368046	0.0470587664367166	0.0834042767526233	0.144007896322206	0.0606036195695823	0.0106974497432095	0.00211259643611384	0.0322532847661579	0.0799732585342376	0.0477199737680797
0.112415032281069	0.0520313567504624	0.0801781830491509	0.143378476638889	0.0632002935897383	0.0144945093574369	0.00312723347264439	0.040958277331132	0.102962238708335	0.0620039613772027
0.136851974608613	0.0536428886919059	0.131747367087604	0.175874281130251	0.0441269140426478	0.0125005138094066	0.00208302589177996	0.0507301107648599	0.0764896306801216	0.0257595199152617
0.130847882065457	0.0578129239780673	0.121908397252655	0.183856893532283	0.0619484962796281	0.0159899720021235	0.0025747098540279	0.0785801775008045	0.104747560258153	0.0261673827573485
-0.00401903169005002	-0.00540074955351908	0.000956010135721295	0.00940282809430375	0.00844681795858246	-0.000112861818653908	-8.12510999996825e-05	0.000170560410206589	0.00313990848805631	0.00296934807784972
0.123787267943983	0.055956555353075	0.100402417387937	0.181687334822019	0.0812849174340813	0.0147679931976988	0.00290308999410041	0.0534889247690546	0.118597899427418	0.0651089746583631
0.152743966802508	0.0685459012164556	0.160680477063763	0.274149256821127	0.113468779757364	0.0173222472010649	0.00342591580410806	0.0759101097979992	0.179396608697189	0.10348649889919
0.110731269451594	0.0492419132594241	0.106639293588155	0.161160897052484	0.0545216034643292	0.0103071512005492	0.00265731894815445	0.0660812278663691	0.142534115384578	0.0764528875182086
0.126038927560546	0.0559615660698168	0.10360345893351	0.18016869224646	0.0765652333129505	0.012986059346877	0.00280690380596483	0.0455906594731576	0.109293615890519	0.063702956417361
0.113315276038034	0.0527303808786572	0.0820362835623153	0.158683859292112	0.0766475757297966	0.011289542222726	0.00276148859406857	0.0288839140217575	0.0970232013448328	0.0681392873230753
0.10091512197261	0.0391735644945684	0.0732633384313783	0.100244427751851	0.0269810893204722	0.0107962451612826	0.00124342022458862	0.0377549292993102	0.0351028401986834	-0.00265208910062676
0.102517018184058	0.0478830822841396	0.058925996455232	0.120662559269717	0.0617365628144846	0.0129823997612685	0.00257012417398223	0.0272326123413384	0.0708146630385805	0.043582050697242
0.131675102568809	0.0542146100885364	0.0958144938295124	0.159374811903889	0.0635603180743766	0.0171550091438993	0.0029780118514325	0.0478694159861211	0.0952957533247997	0.0474263373386786
0.116172240453958	0.0452874465913952	0.0929034326052633	0.133507751528709	0.040604318923446	0.0139829754687301	0.00181970746672271	0.0461859345212809	0.0693390771418911	0.0231531426206102
0.118533168432342	0.0492223091653226	0.102602491430884	0.138465911785667	0.0358634203547826	0.0138073096906942	0.00254297382964042	0.0574132561389385	0.0821267186816843	0.0247134625427458
0.126671515573111	0.0489033950759335	0.107243160052481	0.156301412394789	0.049058252342308	0.0168012958998441	0.00245429961817847	0.0660617466585357	0.118789098700049	0.0527273520415133
0.137808711206101	0.0607436109834124	0.108455947726458	0.181634642713977	0.073178694987519	0.0192835426182844	0.00347253310039497	0.0588908038832395	0.111887708407992	0.0529969045247527
0.116148315449441	0.054814073969715	0.0937536153241576	0.17439802408487	0.0806444087607129	0.00978482578498444	0.00316913915401521	0.0342663283345847	0.125737022816432	0.0914706944818477
0.15225545018773	0.0598497447015197	0.134500904149695	0.208768711465407	0.0742678073157119	0.0186822454907827	0.00339916470199431	0.0665795424772572	0.162084679415856	0.0955051369385993
0.105794280554092	0.0410571803713316	0.0760037706286826	0.0951308000348331	0.0191270294061505	0.0113849051286925	0.00210791594899265	0.0437611279544473	0.0655164963954334	0.0217553684409861
0.139230238508073	0.052735378658031	0.123526143181214	0.19784766453793	0.0743215213567166	0.0176624020040837	0.00265649618714824	0.0642814495407288	0.137608802388873	0.0733273528481446
0.159687286152702	0.057580388534914	0.158240235535882	0.2259928333986	0.0677525978627182	0.0209122330582432	0.0026041793013785	0.0865598232137422	0.140160406255028	0.0536005830412856
0.122099271476936	0.047680483705413	0.0948288346047346	0.150047233382725	0.0552183987779905	0.0160442197776953	0.00221983609011771	0.0492076161743913	0.0914201815153996	0.0422125653410083
0.13509352262636	0.0612536076642763	0.106705599705099	0.186004028295434	0.0792984285903346	0.0157992464606981	0.00353719776380209	0.047817720718094	0.126760473070176	0.0789427523520821
0.124028338644376	0.052737971056517	0.104848004258529	0.179188105890404	0.0743401016318745	0.0131833846317006	0.00207447387961453	0.0469860147216998	0.0924844072003409	0.0454983924786411
0.147530945838942	0.0572941798017948	0.127793486501138	0.189649423208358	0.0618559367072204	0.0212889065358747	0.00288204421958977	0.0740050852298549	0.12888266766097	0.0548775824311155
0.121126358893466	0.0533683737511364	0.0909045230502871	0.151963939413343	0.061059416363056	0.01295532404629	0.00267291600650673	0.0417819462706093	0.0889559912620764	0.0471740449914671
0.138951669026226	0.058956370807204	0.122112935633976	0.194673649429385	0.0725607137954085	0.0188904454789097	0.00313971627600111	0.0718479670003682	0.143901020635776	0.072053053635408
0.136868059534529	0.0540431514124813	0.122363207102128	0.168846662550769	0.0464834554486409	0.0194794145776695	0.00317725483144476	0.0850355463046112	0.136044957023196	0.0510094107185851
0.103590259367719	0.0465769273793545	0.0781723490860779	0.133977603904489	0.0558052548184114	0.0122827872802719	0.00238988261821066	0.0427579258944192	0.084589472435381	0.0418315465409617
0.1473320776719	0.0585316291057533	0.119300751438654	0.173305895610555	0.0540051441719007	0.0190190365073137	0.00302948132788323	0.058257359392705	0.096940671329081	0.0386833119363759
0.107592570393111	0.0412288866299768	0.0879215947249589	0.112585853956095	0.0246642592311366	0.0117445270699006	0.00197374141873927	0.0463964085574062	0.0684708024224635	0.0220743938650573
0.1393522432877	0.0551371676296745	0.127748937126538	0.177363828516779	0.0496148913902413	0.0161209018611062	0.00255588727315354	0.0678164718449983	0.103422319832374	0.0356058479873761
0.141211690261317	0.0528953245288647	0.135208796432417	0.195826326784073	0.0606175303516557	0.0157854847877325	0.00270017175761011	0.0699049711616199	0.145892516266359	0.075987545104739
0.117755665337009	0.0535696503698965	0.0874417760212484	0.158410014442884	0.070968238421636	0.0133125899716398	0.00263945737510811	0.0367058381234494	0.0882248276931007	0.0515189895696512
0.139220708269261	0.0575784927324234	0.122857659264677	0.208498688312722	0.0856410290480453	0.016555077148181	0.00311556814487286	0.0589441543174779	0.143100046410841	0.0841558920933627
0.122755801776085	0.0447947519883214	0.10381858182308	0.134314644277527	0.0304960624544473	0.013905817607807	0.00198781645352415	0.0528878640944879	0.0786089756636257	0.0257211115691378
0.144671444838696	0.0589847851453548	0.133296597015455	0.191005351359783	0.0577087543443285	0.0182206366830185	0.00329471838070971	0.0838668864846107	0.139589850251941	0.0557229637673303
0.140725198070523	0.0572007073870122	0.124988538263938	0.204575779014513	0.0795872407505751	0.0151122779209481	0.00300040008882487	0.055410437429972	0.130549725661449	0.0751392882314765
0.144636420005942	0.0525397754907261	0.156284644820287	0.21016908181516	0.0538844369948725	0.018660182172462	0.00221148896630724	0.0989424624750041	0.142076112850803	0.0431336503757988
0.10716977374275	0.0430235992026967	0.0750786963306541	0.110066745554108	0.0349880492234541	0.0116415764699662	0.00239490838320035	0.0341467534787932	0.065685533312701	0.0315387798339078
0.130980557569117	0.0507309296642151	0.10267901245937	0.154281109223842	0.0516020967644727	0.0180209556470052	0.00257573071717978	0.0529022610372081	0.0982472605215245	0.0453449994843164
0.108389684883189	0.045430020973362	0.073343179418313	0.115640336408362	0.0422971569900494	0.0139686069509216	0.00229608235833417	0.0425944197092898	0.0741927507418784	0.0315983310325887
0.15977682285575	0.0640514706494548	0.170210709891637	0.248871815005724	0.0786611051140866	0.0184558228138426	0.00367924043114313	0.0786882441133763	0.165865278250609	0.0871770341372324
0.128162606555609	0.0510092752150411	0.108464171061254	0.171963380695667	0.0634992096344132	0.0164199652932558	0.00202314560150587	0.0609345232083914	0.0936612835258539	0.0327267603174625
0.142238874333621	0.0458793960634553	0.133950669315971	0.160001175653327	0.026050506337356	0.017838085840934	0.0019899714101578	0.0805853260552169	0.112103161049758	0.0315178349945409
0.125821002573543	0.0559745282358543	0.105719638315166	0.186201211460947	0.0804815731457808	0.0119483730486151	0.00266532231837197	0.0444738930404633	0.108965905029416	0.0644920119889526
0.149838996498151	0.0576738360793682	0.163399641285821	0.231355080479547	0.0679554391937264	0.0181966541637108	0.00238765847736884	0.0962428262860787	0.134860052732338	0.0386172264462591
0.123410616950148	0.050543385670652	0.0892734501122565	0.134335690447454	0.0450622403351972	0.0166993395750947	0.00267869089226005	0.0502404476099196	0.0825858314512889	0.0323453838413693
0.131834095897309	0.055535797481891	0.117262422555406	0.195532316741669	0.078269894186263	0.0174957267378383	0.00269892936598745	0.0744225781751822	0.124295945884333	0.0498733677091509
0.127949756891216	0.0563477882875225	0.118273121198202	0.196290531171198	0.0780174099729954	0.0104354022266298	0.00265795143923097	0.04408671631406	0.11941559292658	0.0753288766125205
0.151753401359475	0.0547168783729801	0.143150030928553	0.189437134892569	0.0462871039640161	0.0192294674596618	0.00243829457081788	0.0744938983364619	0.105071908050983	0.0305780097145215
0.154409206676902	0.0603806056836498	0.140191823726535	0.19993776691353	0.0597459431869949	0.0185455242652707	0.00318500183212604	0.0719528681403067	0.134309510964314	0.0623566428240077
0.137646039006253	0.0529759275044298	0.130491971806616	0.18847383125429	0.0579818594476736	0.0141365707956638	0.00215870072885423	0.0592171316892043	0.097837346623891	0.0386202149346866
0.117218938268117	0.044764170513361	0.102976394037871	0.141663184846904	0.0386867908090331	0.0127188456248984	0.00148743755431424	0.0577476047318085	0.0703073200336232	0.0125597153018148
0.151129238787546	0.0615749166462093	0.144407407639699	0.218289363036903	0.073881955397204	0.0190211483906271	0.00294407303777514	0.0794781322422546	0.137363388435798	0.0578852561935437
0.14348819239904	0.0522958259722117	0.128076593250264	0.164244719640694	0.0361681263904299	0.0167459540189243	0.00240084080280358	0.0666017931043038	0.0889695216052479	0.0223677285009442
0.138246670703945	0.0557301946044582	0.157702786987791	0.239285011477535	0.0815822244897442	0.0162280829496423	0.00254839133121248	0.0970114081358637	0.166649391903495	0.0696379837676316
0.138055359845596	0.0557183594697472	0.123611147664289	0.173777600825049	0.0501664531607603	0.017736820301886	0.00325390083949723	0.0743700507950189	0.130887170078023	0.056517119283004
0.131258730068647	0.0486507247233851	0.103258276941482	0.143912088664393	0.0406538117229112	0.018581777734532	0.00219882868575612	0.0599624891863545	0.0781130361857542	0.0181505469993997
0.130138649264512	0.0583937940110443	0.102823283492297	0.175809277562835	0.0729859940705373	0.0138479140905693	0.0028036170318308	0.0448425083676936	0.0986466319372736	0.0538041235695799
0.117774361565284	0.0379825589960957	0.0912145611496985	0.0923805403566121	0.00116597920691361	0.0175575959622986	0.00169824914489171	0.0641855793474057	0.0418019943217373	-0.0223835850256683
0.111611073086303	0.0514084749579743	0.0903246936219808	0.156283293179979	0.0659585995579983	0.013345900585551	0.00274624896062383	0.0548979435960481	0.104556081413158	0.04965813781711
0.00372765702250549	0.00117296807990692	0.000714961785933624	0.000414927115936665	-0.00030003466999696	0.000182334536860431	2.81748261536422e-05	0.000347687452546208	0.000355668542588603	7.98109004239482e-06
0.109009936787276	0.0474154484727588	0.081439160186199	0.131836331336599	0.0503971711504001	0.0122362765953546	0.00226043768989849	0.0427997664340088	0.0750163149879903	0.0322165485539815
0.122790496660566	0.049990007667049	0.0964357724952898	0.14679931144171	0.0503635389464205	0.0182532713447536	0.00313115131713149	0.0700250011471212	0.129370651086977	0.0593456499398557
0.131332835783926	0.0544421722707562	0.10873841338622	0.168281574356525	0.0595431609703051	0.0172032028491064	0.00296808177088455	0.0591410030616938	0.11067633885282	0.0515353357911265
0.119632945561106	0.050171335358462	0.0910986589877836	0.164046862875673	0.0729482038878895	0.016012325965355	0.00238406401632019	0.0514244100499022	0.110217196442886	0.0587927863929834
0.113266149772077	0.0403448987631264	0.0876153430175065	0.109412338972105	0.0217969959545989	0.0153731292758269	0.00168948244649733	0.0564796353076424	0.0574976370404946	0.00101800173285227
0.120444401354378	0.0457928975654159	0.0926332914221777	0.136476934838607	0.043843643416429	0.0158514214594554	0.00230034517702048	0.0501172784271064	0.0882034536402086	0.0380861752131022
