Pearson_correlation_null_raster	Pearson_correlation_Elevation_16_k10_R	Pearson_correlation_difference_Elevation_16_k10_R
0.206638892277211	0.231018795319585	0.0243799030423743
0.206638892277211	0.231018795319585	0.0243799030423743
0.206638892277211	0.231018795319585	0.0243799030423743
0.206638892277211	0.231018795319585	0.0243799030423743
0.206638892277211	0.231018795319585	0.0243799030423743
0.206638892277211	0.231018795319585	0.0243799030423743
0.206638892277211	0.231018795319585	0.0243799030423743
0.206638892277211	0.231018795319585	0.0243799030423743
0.206638892277211	0.231018795319585	0.0243799030423743
0.206638892277211	0.231018795319585	0.0243799030423743
0.206638892277211	0.231018795319585	0.0243799030423743
0.206638892277211	0.231018795319585	0.0243799030423743
0.206638892277211	0.231018795319585	0.0243799030423743
0.206638892277211	0.231018795319585	0.0243799030423743
0.206638892277211	0.231018795319585	0.0243799030423743
0.206638892277211	0.231018795319585	0.0243799030423743
0.206638892277211	0.231018795319585	0.0243799030423743
0.206638892277211	0.231018795319585	0.0243799030423743
0.206638892277211	0.231018795319585	0.0243799030423743
0.206638892277211	0.231018795319585	0.0243799030423743
0.206638892277211	0.231018795319585	0.0243799030423743
0.206638892277211	0.231018795319585	0.0243799030423743
0.206638892277211	0.231018795319585	0.0243799030423743
0.206638892277211	0.231018795319585	0.0243799030423743
0.206638892277211	0.231018795319585	0.0243799030423743
0.206638892277211	0.231018795319585	0.0243799030423743
0.206638892277211	0.231018795319585	0.0243799030423743
0.206638892277211	0.231018795319585	0.0243799030423743
0.206638892277211	0.231018795319585	0.0243799030423743
0.206638892277211	0.231018795319585	0.0243799030423743
0.206638892277211	0.231018795319585	0.0243799030423743
0.206638892277211	0.231018795319585	0.0243799030423743
0.206638892277211	0.231018795319585	0.0243799030423743
0.206638892277211	0.231018795319585	0.0243799030423743
0.206638892277211	0.231018795319585	0.0243799030423743
0.206638892277211	0.231018795319585	0.0243799030423743
0.206638892277211	0.231018795319585	0.0243799030423743
0.206638892277211	0.231018795319585	0.0243799030423743
0.206638892277211	0.231018795319585	0.0243799030423743
0.206638892277211	0.231018795319585	0.0243799030423743
0.206638892277211	0.231018795319585	0.0243799030423743
0.206638892277211	0.231018795319585	0.0243799030423743
0.206638892277211	0.231018795319585	0.0243799030423743
0.206638892277211	0.231018795319585	0.0243799030423743
0.206638892277211	0.231018795319585	0.0243799030423743
0.206638892277211	0.231018795319585	0.0243799030423743
0.206638892277211	0.231018795319585	0.0243799030423743
0.206638892277211	0.231018795319585	0.0243799030423743
0.206638892277211	0.231018795319585	0.0243799030423743
0.206638892277211	0.231018795319585	0.0243799030423743
0.206638892277211	0.231018795319585	0.0243799030423743
0.206638892277211	0.231018795319585	0.0243799030423743
0.206638892277211	0.231018795319585	0.0243799030423743
0.206638892277211	0.231018795319585	0.0243799030423743
0.206638892277211	0.231018795319585	0.0243799030423743
0.206638892277211	0.231018795319585	0.0243799030423743
0.206638892277211	0.231018795319585	0.0243799030423743
0.206638892277211	0.231018795319585	0.0243799030423743
0.206638892277211	0.231018795319585	0.0243799030423743
0.206638892277211	0.231018795319585	0.0243799030423743
0.206638892277211	0.231018795319585	0.0243799030423743
0.206638892277211	0.231018795319585	0.0243799030423743
0.206638892277211	0.231018795319585	0.0243799030423743
0.206638892277211	0.231018795319585	0.0243799030423743
0.206638892277211	0.231018795319585	0.0243799030423743
0.206638892277211	0.231018795319585	0.0243799030423743
0.206638892277211	0.231018795319585	0.0243799030423743
0.206638892277211	0.231018795319585	0.0243799030423743
0.206638892277211	0.231018795319585	0.0243799030423743
0.206638892277211	0.231018795319585	0.0243799030423743
0.206638892277211	0.231018795319585	0.0243799030423743
0.206638892277211	0.231018795319585	0.0243799030423743
0.206638892277211	0.231018795319585	0.0243799030423743
0.206638892277211	0.231018795319585	0.0243799030423743
0.206638892277211	0.231018795319585	0.0243799030423743
0.206638892277211	0.231018795319585	0.0243799030423743
0.206638892277211	0.231018795319585	0.0243799030423743
0.206638892277211	0.231018795319585	0.0243799030423743
0.206638892277211	0.231018795319585	0.0243799030423743
0.206638892277211	0.231018795319585	0.0243799030423743
0.206638892277211	0.231018795319585	0.0243799030423743
0.206638892277211	0.231018795319585	0.0243799030423743
0.206638892277211	0.231018795319585	0.0243799030423743
0.206638892277211	0.231018795319585	0.0243799030423743
0.206638892277211	0.231018795319585	0.0243799030423743
0.206638892277211	0.231018795319585	0.0243799030423743
0.206638892277211	0.231018795319585	0.0243799030423743
0.206638892277211	0.231018795319585	0.0243799030423743
0.206638892277211	0.231018795319585	0.0243799030423743
0.206638892277211	0.231018795319585	0.0243799030423743
0.206638892277211	0.231018795319585	0.0243799030423743
0.206638892277211	0.231018795319585	0.0243799030423743
0.206638892277211	0.231018795319585	0.0243799030423743
0.206638892277211	0.231018795319585	0.0243799030423743
0.206638892277211	0.231018795319585	0.0243799030423743
0.206638892277211	0.231018795319585	0.0243799030423743
0.206638892277211	0.231018795319585	0.0243799030423743
0.206638892277211	0.231018795319585	0.0243799030423743
0.206638892277211	0.231018795319585	0.0243799030423743
0.206638892277211	0.231018795319585	0.0243799030423743
