LR1_coefficients_null_raster	LR1_coefficients_Elevation_16_k10_R	LR1_R2_null_raster	LR1_R2_Elevation_16_k10_R	LR1_Q_Elevation_16_k10_R	LR2_coefficients_null_raster	LR2_coefficients_Elevation_16_k10_R	LR2_R2_null_raster	LR2_R2_Elevation_16_k10_R	LR2_Q_Elevation_16_k10_R
8.69499269009203	1.95663587352826	0.178192008451635	0.149222033634954	-0.0289699748166806	10.9421999094272	0.682281033056717	0.146647648085749	0.114367372580282	-0.0322802755054666
6.20357700614481	1.75466924413768	0.10502086205744	0.158590962960719	0.0535701009032796	6.27496375986998	0.478615557107588	0.0599678305804405	0.0847270305020172	0.0247591999215767
8.3966653209542	2.01054393258594	0.165883538633297	0.17204098447365	0.00615744584035371	12.0566454613675	0.789846048798817	0.16032149271237	0.147336295382198	-0.0129851973301726
6.80041631845178	1.34352803576052	0.155034425351415	0.126457895085146	-0.0285765302662698	9.10425720088542	0.375413340619065	0.134812588822021	0.0749435985518102	-0.0598689902702111
2.4751167294791	0.911046015213955	0.023977447780969	0.0635131387132241	0.0395356909322551	2.59928071556382	0.218229332956836	0.0117106405763156	0.0238488573902079	0.0121382168138922
4.55042488562634	1.16328554247722	0.108718462679983	0.152297417797989	0.0435789551180058	5.62730365356703	0.396296365799865	0.0711067586559663	0.11964438782813	0.0485376291721633
6.59538794772967	1.76654048097075	0.0580630218848976	0.0905905731282852	0.0325275512433875	7.18216595044619	0.513103630190796	0.0294431795976556	0.0444626404216052	0.0150194608239496
10.8694385573886	2.40940612351922	0.112976234384364	0.104642187913324	-0.00833404647104037	13.0379898089953	0.65654167304095	0.0614131872499262	0.0474496764853568	-0.0139635107645694
7.80193021253058	1.39487439784201	0.176605896378319	0.113981086575425	-0.0626248098028942	15.8602299733152	0.556542637629414	0.196980042183986	0.0866595958233323	-0.110320446360654
7.18021266495921	1.7948843878386	0.0365079867821048	0.0506811835672183	0.0141731967851135	11.6915012294061	0.592878607045624	0.043042833169436	0.0340128036518839	-0.00903002951755216
4.0722632408158	0.872254008226867	0.0789360501984695	0.0864814159798511	0.00754536578138156	5.2047379214466	0.22370292330226	0.0478880085767033	0.0424081333605304	-0.00547987521617289
9.87613265420356	4.57498657917764	0.0400452894294888	0.1374668483294	0.0974215588999112	7.25949438481079	1.63159281591388	0.013196265476206	0.10602437490392	0.0928281094277141
9.52346955951455	1.66078808053511	0.281809217836579	0.172831822984508	-0.108977394852071	12.0727395352482	0.4710603106241	0.202846615114349	0.0874180092626408	-0.115428605851708
7.63030160754051	1.13868540440735	0.128699031195856	0.0631089637371306	-0.0655900674587253	7.24249739981733	0.381857704634323	0.0552944628358415	0.0339482273760692	-0.0213462354597724
20.4927379985831	3.21651954349085	0.125844571217721	0.0656990225216051	-0.060145548696116	35.8887134017763	0.838485520036076	0.132089444067199	0.0313143559075406	-0.100775088159658
5.96083018936272	1.5554703727893	0.0642180516335067	0.0750128912356806	0.0107948396021739	6.81103562114614	0.454457989464104	0.0418090859069819	0.0446950080675204	0.00288592216053848
5.46238336124161	1.3588302570685	0.114712275433661	0.121199765324107	0.00648748989044648	6.16783234698771	0.394789892540378	0.0554289754433585	0.066381773942667	0.0109527984993084
12.3176369948489	2.42669991776224	0.0504081909733729	0.0322767074698724	-0.0181314835035005	11.7986880135033	0.614978731175423	0.0226082683095439	0.0134711092753944	-0.00913715903414949
3.23949194284187	0.693412303872707	0.0423917654678299	0.0496057243446125	0.00721395887678263	3.52560140401535	0.144400931747374	0.0182671807480032	0.0172433960069685	-0.00102378474103469
3.950265383318	0.713980366468962	0.0447872925544073	0.023461055419095	-0.0213262371353123	2.47544073784064	0.100268167297302	0.0156993826063319	0.00604747266363933	-0.00965190994269256
3.96206530111067	1.04785536365341	0.0933384379474424	0.119966919952339	0.0266284820048968	4.79199892717029	0.378548192937738	0.0592351786699547	0.0859461676424974	0.0267109889725427
3.12316596136298	1.63008359394866	0.0276772140565154	0.131889647549652	0.104212433493137	1.76263177651366	0.460540001880954	0.00397389439659465	0.0718947635501978	0.0679208691536032
6.99875960667607	1.59487975231285	0.131239486263626	0.118464359651405	-0.0127751266122214	9.47519769083694	0.564272701221023	0.114556610858064	0.08191238668113	-0.0326442241769338
2.93272799164122	0.998942205225335	0.0306746759288773	0.0616190364992316	0.0309443605703543	2.11010924170664	0.249411502718074	0.011318409879394	0.0336785439810977	0.0223601341017037
3.51183027658976	1.12041056487771	0.0420032344315679	0.0692540859659143	0.0272508515343464	3.56535067076602	0.371659563043234	0.0184189394596125	0.0372749629915632	0.0188560235319506
4.39126120751383	1.18464083038635	0.0969606868115306	0.109340732281724	0.0123800454701931	4.30892776960615	0.333264554648516	0.0462286172405044	0.0554757853088932	0.0092471680683888
3.9801175161417	0.979909845011391	0.074615504386573	0.0701254446002029	-0.00449005978637008	3.24456794646811	0.246632679259772	0.0274795145665007	0.0263305849798255	-0.00114892958667518
2.64176020974774	0.840566248755518	0.0436015113055422	0.103531674909072	0.0599301636035298	2.31287868081788	0.174968452190231	0.0189545962094156	0.0527374759664983	0.0337828797570827
6.76503654642694	1.65799021744415	0.126974718484666	0.173375054943207	0.0464003364585406	7.47196092023667	0.548244743066633	0.0742274975828468	0.121379397370433	0.0471518997875864
7.26079164211535	2.14697335949671	0.183884570440184	0.263084684468301	0.0792001140281171	10.18656818379	0.810106427801518	0.183790123919412	0.256679989506104	0.0728898655866922
4.90406792033678	1.22572438043081	0.0401093851592858	0.0365912379228209	-0.00351814723646492	2.81573107622738	0.324721574163738	0.0093975227871158	0.0153120857287894	0.00591456294167358
4.05124275410764	1.05654880468804	0.0605195625584317	0.0713722155001857	0.0108526529417541	3.51145711514928	0.271993794065733	0.0251924867735652	0.0397180851565127	0.0145255983829475
4.58531394732615	0.92450474261067	0.0951890876145466	0.0792000353248952	-0.0159890522896514	4.74869095202322	0.296281060081367	0.0494076511447622	0.044320140072629	-0.00508751107213326
7.6628408227894	1.15534196760287	0.0734864165406734	0.0304455045499449	-0.0430409119907285	5.24927861008451	0.32758795521173	0.0325790503517914	0.0151074302093902	-0.0174716201424012
5.53553228797955	1.56631985916198	0.103608987248305	0.138619313730761	0.0350103264824559	6.52401429018727	0.5441185169167	0.0678404589861435	0.0912504144997029	0.0234099555135594
6.91680243925741	1.78892157009258	0.133008648575631	0.135821894755301	0.00281324617967013	5.93360483796473	0.533365409832256	0.0692653028900202	0.088728710663904	0.0194634077738838
5.07715162662678	1.33435735542128	0.103193329184464	0.130853603592271	0.0276602744078069	5.53679457169118	0.369063704389693	0.0664687475633749	0.0713990596529945	0.00493031208961961
5.15184298102458	1.4643921033699	0.11487280701702	0.111893250001828	-0.00297955701519161	5.41881077338609	0.487674204932385	0.110006634530513	0.083300170310054	-0.0267064642204585
3.069269717773	0.963289697824253	0.0259745860515596	0.0427657569387234	0.0167911708871638	2.51911604095443	0.247403161082773	0.00786273608000661	0.0177473613672828	0.00988462528727623
7.47402812222647	1.69929150572264	0.157078392256372	0.155805311293557	-0.00127308096281489	8.66794846947426	0.575878210491598	0.107585942777369	0.0998038146468877	-0.00778212813048128
7.66476565747778	2.15740960890677	0.0563246751145553	0.108837093480381	0.0525124183658257	7.95429229147557	0.698321621943476	0.0257859910679356	0.0687885425209405	0.043002551453005
8.2079841141678	1.25366331592741	0.0815575142366413	0.0412595099034703	-0.040298004333171	11.8987379223069	0.295195043796727	0.0682568705583363	0.014463324591673	-0.0537935459666634
5.51618119883133	0.989087850395382	0.128696991957169	0.0649085179988521	-0.0637884739583171	6.51982470214731	0.3334823010433	0.0841379628685601	0.0463120777774607	-0.0378258850910994
5.40893139237587	1.19621568829025	0.149880598682315	0.169110487088854	0.0192298884065391	6.72303004633226	0.422518848637508	0.113012706494126	0.152481382078235	0.0394686755841087
3.2412786844167	0.978483391111951	0.0550405904723476	0.0827540174031104	0.0277134269307628	2.63180325387929	0.318914161523927	0.0209194255403316	0.0514480552170674	0.0305286296767357
6.64458547033546	1.82053933339378	0.0916955388841703	0.128499916700608	0.0368043778164378	6.98348839371197	0.594821539889204	0.0518479961147956	0.0828883596834926	0.0310403635686969
6.38742742629679	1.61377760545432	0.192131265580784	0.223579337259623	0.0314480716788398	9.13822252612789	0.69179995467046	0.214516245783417	0.249447618550278	0.0349313727668617
20.9349410125255	2.8324153463437	0.122330541936635	0.0447501914653143	-0.077580350471321	29.142646899879	0.871800463503949	0.121882830116648	0.0284891739594867	-0.0933936561571614
1.9441936865868	1.22791920498217	0.0262586387798557	0.135360985330339	0.109102346550483	0.902387016431462	0.32258813342802	0.00327017130360573	0.0589206873337119	0.0556505160301061
5.30680538316639	1.12723159648975	0.145177145380027	0.121029351707724	-0.0241477936723031	6.48419537132121	0.375998898384563	0.106115011860225	0.0786362193517243	-0.0274787925085006
3.05818654569581	1.17353677580746	0.0313387100446726	0.0834915168727457	0.0521528068280731	1.8785336063034	0.299123214982666	0.00871761155895015	0.0385319971992061	0.029814385640256
9.983036566658	1.56545757412591	0.120252241676698	0.0645504781317134	-0.0557017635449848	10.6014995415842	0.416250106505377	0.0798352173739988	0.0269235478473027	-0.0529116695266962
4.9626192576994	1.61104361471603	0.0489890929028225	0.0697147251117388	0.0207256322089163	3.03650667349777	0.48956671384033	0.012884782566202	0.0354503147920458	0.0225655322258438
1.94435522306588	0.82202687786262	0.0124848576419196	0.0352141249693094	0.0227292673273898	1.70388856982243	0.302046724688058	0.0061439451103762	0.0331671393173416	0.0270231942069654
4.94699242111066	1.39428026248595	0.0544254758765656	0.0728057736376972	0.0183802977611317	4.13265990125298	0.335704481165494	0.0190594934328698	0.0300929187970493	0.0110334253641795
7.24997685521868	1.46450797890171	0.0115234019545464	0.00645919622566286	-0.00506420572888351	1.31999614642281	0.098765382212881	0.000292993843814607	0.00019267500300548	-0.000100318840809127
3.08532794696573	1.16353102689928	0.0406845569374597	0.0885265472029	0.0478419902654403	1.45605116032759	0.293460786652517	0.00709525688058892	0.0441702837107267	0.0370750268301378
2.61917418572232	1.42094382741411	0.0241493022858044	0.114981408805856	0.0908321065200515	1.62888898983637	0.478993626408011	0.00406046606713722	0.064618612281189	0.0605581462140518
3.72249517235338	0.835413014176052	0.0395135601132123	0.0358528408606523	-0.00366071925256001	4.45140871543215	0.280581655649984	0.0278239114338881	0.0199429053462885	-0.00788100608759963
6.44894418735158	1.18794384849932	0.116204471407525	0.0729480006536075	-0.0432564707539178	6.03536300603066	0.330800537074957	0.0617753157445387	0.0346778666321566	-0.0270974491123822
3.46098180064004	0.954642179847991	0.0555867054346807	0.0827949165705096	0.0272082111358289	2.70856171029439	0.283639817252198	0.0187034454740153	0.0433553997733135	0.0246519542992982
2.34641053817226	0.944253301458372	0.0257430720649805	0.0740021083715525	0.048259036306572	1.24813692236495	0.272104039036301	0.00449488328062675	0.0354741461020167	0.0309792628213899
5.53739005095757	1.35018783780413	0.0978351921756258	0.107589909861228	0.00975471768560217	6.83320521677394	0.467986584438116	0.0789518834002366	0.0836531450203774	0.0047012616201408
12.8574946753005	1.31146840292977	0.181843647845651	0.0413262939829314	-0.14051735386272	16.5715872775745	0.412428406838716	0.168544818324122	0.0326883465653893	-0.135856471758733
7.87372890165679	2.0394940598574	0.125988429022299	0.15546242852548	0.0294739995031805	8.58389114747319	0.695765354199862	0.0829888299509468	0.107813706824475	0.0248248768735282
3.259291961156	1.21124752365788	0.0539262148109813	0.119810900505515	0.0658846856945333	2.80579070460953	0.371288947587629	0.0230822667153206	0.0691660134174366	0.0460837467021161
6.35655885424231	0.911089141926335	0.108893921190063	0.0460709845914469	-0.0628229365986161	6.43743382382096	0.261728903628933	0.0545973799003741	0.0214772925896495	-0.0331200873107246
6.28049639228505	1.55438748084281	0.132822010743	0.154857258067208	0.0220352473242086	8.99552080326936	0.455433049389394	0.108716241802292	0.0927777099966122	-0.0159385318056793
4.19906722835355	1.2498565613538	0.136016132760686	0.219405153748476	0.0833890209877897	4.37572585852365	0.373487548164736	0.074403823768199	0.139016085009797	0.0646122612415982
6.82696977082481	1.10720654861273	0.14104913175676	0.0705986594045004	-0.0704504723522597	8.32071779968798	0.277941584407155	0.105127286192241	0.0296221435482493	-0.075505142643992
5.76583140709309	1.18093949186223	0.209495747117957	0.132389749524682	-0.0771059975932754	6.52949700919546	0.314232043483497	0.141258025584447	0.0658884516372966	-0.0753695739471503
5.84876767772346	1.14179792535435	0.126137721857321	0.0865382669167189	-0.0395994549406017	6.66780565703832	0.26386155514198	0.0917860933778173	0.0343258244393903	-0.057460268938427
4.92835292610181	1.51872858179629	0.0442355720451188	0.0639206518326467	0.0196850797875279	4.88852574520111	0.482363590853631	0.0251799931983516	0.0341147399434504	0.00893474674509878
9.83975274701765	2.2617635232503	0.1364270073082	0.1250823066529	-0.0113447006553	15.1287435421594	0.827163611582703	0.178704808081648	0.101099411680282	-0.0776053964013653
5.6771317411912	1.37643873130376	0.115258576701965	0.116969942962373	0.00171136626040723	7.3548534232243	0.422065596347071	0.0840427056306769	0.0666226034967458	-0.0174201021339311
5.4548548099526	1.04915315186708	0.0766979031951541	0.0599019292531417	-0.0167959739420124	8.27883697041818	0.226290406535718	0.0809191816023532	0.0296456680372607	-0.0512735135650925
9.13099129491044	2.26107647199987	0.108100026309759	0.145048572478501	0.0369485461687419	9.28482398026006	0.788614659840533	0.0587965310832997	0.105161093305629	0.0463645622223289
5.96519011242078	1.86995183120226	0.0699793746852453	0.152455198074825	0.0824758233895795	5.15249945927602	0.552444505631838	0.025441204736442	0.08803361966181	0.062592414925368
1.10702743070737	1.2805799889113	0.00293344810272026	0.0697656235420666	0.0668321754393463	0.698697406141079	0.397533303026094	0.000666398097568805	0.048092110008909	0.0474257119113402
0.888510280047768	0.814302083464052	0.00651315284842024	0.0530498583102478	0.0465367054618275	-0.625779354179247	0.179320652753903	0.00260609425257693	0.0215218535618688	0.0189157593092919
8.08156341625607	2.18088553019027	0.15336738798724	0.187508868147843	0.0341414801606033	8.55606633390959	0.721976486815811	0.097604445103769	0.129378757531109	0.0317743124273402
6.91778259489572	1.76347811707533	0.139984685576165	0.159856714412475	0.0198720288363105	9.56717631154892	0.56466167436168	0.133817152838833	0.129476103121175	-0.00434104971765795
4.0414820643076	0.997385877736409	0.0638582556142456	0.0886229538568011	0.0247646982425556	4.32148763290838	0.323719645584652	0.0311856832864633	0.0516350100225843	0.020449326736121
4.68600741040939	1.7527744473647	0.04356668942432	0.111407260712796	0.0678405712884765	4.61807124639962	0.56287814514849	0.025792236198673	0.0826687001244294	0.0568764639257564
4.07603491687765	1.23177714102978	0.112099894789676	0.177125631827905	0.0650257370382281	3.77554307929905	0.417997448153774	0.0449655246377811	0.109556785321174	0.064591260683393
4.55464589371587	1.40833985347432	0.102081444187794	0.14996505895478	0.0478836147669864	3.96568836757477	0.437221944509924	0.0383650561614327	0.0772547527828064	0.0388896966213737
5.83108168335649	1.45910544587294	0.143828640445398	0.164623940828253	0.0207953003828549	5.20451871652662	0.427552345706141	0.0648896910109681	0.0913746037355882	0.0264849127246201
4.21036678086327	1.07242075744096	0.019405913929953	0.0262429170909795	0.00683700316102652	3.83153052833722	0.334531166931788	0.0077232143853071	0.0147597973856399	0.00703658300033278
5.8781539678595	1.416030343713	0.129374637820923	0.130397203551219	0.00102256573029622	7.2471687736426	0.383373000220063	0.0912072229154062	0.0617701476465299	-0.0294370752688763
4.94185443175175	2.11321294089047	0.0183221235953189	0.0522340187594314	0.0339118951641125	5.49449966354601	0.663133963948455	0.0119018910731952	0.0349738453089412	0.023071954235746
4.98210405032434	1.26701008938133	0.103911420573778	0.111001640399379	0.00709021982560107	5.17452901017593	0.311468403274472	0.0486343538846956	0.0395396939208616	-0.00909465996383398
4.26903874684351	1.09698734633852	0.0594621126935683	0.0748527598144006	0.0153906471208323	4.41758138156794	0.334352911604477	0.0270281615047521	0.0438650852035488	0.0168369236987967
6.37056811726916	1.27657970988786	0.14544503437926	0.119425086677601	-0.0260199477016595	8.12271986246713	0.345099297032997	0.106409611909395	0.0539096998651265	-0.0524999120442686
2.91449425388579	1.29854852921122	0.0261350179339511	0.0579907426826118	0.0318557247486607	1.7893525978162	0.35226513842106	0.00827930801789682	0.0315111477120211	0.0232318396941243
4.4343681315064	1.09351227944892	0.0836462819669045	0.0957720629090038	0.0121257809420993	6.62205255024397	0.466171499347873	0.0764281838756575	0.0894560753030526	0.0130278914273951
5.32767833355042	1.46955727805779	0.0999052456111777	0.123519110042852	0.0236138644316747	7.16843902288741	0.720542987841233	0.103165603464889	0.145248915706489	0.0420833122416001
5.10730933585815	1.03333879765847	0.132848332353684	0.130593214152659	-0.00225511820102461	7.2707803144417	0.25670923462696	0.110099053422685	0.0593060119565393	-0.0507930414661459
4.0275215837876	1.12861643116292	0.0479812116266886	0.0689062136190848	0.0209250019923962	4.12112765694214	0.338263460064709	0.0258319389642472	0.0429658019940024	0.0171338630297552
9.80579241685108	1.66641495230289	0.106238282316343	0.0704853143182791	-0.0357529679980643	15.3090414845507	0.493902935591741	0.11237269772359	0.0415769484879151	-0.0707957492356754
3.11499585080242	1.1673300286235	0.0749657879256503	0.17987826715122	0.10491247922557	2.63272797831627	0.372127451520029	0.0261851909087319	0.0991584093496279	0.072973218440896
