LR1_coefficients_null_raster	LR1_coefficients_Elevation_16_k10_R	LR1_R2_null_raster	LR1_R2_Elevation_16_k10_R	LR1_Q_Elevation_16_k10_R	LR2_coefficients_null_raster	LR2_coefficients_Elevation_16_k10_R	LR2_R2_null_raster	LR2_R2_Elevation_16_k10_R	LR2_Q_Elevation_16_k10_R
0.214449430579253	0.0880444763247595	0.0961401917197368	0.177674880614541	0.0815346888948043	0.00825338675646493	0.00230139342671514	0.0242952512519466	0.109104014559587	0.0848087633076404
0.166758160370011	0.0705817041207404	0.0360858163112831	0.0891258697045866	0.0530400533933034	0.0145099417533898	0.0022129844246957	0.0200238128384307	0.0767853820629171	0.0567615692244864
0.228586696645572	0.126020137694934	0.0832446551165966	0.185007397158115	0.101762742041519	0.00924105623034713	0.00486506714694295	0.0197539434592041	0.12842439629356	0.108670452834356
0.192719508032097	0.104018291081555	0.061252419060445	0.161757759157186	0.100505340096741	0.00644157155098711	0.00303044246411311	0.00997901495554356	0.0927770785772906	0.082798063621747
0.24810115288578	0.110024768140101	0.0754274935200486	0.162244449209633	0.0868169556895844	0.0138984310478894	0.00307931944815403	0.0269986339197955	0.106371734924663	0.0793731010048672
0.15872456892467	0.0910462745107081	0.0421090033641458	0.109590710705412	0.0674817073412658	0.00559120126842217	0.00255560968015867	0.0108740492603068	0.0693053761055409	0.0584313268452341
0.194794616580426	0.100256919412374	0.0653103269213824	0.15779194106765	0.0924816141462681	0.00707834502957347	0.00294661410568504	0.0135055955352442	0.0858191129333399	0.0723135173980957
0.116080474373349	0.0784053608917049	0.0226590068180828	0.092543355413203	0.0698843485951202	0.00481418590409985	0.0020449764629285	0.00488672437467054	0.0503120929134177	0.0454253685387472
0.192250939295157	0.0929677014839673	0.05829170755401	0.128408776056436	0.0701170685024262	0.00942962890461199	0.00302856834019093	0.0206047128593231	0.09999868221672	0.0793939693573969
0.169021553967205	0.10256494283587	0.0448383504322031	0.138493890924079	0.0936555404918757	0.0073151622621449	0.0032649351709824	0.0130905673753126	0.090312679364285	0.0772221119889725
0.263904551703179	0.107907886861871	0.0777520805875552	0.121976799765971	0.0442247191784161	0.0110628355724045	0.00380438321596156	0.0240337364032377	0.106154626131801	0.0821208897285628
0.193785440350681	0.086548826691643	0.0557560108307449	0.120093212708069	0.0643372018773237	0.00850748191212969	0.00199643437964875	0.0136206361683882	0.0570514342243032	0.043430798055915
0.120643973181303	0.0897838135633477	0.0305734052969097	0.124045307975948	0.0934719026790386	0.003530294346566	0.00294688489252619	0.0050708184304201	0.080896603712809	0.0758257852823889
0.268017355099062	0.0942196021441633	0.118823539416752	0.162083065354171	0.0432595259374184	0.0138732752132876	0.00272276523262875	0.0408878145185263	0.100176396213503	0.059288581694977
0.155223998719899	0.0853029093986866	0.043935219117085	0.116914517691352	0.072979298574267	0.006948620651792	0.00274566445428216	0.0146736001848472	0.0828727517595742	0.068199151574727
0.311236824817392	0.128251077091955	0.192235963037895	0.238407144220745	0.0461711811828504	0.0164264764080693	0.00389943813088211	0.150852253434486	0.175792566108879	0.0249403126743936
0.225865538833526	0.105040604478401	0.0981705809439882	0.16658351678927	0.0684129358452822	0.0121840136349349	0.00336099859444448	0.0541026176847655	0.110513501578283	0.0564108838935178
0.194374654288528	0.105884871271834	0.0588937587323312	0.152172498355993	0.0932787396236615	0.007105262527233	0.00351953635297822	0.0120210517138343	0.100969128118561	0.0889480764047267
0.27538044638312	0.0933274225793913	0.0554001191427765	0.108339496017477	0.0529393768747009	0.0207618400981727	0.00197029802857164	0.0128610537313125	0.0371073097173753	0.0242462559860628
0.360878184373208	0.0971220082232125	0.119255866209101	0.140602727025708	0.0213468608166066	0.0397364289078598	0.00268803559466915	0.0685551177673952	0.0823613715245457	0.0138062537571505
0.196040363071826	0.0916998311708069	0.0656366289058448	0.142470035451806	0.0768334065459615	0.00941610542663352	0.00204586084430384	0.0207375515558797	0.0689419457605715	0.0482043942046918
0.277637097264158	0.142787228405977	0.0982834686027893	0.219467756685402	0.121184288082612	0.0140638067830037	0.00488993661261555	0.0260221776255686	0.136292804579967	0.110270626954399
0.160775716862575	0.0930284854672278	0.0447647303281587	0.129001562360888	0.0842368320327295	0.00470653114081685	0.00310221741916018	0.00675031925701543	0.0805435952080641	0.0737932759510487
0.219275719260692	0.137763734330034	0.0555699631698058	0.176457884601972	0.120887921432166	0.00933071545812772	0.00572079365704809	0.0138044568663785	0.142657875758451	0.128853418892073
0.238409917107557	0.122771223341262	0.0900745805932439	0.205003665863637	0.114929085270393	0.0100971348611868	0.00357512072976714	0.025841984477414	0.131067178479002	0.105225194001588
0.292389156484154	0.129640728345343	0.178968013578306	0.29519090779276	0.116222894214454	0.0155918788502058	0.00426080954453175	0.0727303568019003	0.213217773107326	0.140487416305426
0.219888197506403	0.117948014765519	0.0586598245390139	0.148896726217561	0.0902369016785467	0.00987763855567449	0.00373227609726428	0.0198966341825537	0.0908391360753833	0.0709425018928296
0.264302529825509	0.119573384384024	0.0872801571226373	0.161323134684362	0.0740429775617243	0.0115882282821057	0.00384177795928115	0.0301801497365325	0.108398865842534	0.0782187161060019
0.254884152984475	0.151639411550802	0.0913066759880433	0.226930119897628	0.135623443909585	0.0109004428930412	0.00539637426586927	0.0283435057304418	0.131104710386947	0.102761204656505
0.262561464037099	0.120689269556938	0.0913677701436948	0.157597889478046	0.066230119334351	0.014432332534566	0.0036023101448279	0.0389429142606193	0.0975812046772101	0.0586382904165908
0.158864544936802	0.0829689330569668	0.0602278309854115	0.125662199798813	0.0654343688134015	0.00656585174742881	0.00267189355467626	0.0197064147053404	0.082856871615689	0.0631504569103486
0.237909750423237	0.0996659005465467	0.0978211456224882	0.143988067598	0.0461669219755116	0.0148775707540904	0.00322432168608324	0.0615021363387493	0.102093717229438	0.0405915808906884
0.104109769921493	0.0635148064142273	0.0166320361285758	0.0667262181090066	0.0500941819804308	0.00546169068663431	0.00205040273345685	0.0057252370120192	0.0471654470660244	0.0414402100540052
0.155572243545711	0.0907810047976518	0.0344247803167124	0.0993961431180911	0.0649713628013786	0.00601163910600814	0.00309703606267848	0.00720461024147794	0.0657391786413337	0.0585345683998558
0.185370131192496	0.104862639525761	0.0525490329980005	0.154284518278887	0.101735485280887	0.00519526354452082	0.00311778659392032	0.0056164543936767	0.0855826109654192	0.0799661565717425
0.251838046278386	0.127820980439877	0.103959789834841	0.227884572944293	0.123924783109452	0.00948698846050175	0.00399132672276222	0.0203458028108748	0.137916407774865	0.11757060496399
0.465549061925074	0.144189468919511	0.207444777838637	0.268068973475639	0.0606241956370025	0.0488002828738595	0.00470054079124182	0.12972440577537	0.196082203707913	0.0663577979325425
0.236234754312543	0.112828594406776	0.0864360759872479	0.168525498858249	0.082089422871001	0.0106235488512414	0.00383510636504902	0.0346188806623693	0.127817800372063	0.0931989197096933
0.343579858737325	0.1590196714846	0.161850780037138	0.257992340574551	0.0961415605374134	0.0171252431473856	0.00564172627212153	0.0625831139435558	0.158612262675102	0.0960291487315464
0.25579858862615	0.0866828736783201	0.092074100571765	0.114434039349728	0.0223599387779634	0.0308584011584637	0.00276473265711139	0.0824725236777258	0.0753319564575975	-0.00714056722012829
0.247581236525739	0.112281721526178	0.105924540515922	0.175655877369595	0.0697313368536731	0.0185005180175025	0.00413009605183544	0.0802059438077477	0.133259266613325	0.0530533228055775
0.158688556998319	0.0820955647927635	0.0381810279249842	0.0942137889776251	0.056032761052641	0.0044862118123126	0.00185187705833566	0.00382468475857948	0.0315877145137457	0.0277630297551662
0.118380997213277	0.0706506636725121	0.0184900729159957	0.0703489100422872	0.0518588371262916	0.00431966294725392	0.00124140892827781	0.00307508481739172	0.0199359442004269	0.0168608593830352
0.231803185748636	0.130539932682966	0.0621242840427292	0.180109450515666	0.117985166472937	0.0105917114213711	0.00454101993452142	0.0156443334519633	0.130214259900984	0.114569926449021
0.194383302207105	0.108255831099591	0.0722279727178174	0.191330742651697	0.11910276993388	0.0061502665523696	0.00364163773187157	0.0114328666339617	0.114445755300187	0.103012888666225
0.169023655539545	0.105625975559105	0.0466685949707398	0.142739551997674	0.0960709570269343	0.00866162833576762	0.00306290925228496	0.017440180575677	0.0804982933588877	0.0630581127832106
0.253096507330785	0.106935401751251	0.0580164821245967	0.122985000801707	0.0649685186771106	0.0256329583860348	0.00283745849429831	0.0292566246708539	0.0607715048520302	0.0315148801811763
0.158677569528615	0.065526345396291	0.0413035360572944	0.0611998490560295	0.0198963129987351	0.00836715570502902	0.00212358096930065	0.0150239935860065	0.040193121383905	0.0251691277978985
0.282754620916865	0.106367554051815	0.130658113875757	0.158602076180553	0.0279439623047959	0.0159073556508461	0.00372217196348989	0.0774431618594953	0.13133167441665	0.0538885125571546
0.36626971099848	0.131313274068952	0.183926985676293	0.215181238655193	0.0312542529789002	0.0291050345988381	0.00400498717309589	0.132040678231272	0.11460331041338	-0.0174373678178925
0.444843291262265	0.134499956833614	0.208876401950139	0.237545146620609	0.0286687446704699	0.0359843885995588	0.00329146731852254	0.208895695044394	0.208706482091554	-0.000189212952839468
0.173779180452938	0.091197526926922	0.0426200036643878	0.109086185456534	0.0664661817921464	0.00685111783381858	0.00237179597122451	0.011435281530771	0.0602347047036544	0.0487994231728834
0.208488681750647	0.109702195188438	0.0907220897926383	0.204707220637026	0.113985130844388	0.00815892819313941	0.00305969470469449	0.0263464830907414	0.143284067946937	0.116937584856196
0.149874407675219	0.0969999746911663	0.0304339320218447	0.102354852117156	0.0719209200953108	0.00581066602096018	0.003978206687591	0.0070620136720999	0.0656929850363684	0.0586309713642685
0.430646189516077	0.124051442809139	0.165181796982772	0.163741023856811	-0.00144077312596122	0.0571234218120646	0.00357764328121515	0.174955248172363	0.0980690863248518	-0.0768861618475113
0.147197759006439	0.0758249219010976	0.0400348474552495	0.106091650982175	0.0660568035269253	0.00592491332095557	0.00199949702382562	0.0094782078531722	0.0587576979940371	0.0492794901408649
0.151848681257096	0.0899304304528396	0.0490506870134908	0.158460253660093	0.109409566646602	0.00818877096243804	0.00242685269621621	0.0157248895694228	0.113526577922727	0.0978016883533047
0.199436730387251	0.102839475381904	0.0689804347271767	0.140831247027122	0.0718508122999449	0.0087179367939442	0.00363798903477683	0.0198914677752105	0.0974150094513088	0.0775235416760983
0.31255828580597	0.144446390731667	0.162187275278546	0.243658041731099	0.0814707664525527	0.0209553469913638	0.00575497807679962	0.123247147416643	0.191301426829595	0.0680542794129515
0.322078757483295	0.095593733959014	0.106320990033973	0.110500205765598	0.00417921573162496	0.0391832604271491	0.00308933340194409	0.0835518662225023	0.0765132738362131	-0.00703859238628922
0.22953250084436	0.106125023780857	0.0752800286413988	0.130385373725431	0.0551053450840322	0.0137070116199594	0.00338797055407737	0.0367296887708974	0.0655561744116069	0.0288264856407094
0.265519758134819	0.116879129580227	0.100571418103491	0.203093019097629	0.102521600994139	0.0149310590704936	0.00330894256416866	0.0476495416484908	0.133049548711669	0.085400007063178
0.474943697257693	0.180377278842314	0.171460935916837	0.190143784619918	0.0186828487030807	0.0282710692241018	0.00741141943428584	0.125077546403138	0.174545758752017	0.049468212348879
0.25420017946003	0.091441168283273	0.119829148912578	0.147496532905093	0.0276673839925154	0.0158077742459518	0.00203970592766748	0.0871324699189323	0.0718662963600234	-0.0152661735589089
0.179439269483387	0.102148737829917	0.0627479148271732	0.163865891310977	0.101117976483804	0.00831526243464013	0.00332656383270174	0.0229491780720027	0.122700536815907	0.099751358743904
0.295319418946498	0.102026976946809	0.126291697561186	0.137580151098995	0.0112884535378091	0.019663541386707	0.00260870820208119	0.0932194309956671	0.0687774268661831	-0.0244420041294841
0.209540262208526	0.123533940403016	0.067988958034634	0.1845739729299	0.116585014895266	0.00807544445664343	0.00385467953272977	0.0160129904878211	0.135381077856999	0.119368087369178
0.348333157232159	0.113341813168902	0.0888394299243062	0.0965755956243435	0.00773616570003735	0.0374383673456468	0.00337344571847177	0.0751746793087983	0.0501373289961025	-0.0250373503126958
0.128732326635623	0.0681644649715645	0.0348159708112445	0.0925230898530026	0.0577071190417581	0.00450737238151669	0.00152197585349839	0.00875366803218145	0.0459033086843287	0.0371496406521472
0.129394899428907	0.0767953636242951	0.0310433465772053	0.0931063924682853	0.06206304589108	0.00520504081771726	0.00194867804585964	0.00735183758261327	0.0484961507338483	0.041144313151235
0.135002305993442	0.0769197047833396	0.0340659824453721	0.0867661690247275	0.0527001865793554	0.007518129655842	0.00264058792381675	0.019685211257183	0.0648910311201195	0.0452058198629366
0.184484932471591	0.0848020055769299	0.0338789072035906	0.0879775700741588	0.0540986628705682	0.011291531737461	0.00212407620916376	0.0100836623023585	0.041133485090823	0.0310498227884645
0.19855610880987	0.108745675167203	0.0532039720741388	0.147329715393157	0.0941257433190183	0.014884391030747	0.00418179906964299	0.0216840581781627	0.118992708667816	0.0973086504896528
0.250442011811251	0.107334654883334	0.114476001376797	0.161955180951622	0.0474791795748249	0.0179328206699224	0.00358458559565157	0.0904877965734625	0.111507852943681	0.0210200563702182
0.216979856397035	0.124898584454457	0.0678515927362967	0.188482733694157	0.12063114095786	0.00820838508863298	0.00408119037092816	0.0146329017039178	0.13443836939085	0.119805467686933
0.183911522846545	0.0892983407667035	0.0585482684520021	0.142404945917988	0.0838566774659856	0.00762869433802129	0.00244563716915074	0.015167605203926	0.0983817690460383	0.0832141638421123
0.225564248332422	0.116667388236237	0.0605185170393008	0.135241582015521	0.0747230649762206	0.00916751957039247	0.00380545907629636	0.0160333988831206	0.0873558003930018	0.0713224015098813
0.278314475165803	0.090505770091128	0.118072301138301	0.132329591668593	0.0142572905302916	0.0214936470444265	0.00214053542764683	0.0774594647494777	0.0579621152269995	-0.0194973495224783
0.105753705333098	0.0920170187213245	0.0204408286092014	0.122095391042349	0.101654562433147	0.00412121137009082	0.00301706331132989	0.00462583871000481	0.0856535953244649	0.0810277566144601
0.170822520147712	0.0675460942104855	0.0288447660066169	0.0656733693977643	0.0368286033911474	0.00698142401008213	0.00155106705254223	0.00230749787393622	0.0203316237805598	0.0180241259066236
0.169484946645676	0.0965180647172541	0.0435554631468734	0.135156913781831	0.0916014506349576	0.00625161783101038	0.00267883064316306	0.00603124970542466	0.0646727917001297	0.058641541994705
0.188996603201433	0.101507904691106	0.0441415334627051	0.121601572947336	0.0774600394846304	0.00960514994135	0.00355664090594646	0.015293297458433	0.0867586675728867	0.0714653701144537
0.239760463375907	0.0764534227041457	0.0605179745127043	0.0879060493488886	0.0273880748361844	0.0221002929463003	0.00219305697293271	0.0218299997037773	0.046358727608654	0.0245287279048766
0.1038802399752	0.0514988703192282	0.0145267653754569	0.0356269934998365	0.0211002281243796	0.00388656416012996	0.00086267280896157	0.0028115191618091	0.00724117349540699	0.0044296543335979
0.166393677825826	0.0516106734939235	0.0392109480222552	0.0337812628129596	-0.0054296852092956	0.0141481973136948	0.000876931519206379	0.0467373083264153	0.00595584496811953	-0.0407814633582958
0.0443999813297822	0.0599574301449291	0.00306986183688049	0.0405337353720645	0.037463873535184	-0.00118995743745827	0.00165372711678292	0.000272424451204747	0.0125578287255021	0.0122854042742974
0.211409825526855	0.128447386450434	0.0771216689748519	0.206288645087897	0.129166976113045	0.00603230822232453	0.00386428638017488	0.0131397997778646	0.11336509689428	0.100225297116415
0.24790383160582	0.118237589836376	0.113993189104817	0.209641669756758	0.0956484806519402	0.00940182634153624	0.00349585455073099	0.0305473042671994	0.135801592839767	0.105254288572568
0.180559000689516	0.0907062365258146	0.045958074939292	0.111181916240823	0.0652238413015312	0.0063002622443076	0.00235523797337226	0.00760430892646479	0.0433620925293872	0.0357577836029224
0.154710762951059	0.0845065236515578	0.0391929049266972	0.0889695796774605	0.0497766747507634	0.00654410512081457	0.00248604847644507	0.0103917802951414	0.048484629072592	0.0380928487774507
0.222645213345917	0.108070508935565	0.0877483067027457	0.152714197091021	0.0649658903882752	0.0130150221220027	0.00369281836762986	0.0524340153780674	0.0939379876904049	0.0415039723123375
0.169268707004111	0.0973865996624052	0.0442621452656279	0.128438237522217	0.0841760922565887	0.00907445694419191	0.0032732619549563	0.0161409341937733	0.0935518556234044	0.0774109214296311
0.239217437024132	0.0984565858485162	0.0918726442862076	0.130450743892336	0.0385780996061289	0.0152438779253707	0.00269702099414985	0.0528339894743856	0.0717172406564893	0.0188832511821037
0.208622202529946	0.121922040684304	0.0698291468844093	0.187778821993773	0.117949675109363	0.00894713569017257	0.00361823156862352	0.0176039021931045	0.0899948848533947	0.0723909826602902
0.133771414003616	0.0788971896377338	0.0333121492692966	0.0867024974379272	0.0533903481686307	0.00527608739743614	0.0020197993297553	0.00829306676766139	0.0348860430176312	0.0265929762499698
0.238269541259201	0.094194085154421	0.0707892847287521	0.117576570598775	0.0467872858700227	0.0104994445403227	0.00264644546313355	0.0141649292594965	0.0478327468950139	0.0336678176355174
0.211848748954835	0.109773432268758	0.085020187135762	0.16870505337834	0.0836848662425777	0.0096102883248702	0.00395472835511105	0.0273793399110339	0.107025064854782	0.0796457249437485
0.513380342700825	0.157912177656366	0.255428899360948	0.253459131781276	-0.00196976757967238	0.0580493839970365	0.00544382012111046	0.245051255174796	0.178487857770788	-0.0665633974040079
0.126863839871271	0.0696741149776392	0.0264962212513211	0.0633429070525436	0.0368466858012225	0.00646991130074918	0.00243637378750967	0.00881924179550316	0.0435043523050162	0.034685110509513
0.158003417886547	0.076251390333221	0.0360506197896675	0.0803013121524921	0.0442506923628246	0.0078125398848343	0.00250319448211641	0.0103916369093155	0.0569980232768139	0.0466063863674983
