LR1_coefficients_null_raster	LR1_coefficients_Elevation_16_k10_R	LR1_R2_null_raster	LR1_R2_Elevation_16_k10_R	LR1_Q_Elevation_16_k10_R	LR2_coefficients_null_raster	LR2_coefficients_Elevation_16_k10_R	LR2_R2_null_raster	LR2_R2_Elevation_16_k10_R	LR2_Q_Elevation_16_k10_R
3.02201046958046	1.02268891687623	0.142369556533887	0.318846681396222	0.176477124862335	3.60153708783349	0.47906266905152	0.120193273571793	0.385021173852996	0.264827900281203
4.21867604747075	1.10595608949928	0.338301452714513	0.373973021408259	0.0356715686937457	5.31508256637557	0.522298028147334	0.339387671338519	0.468530723431393	0.129143052092874
4.62268215418869	1.22134713048817	0.341819415366913	0.357787909956264	0.0159684945893508	5.27476654266342	0.534273499105331	0.291173075337217	0.382145624420418	0.0909725490832011
3.71661724675208	1.14396659898745	0.312504624115168	0.442805678269433	0.130301054154265	4.45627038992617	0.530952696933384	0.288054028719126	0.53884707664416	0.250793047925034
2.43155673009162	1.19939392650809	0.185798547154612	0.432983438210337	0.247184891055725	1.45994834353114	0.539122003115769	0.0809044081308531	0.49963732957315	0.418732921442297
3.68227562526272	1.06719887950373	0.269541303393608	0.378510985528779	0.108969682135171	4.50069467861792	0.513813210769848	0.246315516329908	0.476370613451472	0.230055097121564
3.86904240217049	0.96934066073101	0.355063362220737	0.364991969627848	0.00992860740711177	4.38946184457593	0.415240828086192	0.322535922891042	0.438996181349133	0.11646025845809
4.04302843339731	1.13389322350559	0.328963096629687	0.387393046037817	0.05842994940813	5.43852907122243	0.509406742834903	0.328592197939196	0.427984413932908	0.0993922159937117
3.7913886936555	1.13587979078392	0.264470616219214	0.357302770314322	0.0928321540951081	4.36410790631791	0.557815567380449	0.219589573213716	0.444905843213719	0.225316270000003
4.16260489131274	1.04317340525097	0.301946732586466	0.316079714078233	0.0141329814917668	5.25305568224857	0.4715893415142	0.27717909604765	0.354154537035389	0.0769754409877388
3.2154267090304	1.35825768703259	0.203837209392	0.469146137725224	0.265308928333225	3.03196812540582	0.618905990149444	0.138085069962056	0.57821501119913	0.440129941237075
3.89153173130022	1.16169613488172	0.314645945131453	0.403757347069814	0.089111401938361	4.92593029687866	0.552485378280029	0.289167878577339	0.481628183111087	0.192460304533747
4.09111521478633	1.09465898388022	0.327657242665357	0.393093120939462	0.0654358782741046	4.80657625302518	0.502414048781163	0.298902505822507	0.485702743523471	0.186800237700964
4.31298352585074	1.19505051454798	0.344670320561939	0.411897729998856	0.0672274094369173	5.10250141606499	0.514984873503756	0.313374769877766	0.446078337280173	0.132703567402407
3.76375480032703	1.07979628624236	0.345612381097496	0.429657627062142	0.0840452459646454	4.97651383851586	0.533388283464478	0.353072541489965	0.540447164450001	0.187374622960036
3.81177773219957	1.13793377981766	0.338526287196764	0.441105141160682	0.102578853963918	4.57391277990766	0.530028312561928	0.310846150252199	0.531987182711534	0.221141032459334
3.94324731806714	1.12891108424176	0.36358242678179	0.44769998090098	0.0841175541191898	4.63158619585054	0.482150049912399	0.351352512490583	0.512898691863642	0.161546179373059
4.39477575067467	1.04220934498416	0.379439051484027	0.404438271671348	0.0249992201873215	5.25465039864289	0.496553417206889	0.37237483914985	0.526604320246021	0.154229481096172
4.20612649350256	1.06464110657586	0.292453397240786	0.315180536929462	0.022727139688676	5.92094241261831	0.50323117074576	0.319487237995537	0.398505931942185	0.0790186939466485
3.65550740524692	1.06746303799565	0.323207532411559	0.417554693111239	0.0943471606996801	3.92769953352165	0.498284773091648	0.275739533287143	0.500763305977566	0.225023772690423
1.97598775305823	1.13226481321603	0.134758089650969	0.392624628901793	0.257866539250824	1.10793100280126	0.499358200245807	0.0515701991383843	0.466712254333088	0.415142055194703
3.93924533166003	1.00162388370781	0.274246002880709	0.301200945606244	0.026954942725535	5.2902554835482	0.47808414289036	0.277479167638906	0.352953256843568	0.0754740892046626
4.31498132537565	1.23825800155255	0.351487390630825	0.442758112034454	0.0912707214036288	4.94482882652799	0.532344351256968	0.319854505324268	0.51495685502473	0.195102349700462
4.28147796537268	1.3462989401974	0.277650611088385	0.395192039422499	0.117541428334113	4.35469381772125	0.581083181747673	0.229732094791575	0.485929939491387	0.256197844699812
3.86328747911458	1.04490837261964	0.341513996535776	0.398631389377348	0.0571173928415719	5.4018738677455	0.489004093781206	0.367925013759334	0.473703950216706	0.105778936457373
4.19335509763507	1.17478182516261	0.367016715172675	0.460514542950886	0.0934978277782109	5.30637408466608	0.564565199413262	0.356153094658428	0.580020963814573	0.223867869156145
4.4002728075281	1.1131058782388	0.385822218293507	0.404376813749501	0.0185545954559944	5.53224603599904	0.526134119171773	0.373839054733951	0.483944216865133	0.110105162131183
4.20845770391317	1.18414314119481	0.360253120716664	0.42571428256059	0.0654611618439256	4.68803841736454	0.543939546176464	0.304420774405733	0.513527408405075	0.209106633999342
3.08543000615791	1.12541597308376	0.24466591310412	0.374839536668524	0.130173623564404	2.80816165490448	0.526984653730473	0.163341501120618	0.433371726485862	0.270030225365244
3.69813516250633	1.11001856711892	0.314116927578648	0.427519773307492	0.113402845728844	4.90160774602736	0.507446846296657	0.301363575386574	0.488779310272137	0.187415734885563
3.81519944419394	0.960251215842453	0.315824940397972	0.342402563823609	0.0265776234256372	4.76132197926343	0.469136408442475	0.321218958355914	0.440999487094588	0.119780528738674
3.76995196654633	1.08050120153581	0.327331805685993	0.380722668352062	0.053390862666069	4.80676882197953	0.494197418611311	0.327872397608687	0.463456280124872	0.135583882516184
3.67849842214055	1.12974689007016	0.314463430708019	0.447602732289931	0.133139301581911	4.03170982502149	0.521906536011517	0.265695566443537	0.55872639847132	0.293030832027783
3.82150892483705	1.12715898219485	0.315738843257485	0.442120623147232	0.126381779889747	4.5455623140374	0.518608748206015	0.286617138874217	0.558832461423602	0.272215322549385
3.81606918371373	1.05886749929217	0.332651921888849	0.397884043608796	0.0652321217199465	5.07045272411902	0.515608296480088	0.328892494909595	0.489382424986478	0.160489930076883
4.34130776754236	1.09289689252594	0.326319014751568	0.379124247485388	0.0528052327338202	5.31623976601281	0.513866337098598	0.32576298666037	0.478731522869933	0.152968536209563
4.43739224409953	1.22064510801103	0.289624265995396	0.401064042501503	0.111439776506107	5.39756234025561	0.563362811944241	0.269672093442903	0.478161406156084	0.208489312713181
4.20065703216658	1.19244566881713	0.329274109236345	0.400150963205924	0.0708768539695785	4.18970543472125	0.539620336624856	0.250792421401259	0.471684488798647	0.220892067397388
3.37362817821393	1.08824309583864	0.258030345019027	0.393640765472038	0.13561042045301	4.0383558457043	0.489449369322246	0.244334512984734	0.479395658687737	0.235061145703003
4.87218416775265	1.10356615813193	0.390552474550356	0.389317967762267	-0.0012345067880884	5.9270872218643	0.512739592159279	0.354709638752037	0.469568012839086	0.114858374087049
3.87219146386293	1.16038382001352	0.296702243720239	0.414373089166739	0.117670845446501	4.32357972076983	0.525893701956773	0.256580306658091	0.491764470339471	0.23518416368138
3.82264395133868	1.08842049497226	0.25105027146718	0.287223593855463	0.0361733223882829	4.06079566103228	0.480789489200719	0.201995873978211	0.310688676130368	0.108692802152157
4.89568940931229	1.00246494767524	0.413860794934445	0.360653418440374	-0.0532073764940712	7.01396601364278	0.488633772297735	0.44611536422095	0.437530122461565	-0.00858524175938519
4.24997648815533	1.26036657487629	0.319082926560256	0.450013495568567	0.130930569008311	5.00137588634466	0.555515688639986	0.28990190835507	0.531680054533644	0.241778146178574
3.99477567011901	1.20964853229089	0.343369880516973	0.439259387098482	0.0958895065815086	4.59773316472865	0.557835269324053	0.320166050194453	0.523872760923377	0.203706710728924
4.05547746998864	1.2932324501471	0.256532471005032	0.408309714295941	0.151777243290908	4.39333948986766	0.529255468938294	0.209785002934177	0.446694404381139	0.236909401446962
3.46942338246436	1.02476730534803	0.244584996700269	0.301908921161827	0.0573239244615586	4.32014878298347	0.479547430768558	0.229850534462682	0.338240453686687	0.108389919224005
3.72351486895847	1.20991365180883	0.291160841094183	0.479610204809191	0.188449363715008	4.36230465196857	0.5422582654433	0.241148486934797	0.551258767966097	0.3101102810313
4.31473307538537	1.12948066779494	0.374098769898935	0.430930619871329	0.056831849972394	5.24190660459633	0.529724549939753	0.346007679079491	0.536097963741195	0.190090284661705
3.62854299286004	0.984207715644432	0.300701563841827	0.377381971273831	0.0766804074320037	3.91379204867546	0.445506627261973	0.264890162460264	0.455590453388454	0.19070029092819
3.70529774788433	1.14461745621424	0.310124457910277	0.422607808623525	0.112483350713248	4.0371072924129	0.512278764977463	0.267155100690715	0.499856691939536	0.23270159124882
3.84803228070481	1.03766132303919	0.286109214982164	0.329874585976475	0.0437653709943104	4.7290680801377	0.49808096659695	0.271695943943328	0.421037980900161	0.149342036956833
4.34389746428998	1.34195743484208	0.217374947917831	0.34307002984617	0.125695081928339	4.82413087553492	0.602656187004772	0.180862881065966	0.386191685250253	0.205328804184286
3.6813032907185	1.00148887187753	0.311589645546258	0.35196692779887	0.0403772822526124	4.65178309972846	0.418801064256066	0.308587276176549	0.376523731202557	0.0679364550260073
4.99915328722351	1.49844003131587	0.225489527017173	0.317601955175629	0.0921124281584556	6.14040077852712	0.698365214725243	0.195541837301578	0.379853136752795	0.184311299451217
5.17755304308946	1.1279652676266	0.422836886118413	0.391554729698661	-0.0312821564197526	7.13638359244272	0.532342491115787	0.434375136594964	0.493835946993548	0.059460810398584
3.79103937728969	1.17852774850396	0.287190016466172	0.412411983076308	0.125221966610136	4.30270199986139	0.550052508001209	0.236220125769074	0.49912464389931	0.262904518130236
5.07196553963386	1.25422389167092	0.413153476286286	0.458373450732189	0.0452199744459037	5.69193312320801	0.544369547431607	0.380693990545603	0.528500499981556	0.147806509435954
5.10124816328119	1.32346864850048	0.288163024762602	0.325649127808157	0.037486103045555	6.67898006907879	0.62074570901452	0.272712095001503	0.368416770988476	0.0957046759869739
4.43441984760924	1.17804487533853	0.315842573831853	0.333131890724231	0.0172893168923783	5.497492090086	0.528724222495112	0.294357336416684	0.371436266690115	0.0770789302734303
3.34924492848036	1.16694853797259	0.244360617996261	0.420546790750204	0.176186172753942	4.06537157614283	0.525201610646042	0.239320327631617	0.510502820813186	0.271182493181569
3.49756980980446	1.27997206960978	0.277365962914301	0.450452132377714	0.173086169463413	2.98679641271603	0.552233196181018	0.181569735286601	0.532128389452222	0.350558654165621
3.75376302315317	1.0413319094482	0.307802245128987	0.351358395062525	0.0435561499335381	4.77876667013948	0.496488674851681	0.296505791551964	0.412185387958135	0.115679596406171
4.3620565535244	1.15104056549134	0.325915237243803	0.346018308171559	0.0201030709277555	4.89669989082845	0.515012738922443	0.271850451115831	0.381143554801786	0.109293103685955
3.90020526540257	1.2011096412207	0.312629572240002	0.395943828158321	0.083314255918319	4.62690111862254	0.536882754542019	0.281976769521642	0.453472223815789	0.171495454294146
4.1241079628324	1.11521410623626	0.365017310758297	0.386640882551876	0.0216235717935789	5.06814133810363	0.486107253776576	0.339607997246784	0.416174990008463	0.0765669927616794
4.20065744679782	1.04829217562897	0.350603804609115	0.38891246841554	0.0383086638064256	4.67927945562675	0.471460968279764	0.317852170661118	0.50622442178065	0.188372251119532
3.80341298939211	1.03209551351651	0.323551011046788	0.356268709394121	0.0327176983473328	4.54521819294977	0.484997427280355	0.303336490165804	0.437390246139864	0.13405375597406
4.35936853885393	1.12985287912233	0.27740518518032	0.263904707819533	-0.0135004773607875	4.570857323052	0.494149994719931	0.216711465353971	0.298437578602385	0.0817261132484149
4.28346746186893	1.23127823407178	0.306221639678556	0.383612206774663	0.0773905670961073	4.8775677528398	0.551401254535051	0.274235959999566	0.439170153532374	0.164934193532808
4.15927633029159	1.15040627684868	0.334475213124219	0.378617947169028	0.0441427340448084	4.92095823290027	0.555579334136447	0.301746372520005	0.474760987175843	0.173014614655838
3.07281497783548	1.10685392037733	0.270526143558563	0.419907506261705	0.149381362703143	2.80749170684289	0.514309707659381	0.185732662289777	0.488536091597248	0.302803429307471
3.86708302406494	1.08863789446855	0.29247214231253	0.398103981092016	0.105631838779485	4.7948623800644	0.518739040323916	0.269059321703116	0.50164734582618	0.232588024123064
4.40186993722212	1.26537028802158	0.355575197937119	0.441187606475854	0.0856124085387349	5.52009334536224	0.575427406639456	0.362358085709092	0.516893886512592	0.154535800803501
3.63511409638528	1.1184464904547	0.303204563634423	0.400455759327904	0.0972511956934806	4.74137018130477	0.50496340332646	0.287252322366511	0.45470204022038	0.16744971785387
5.1090842566516	1.18197258485746	0.362156807002657	0.401217107971374	0.0390603009687169	6.10264882127597	0.524385907873947	0.335317395999014	0.475986835165662	0.140669439166647
3.89567174387502	1.17902102312958	0.320403506164155	0.391334188959986	0.0709306827958306	4.61212201482822	0.536669710710322	0.286107382340331	0.447818640279758	0.161711257939427
3.65692361766771	0.933509644028607	0.305124899891402	0.346687798184502	0.0415628982930994	4.25804192962668	0.382368596309151	0.283202546216485	0.380259170223242	0.0970566240067567
7.03553854613955	1.88549247586774	0.590284065791906	0.590794227952657	0.000510162160750838	6.76632984601096	0.634220450089098	0.667793023304053	0.781727759616277	0.113934736312225
3.88807929142019	1.10772074006514	0.353161448816594	0.442414429349366	0.0892529805327726	4.98229866780302	0.468633555008716	0.340340035583071	0.48445699478639	0.144116959203319
3.43815016190506	1.155481755129	0.315625571153288	0.476770577592925	0.161145006439637	3.73280625715634	0.531867003099431	0.272790917104108	0.57725562896422	0.304464711860112
3.93517336797762	1.09392499750837	0.343782970149278	0.402474282503303	0.0586913123540256	4.93777185245194	0.519730342016613	0.317309764059791	0.483993517805828	0.166683753746036
4.57303194737165	1.07762002329146	0.434351451988145	0.426157379373364	-0.00819407261478061	5.66895796652334	0.506095386563	0.426684994925247	0.528163074186301	0.101478079261054
4.99351413066153	1.35390629927629	0.38187793833367	0.362038843046949	-0.0198390952867203	6.06278972905355	0.544359022779767	0.382407813828353	0.387255395397325	0.00484758156897191
3.3756127617923	1.06789086346676	0.26468560145001	0.365104654403347	0.100419052953337	3.17692673719385	0.515932542436369	0.172531438766177	0.44674185599705	0.274210417230873
2.5913392813451	0.903247776216637	0.145311132403062	0.266644229927627	0.121333097524565	2.39085434772925	0.410273251849649	0.0917421504727903	0.324560737651921	0.232818587179131
4.02557294505339	1.12578115986255	0.311727886006163	0.390959254615867	0.0792313686097044	4.88636264872666	0.517233523196827	0.288439981720838	0.475325997029566	0.186886015308727
3.95535745630324	1.14379149342477	0.359974173065615	0.467606247302786	0.107632074237171	4.63598460777697	0.534959601924181	0.33918526501157	0.598702818666823	0.259517553655253
3.9920478682882	1.16235191952363	0.299472388815949	0.40942309274813	0.109950703932181	5.05344462954439	0.553964649409788	0.284091392954945	0.486165671002932	0.202074278047986
4.09232085012404	1.18574268760307	0.367844343138543	0.369164497954499	0.00132015481595543	4.7754229551546	0.559569231963694	0.370263626631911	0.448145527812829	0.0778819011809186
4.15850731373164	1.2061722910124	0.259533298378324	0.326691106713458	0.0671578083351334	4.81954212730119	0.527699782424523	0.246493615964537	0.372276065577859	0.125782449613322
4.20881431944617	1.40668062540816	0.30465570527515	0.438017608470536	0.133361903195386	4.69618322621658	0.636861668455393	0.275647191264353	0.517770616804948	0.242123425540596
4.45888764868759	1.06056178492039	0.37202097054582	0.417027119642584	0.045006149096764	6.56762315958931	0.492572702761485	0.43143049562894	0.516519842457106	0.0850893468281662
3.76552027897428	1.16954975869848	0.118099434521648	0.161030281790898	0.0429308472692505	4.32792662669781	0.527753533089976	0.105196485559139	0.196702471869767	0.0915059863106273
3.5216150853262	1.12898028372578	0.289409457637023	0.433039907567307	0.143630449930284	3.8771105907481	0.539066452914181	0.227546593805799	0.539505261790812	0.311958667985013
4.17907083654649	1.21392383552889	0.350366609022012	0.456851502703331	0.106484893681319	4.95085658625907	0.539498580487615	0.32024092227371	0.532106491430574	0.211865569156864
2.80481433739667	1.09430927478203	0.231125142360814	0.366797383834696	0.135672241473882	2.68146132290379	0.493058568915321	0.175658967926653	0.43091015826026	0.255251190333607
4.55575006347222	1.07926788407794	0.41464847271326	0.406446906567164	-0.00820156614609624	6.34295650516645	0.505850754989087	0.430599779439358	0.485701753279749	0.0551019738403913
3.00317306896978	1.06128119714404	0.201859434947692	0.313250837414914	0.111391402467222	2.80860598711648	0.510653941524273	0.147110685074807	0.379873377952409	0.232762692877601
4.89290261137972	1.4921178065809	0.237126595303884	0.34150738480878	0.104380789504895	5.05196296995919	0.665782315419805	0.173828173671753	0.387825513505702	0.213997339833949
