LR1_coefficients_null_raster	LR1_coefficients_Elevation_16_k10_R	LR1_R2_null_raster	LR1_R2_Elevation_16_k10_R	LR1_Q_Elevation_16_k10_R	LR2_coefficients_null_raster	LR2_coefficients_Elevation_16_k10_R	LR2_R2_null_raster	LR2_R2_Elevation_16_k10_R	LR2_Q_Elevation_16_k10_R
1.92211548920716	0.953705201218891	0.150888716888175	0.508233397895689	0.357344681007515	1.67345052187562	0.318180594083955	0.0852200158421916	0.409990322879892	0.324770307037701
2.44085420147946	1.0206655379572	0.184154804447667	0.556930582468505	0.372775778020839	2.48952241589632	0.381566636964048	0.116671742455364	0.477286906997169	0.360615164541805
1.69135948540476	0.90820531779457	0.137920999859097	0.540996149535017	0.403075149675921	1.73824147019818	0.369054098384366	0.0894604050010297	0.508717283380199	0.419256878379169
2.31274277460631	1.01545917619436	0.186206849929006	0.615828757149867	0.429621907220861	2.51273651381049	0.433538859900642	0.130263662189509	0.604325811143691	0.474062148954182
2.73579441240737	1.11411736736777	0.25038520470373	0.662449686784563	0.412064482080833	3.04293872406739	0.440765695449278	0.181087199626443	0.57706721044588	0.395980010819437
2.48844637640909	1.02334343234439	0.23672782299545	0.631904166754031	0.395176343758581	2.52437446546128	0.40196764011517	0.151808051758673	0.583994235651703	0.432186183893031
2.17007941483621	0.980748169298147	0.159122077368996	0.514340530283872	0.355218452914876	2.16231009944013	0.416889509221312	0.0986596976516787	0.482703352770482	0.384043655118803
2.13975242348666	0.93324914736886	0.187559947526515	0.610376248105011	0.422816300578496	2.37018369735599	0.408484078281349	0.129847717069217	0.601778908079764	0.471931191010547
1.57421276711246	1.00901315104814	0.0972778822969602	0.552252018606338	0.454974136309378	1.23092816818721	0.401641372652502	0.0346898096301275	0.487578377108752	0.452888567478625
2.26810610167198	0.992793526669245	0.21190577033615	0.538465007950391	0.326559237614241	2.09132418288339	0.38508458962157	0.136868782183721	0.482569802831652	0.345701020647932
2.47695977700681	0.955194167731526	0.205569050520843	0.588312416180941	0.382743365660098	2.55205595590587	0.387784214437108	0.129363773921546	0.5738000557985	0.444436281876954
2.25613783035169	0.958104070140903	0.21990889943301	0.58913005972941	0.3692211602964	2.47835762740518	0.423488315287638	0.140902622591961	0.561369282141801	0.420466659549839
2.25899164625122	1.08267326434568	0.165375313456061	0.60234305772094	0.436967744264879	2.22128695259122	0.444669787511421	0.0996828746419726	0.568614055335023	0.46893118069305
2.26409860151491	1.03724465433521	0.20737573708711	0.619894716428301	0.412518979341192	2.38670040210727	0.435255133711203	0.140077921997285	0.580473353326554	0.440395431329269
2.08634003562786	0.502865205440545	0.28005084275224	0.455537447120222	0.175486604367982	2.15124285581485	0.0735349050808321	0.232788015634023	0.249033782389493	0.0162457667554702
2.3136573930987	0.984052750484098	0.218418880352587	0.586883255932409	0.368464375579822	2.33635038293241	0.398916849436399	0.133493930867856	0.523233678192331	0.389739747324475
2.32003015809933	0.897432152191167	0.170964132980329	0.521650610068298	0.350686477087969	2.99721149297297	0.367705119011313	0.14875162351717	0.557452967752094	0.408701344234924
2.26636600895212	0.900475966613796	0.174133046831051	0.447103983643036	0.272970936811985	2.27335350088321	0.362377603282755	0.113121961550159	0.414925948069479	0.30180398651932
2.9494256724564	1.14964561056273	0.293689966883522	0.627649024189892	0.33395905730637	3.25021191514794	0.489879130612703	0.208528838719445	0.608256901750209	0.399728063030764
2.78347310730804	0.979359406327431	0.209379675110355	0.471262451734659	0.261882776624303	3.0577158937768	0.409223321064523	0.135405699834313	0.419526200637691	0.284120500803378
2.29762276897061	1.03534305905369	0.191950172952857	0.618525079367751	0.426574906414894	2.25073222305685	0.429923487445135	0.123588353387101	0.569258539537272	0.445670186150171
2.7741732873525	0.994924857376434	0.263445134801089	0.57430018324579	0.310855048444701	3.08816129962065	0.421621707252896	0.193394792701912	0.551818560953463	0.358423768251551
2.69180321912886	1.01545372848262	0.202064535685638	0.556339472871892	0.354274937186254	2.7319270391868	0.399271256525573	0.130366548641458	0.532905337506774	0.402538788865316
2.53470595192622	1.07288670281611	0.197625791733015	0.595186662433922	0.397560870700907	2.55688906869177	0.443461462072203	0.138540624663301	0.563306561143111	0.424765936479811
2.80367325949775	1.0548967933157	0.207010244160454	0.546786082575307	0.339775838414853	2.91448715897838	0.431519877294948	0.139682799877152	0.52416201371638	0.384479213839228
2.20209489498535	0.998601846825914	0.127832271689165	0.481551605133204	0.353719333444039	2.07529873219504	0.401113895436662	0.0746639112215296	0.436766484238818	0.362102573017289
2.69634842133193	1.13735307719034	0.183547004602815	0.561690807812163	0.378143803209348	2.87434105388847	0.570730760162537	0.113799114592558	0.60890394534795	0.495104830755392
2.40735805207514	0.974910243979249	0.172431755670785	0.555931453483864	0.383499697813079	2.46953017130108	0.340718215905217	0.114679801808589	0.479186703256453	0.364506901447864
1.76454301944389	0.786283028364763	0.131340439206813	0.41846659651063	0.287126157303817	1.59784378028665	0.297657077237011	0.0825836610470201	0.368238367956271	0.285654706909251
2.20750826517461	0.945279941375657	0.195038033297408	0.590066700517007	0.3950286672196	2.01740550049657	0.384137048407825	0.103955013456801	0.521073193410953	0.417118179954152
3.18037815975343	1.0099480030034	0.255377945535366	0.558314814621613	0.302936869086246	3.76678399727886	0.398825684784703	0.203945724827824	0.554874088807492	0.350928363979668
2.25021377601271	0.876643633632602	0.204244628663643	0.514490207164566	0.310245578500922	2.07894333010631	0.342954482458671	0.112246133649882	0.45190682752625	0.339660693876368
2.37076685737347	1.05971065873777	0.198287927844984	0.589743901127268	0.391455973282285	2.34328539441598	0.433942184765097	0.12076738336302	0.530887634515865	0.410120251152845
1.6533849289062	0.859438351945025	0.0896961236403933	0.400601537978623	0.31090541433823	1.70934762238733	0.372244325755187	0.0539153441853281	0.370738274668717	0.316822930483389
2.81388533696892	1.07358157586694	0.231677961354653	0.644084592510789	0.412406631156136	3.26507287816536	0.45360180074681	0.169114949702099	0.625326700488953	0.456211750786854
2.04284868663925	0.960585678239885	0.171323198158142	0.534232765584087	0.362909567425945	2.00831602142045	0.399161632268038	0.103403090058958	0.499900383390227	0.396497293331269
2.25811389772919	1.02020026145895	0.156257289827869	0.539315505661111	0.383058215833242	2.28400665697213	0.411856747615749	0.0977403533890651	0.484015911365117	0.386275557976052
2.12700235212465	0.982940221859343	0.131063903467865	0.44971158479061	0.318647681322745	2.14173953503731	0.38088330540799	0.0758577715912792	0.367428229250239	0.29157045765896
2.46183047386067	1.02395038283413	0.237074591642329	0.614235154285077	0.377160562642749	2.81203640221511	0.430726579397594	0.159864569155362	0.619921567199268	0.460056998043906
2.52339177338472	0.982362315768271	0.188845819491641	0.514689617432974	0.325843797941333	2.48190139219296	0.342428734314329	0.130577401002343	0.436381352414011	0.305803951411668
2.31086487967739	0.985330337863824	0.177131149971354	0.521223777899561	0.344092627928207	2.59869032527027	0.402070011159552	0.134633160010873	0.495961128194322	0.361327968183449
2.61019885526901	0.919489129244457	0.21264607046284	0.467180106815008	0.254534036352168	2.97802257419149	0.383086312722779	0.155302667590301	0.45593645960713	0.300633792016829
2.57508278688861	1.10518353515191	0.139112883164915	0.426228589347568	0.287115706182653	2.69757498592255	0.452092477985389	0.0871559599815127	0.369445151613206	0.282289191631694
2.39804591944992	0.953321136298317	0.164761616059235	0.496103998329046	0.331342382269811	2.81910619398566	0.384575505569679	0.120786136766866	0.487894687937659	0.367108551170794
1.93171685717214	0.926101263700708	0.152774782236633	0.551076881620674	0.39830209938404	1.80738365831175	0.376796355688357	0.086269025483338	0.474094951929253	0.387825926445915
2.25973698902076	0.985351273173809	0.18164988604161	0.531572351997914	0.349922465956304	2.63643168236117	0.430023341564068	0.115491675098536	0.476345144461844	0.360853469363309
2.94937499808921	1.09022349111226	0.216580339848708	0.572903441295593	0.356323101446885	3.24447597748259	0.424674953670257	0.155315050293033	0.537938492519318	0.382623442226285
1.79314531693048	0.854431639477701	0.120646170636565	0.423485849770257	0.302839679133692	1.85505396453595	0.369058135702355	0.085977148601047	0.469040795823248	0.383063647222201
2.35934813062966	1.00744822064225	0.214629410314509	0.643970025733662	0.429340615419153	2.38515800503514	0.419829248263397	0.135768102244572	0.628773828502996	0.493005726258424
2.03723043989222	0.873623985553691	0.157496833541094	0.505353495745193	0.347856662204099	2.0770890985082	0.339431876589081	0.107185172894774	0.465857101622241	0.358671928727467
2.50310353398796	0.91535238997263	0.180363786673928	0.500283152003958	0.31991936533003	2.70555480892691	0.37507804289388	0.116624693270089	0.474473470841591	0.357848777571502
2.35534367996746	0.982588607407419	0.210347121797442	0.617107983463157	0.406760861665715	2.64761266567643	0.418762987278414	0.140189979456363	0.58556613805319	0.445376158596828
2.09268687584572	1.04976036772392	0.160348748530404	0.542485067214539	0.382136318684135	1.9526686477411	0.438998074928485	0.088604605827122	0.503397444826476	0.414792838999354
2.59753114709248	0.908728769227783	0.261129541649097	0.564889390750205	0.303759849101107	2.9465415615028	0.368143707618574	0.185003213888332	0.512913221763712	0.32791000787538
2.20024757729864	1.05599645610578	0.139771345342712	0.545154026646228	0.405382681303516	2.12018046293864	0.402135490062341	0.0878244859728641	0.462578338695291	0.374753852722427
1.37219630081466	1.00821272446174	0.0821262562520704	0.488729181345549	0.406602925093479	0.835617573222641	0.411145039734853	0.0277698195172349	0.461559871528085	0.43379005201085
2.91377714163744	1.11323397024287	0.228846975148832	0.59468828296956	0.365841307820728	2.98475066367046	0.463200801668916	0.153008463776973	0.605074150055019	0.452065686278045
1.39926327081736	1.00791126631162	0.0721139780857526	0.503205051723283	0.43109107363753	1.39815442479148	0.42520385689325	0.0412943432070816	0.485729205437039	0.444434862229957
3.03377935092896	1.09169554782063	0.253518648416827	0.611646166351015	0.358127517934187	3.54158856892707	0.437777775726335	0.178799927667885	0.558661028237306	0.37986110056942
2.18873371048253	1.0080483882958	0.184895860947476	0.642206924883427	0.457311063935951	2.54083634197884	0.416153459976424	0.131776335547022	0.598665012075859	0.466888676528838
2.17735747224819	1.01204300270213	0.167116838881475	0.55018160344334	0.383064764561865	2.39729286256176	0.423870256739042	0.112599203436477	0.530321111072647	0.41772190763617
1.77868576606721	1.01894958249869	0.108030425122688	0.530195464832767	0.422165039710078	1.65603251501209	0.407908576934887	0.0554645949665543	0.469499963794014	0.41403536882746
2.33979240702863	0.803413518644125	0.172129097434724	0.40925754168202	0.237128444247295	2.20882351736045	0.300033315201203	0.108664687439589	0.353004895860521	0.244340208420932
2.44485541987319	0.879887372845711	0.226741227352871	0.495193557869218	0.268452330516348	2.62259176264084	0.310936443169591	0.168823958486088	0.429797968039963	0.260974009553876
2.98945621820079	1.03163373444773	0.278868038150277	0.633976296674952	0.355108258524675	3.36047894228924	0.436260771688146	0.202854897983826	0.635935421185451	0.433080523201625
2.30266799350586	0.978094555819252	0.206250869849468	0.619386976764707	0.413136106915239	2.43736669291598	0.408375315952443	0.120968311772958	0.57801308390945	0.457044772136492
2.51241287915784	0.984179284635389	0.188639293651048	0.521068073519532	0.332428779868484	2.25024908938703	0.350394177941096	0.108080227043881	0.445367777470611	0.33728755042673
2.24153089476196	0.98854645791231	0.178394390456963	0.586917426098277	0.408523035641315	2.08611023635611	0.372469904313421	0.109399678046538	0.503972115897071	0.394572437850533
2.23912419432309	0.978078416993049	0.172881487260202	0.481697348647464	0.308815861387262	2.46387606319298	0.412502279834582	0.12887006435706	0.462827602316851	0.333957537959791
2.01400828233033	0.86839501516135	0.191930632245129	0.548753232637049	0.35682260039192	2.21970548047678	0.375814146474575	0.135698429792041	0.562015385945656	0.426316956153615
1.94278960286086	0.935318870102466	0.137052012086563	0.497550643577093	0.36049863149053	1.96134557910801	0.341042461555403	0.0945836193492246	0.40481069478104	0.310227075431815
2.08628469587098	0.974239456718759	0.146223831292089	0.514322930817963	0.368099099525874	1.89679541660731	0.375626394982793	0.0833162266044595	0.428113087195902	0.344796860591443
3.11856454492763	1.03503727858136	0.271884320447962	0.489650940953653	0.217766620505691	3.34831618632128	0.408317974312667	0.199252728360128	0.456870871597485	0.257618143237358
2.01717378698576	1.02791697133756	0.136100111005218	0.540233593011513	0.404133482006295	1.87179997292827	0.369586466179404	0.0871853122002171	0.450971558239843	0.363786246039626
2.27587075707954	0.89104069386463	0.224034888059347	0.564601500830138	0.340566612770792	2.27663611118738	0.374301219840681	0.131138401129296	0.519977075800301	0.388838674671005
2.25489388328608	0.9303289111086	0.178027100960458	0.514007308951558	0.3359802079911	2.2400265124872	0.374567135020317	0.118005183557822	0.46953183416221	0.351526650604388
1.80476899046257	0.958809599413609	0.145159046566414	0.569357284036735	0.424198237470321	1.64322437247578	0.372197628879912	0.0750820922309929	0.48156305518296	0.406480962951967
2.74035606252761	1.2260907682825	0.197959230589198	0.63070226180276	0.432743031213562	2.71756850489416	0.493640112527603	0.134078142846109	0.607167030611406	0.473088887765297
2.53824911369595	0.935632673304388	0.248892097601598	0.56656612179526	0.317674024193661	2.89429742948402	0.392418496864177	0.181311345088862	0.556168160411738	0.374856815322876
2.07374236683279	0.870599518968398	0.194073097867365	0.514572075438091	0.320498977570726	2.22468032836548	0.373102221227087	0.137235583604925	0.52097385687877	0.383738273273845
2.38498717672657	0.969667151113181	0.214791620079858	0.535877795680584	0.321086175600726	2.79406706384575	0.404691762133029	0.162181672513152	0.485132820792053	0.322951148278901
2.97887417661832	1.08256395810948	0.280534807124598	0.648132686345511	0.367597879220913	3.44450869296974	0.461688873966065	0.205742558939665	0.624728770455297	0.418986211515632
1.84102420334704	1.05300488171092	0.1215173474694	0.565986903547324	0.444469556077924	1.84416532058226	0.416781713912816	0.079207913381919	0.505095113036647	0.425887199654728
1.77752156474984	0.999684421920975	0.106809007916673	0.545252644924054	0.438443637007381	1.84258171038154	0.40892942144383	0.072757324862803	0.520443430538492	0.447686105675689
2.5239926828539	1.00084643251711	0.241657864466625	0.612503148029139	0.370845283562514	2.89888500838923	0.433321666010777	0.167517841221892	0.592954248835948	0.425436407614056
1.84924855344735	0.924164195530766	0.174431255531128	0.557138198169539	0.382706942638411	1.97305414945835	0.427418222382292	0.119289118354483	0.591939797646701	0.472650679292218
2.48978847932551	1.00463244520585	0.196913915313537	0.577029335093028	0.380115419779492	2.55690809286636	0.399322407163439	0.141632800255402	0.545142322845988	0.403509522590586
2.72257203381008	1.00671028907182	0.233245498075669	0.475324714836428	0.242079216760759	2.77810282070741	0.397086472607013	0.153813487016842	0.425512025983163	0.271698538966321
2.63378338142496	0.865716527278224	0.298488520332765	0.551241348299304	0.252752827966539	3.37078085474951	0.343182107708471	0.255031808879912	0.512733619849668	0.257701810969756
1.9386704441257	1.08741926702735	0.105250186714708	0.546418734533067	0.441168547818359	1.87780285830751	0.407505426054134	0.0639853196282682	0.496687921535707	0.432702601907439
1.9199993156143	0.775766309514383	0.128823594779196	0.403359584781508	0.274535990002312	1.99583183549884	0.298903731672477	0.087022602305796	0.347181018289672	0.260158415983876
2.64525583457715	0.842022478004134	0.215114604760054	0.468235305322138	0.253120700562084	2.94305300624132	0.342145914264852	0.167552440817001	0.461964019979329	0.294411579162328
2.78416295563525	1.0085598390258	0.185841084618805	0.502810138095122	0.316969053476317	2.96037488663541	0.392576058482504	0.125269968899364	0.426817637925533	0.30154766902617
2.24050960173862	0.786371569803177	0.17868599004617	0.438045206611817	0.259359216565647	2.41512715659486	0.265063018172303	0.12819093705429	0.343847699960758	0.215656762906469
2.01996012870157	0.95036966648513	0.189264245034447	0.564734221341603	0.375469976307156	1.99173107302467	0.383616996968573	0.111806845247608	0.486772928944366	0.374966083696757
2.11413921532918	0.902688726318524	0.140220744122234	0.443451080882735	0.303230336760501	2.48414299505717	0.371776958398902	0.120654789766065	0.430715865600561	0.310061075834496
2.30631780441662	0.975719461376174	0.214058461723585	0.584750841826924	0.370692380103339	2.48009677453862	0.406277216564049	0.14957645979518	0.555331681535479	0.4057552217403
2.44367685849972	0.96699287572895	0.239673447021793	0.567961724095147	0.328288277073353	2.47044074101501	0.405986768026981	0.134786169733373	0.519555599049169	0.384769429315796
1.90849599953961	0.923595051089973	0.177345887362624	0.534883587388011	0.357537700025388	1.5111235370235	0.359657062870206	0.114343050767246	0.506098015923045	0.3917549651558
0.0990727685182036	0.857024213011146	0.00164736072591631	0.418998247339148	0.417350886613231	-0.112586231936061	0.319262971904637	0.00700037537859799	0.344770124939797	0.337769749561199
