LR1_coefficients_null_raster	LR1_coefficients_Elevation_16_k10_R	LR1_R2_null_raster	LR1_R2_Elevation_16_k10_R	LR1_Q_Elevation_16_k10_R	LR2_coefficients_null_raster	LR2_coefficients_Elevation_16_k10_R	LR2_R2_null_raster	LR2_R2_Elevation_16_k10_R	LR2_Q_Elevation_16_k10_R
0.34157205836103	0.124202283367498	0.593830064160191	0.774909790274075	0.181079726113884	0.0294853548008733	0.00507981297848893	0.495247631287708	0.907484014996825	0.412236383709116
0.321435671259842	0.111454476693872	0.609531103286496	0.67048785554547	0.0609567522589741	0.0199425379677274	0.00395611302620525	0.450323432975252	0.734346928145175	0.284023495169923
0.36717716016188	0.129965702889729	0.586341859034822	0.751626815372873	0.165284956338052	0.0287972637915171	0.00569624684573571	0.43196466397073	0.884431701042846	0.452467037072116
0.341824995398098	0.110286669672282	0.629411580852407	0.711803151290811	0.0823915704384045	0.028268268540321	0.00390022945446388	0.541138204543592	0.811908260024559	0.270770055480967
0.296564799556337	0.14112966215631	0.338124369540905	0.581591361863683	0.243466992322778	0.0226729926815149	0.00592113671855065	0.257083874827582	0.619639658967315	0.362555784139733
0.371848602559267	0.115236773143847	0.624328983882345	0.721052713162014	0.096723729279669	0.0334733279552786	0.00481732286477062	0.529798789774862	0.872544695291853	0.342745905516992
0.313929571085949	0.123422186810408	0.610997456555736	0.802544664391152	0.191547207835416	0.0227200174093432	0.00453495819535646	0.485695288848073	0.882736710240002	0.397041421391929
0.344330262158192	0.121986578603505	0.648728268150268	0.78202272506828	0.133294456918012	0.023503513214031	0.00485877550853656	0.464687454150088	0.90503706061756	0.440349606467472
0.322247410860793	0.12577204459227	0.50011866851159	0.64116860405712	0.14104993554553	0.0209102109249106	0.00632502265707975	0.347909387781422	0.797679877344953	0.449770489563531
0.33472875797671	0.119290747271036	0.559606585573227	0.639217467352939	0.0796108817797119	0.02517402984167	0.00492356404092067	0.455036462080927	0.710942323694684	0.255905861613756
0.381428838705488	0.121192796924854	0.599510127434896	0.649546659979268	0.0500365325443721	0.0375489041604988	0.0057795423559501	0.504350671203731	0.771896758751539	0.267546087547808
0.294278156261606	0.10670571791406	0.522528155428828	0.617292543033939	0.0947643876051112	0.0187398014463376	0.00404293205786251	0.385720294466749	0.643161052988926	0.257440758522178
0.32529873580653	0.108487382744634	0.463615357889736	0.488692897124214	0.0250775392344784	0.022538113394191	0.0042956802874965	0.347029560636719	0.510324730223651	0.163295169586933
0.333126275109322	0.129823479741608	0.534939684825925	0.621000387067772	0.0860607022418471	0.0248652020495927	0.00606822472926315	0.42712221311945	0.76903549043738	0.341913277317929
0.369155750811286	0.116697742057994	0.520291740046356	0.55589896470078	0.0356072246544242	0.0269442640153178	0.00565181836588961	0.383760471069891	0.711928171714349	0.328167700644457
0.34922703376053	0.132228919811877	0.583194657760827	0.773187796316845	0.189993138556017	0.0236945302164792	0.00520641631031095	0.417034337664781	0.863355757447686	0.446321419782906
0.344094970568688	0.115722737237234	0.559158050100466	0.638833977285163	0.0796759271846968	0.0286036018479153	0.00562522435597696	0.453575814105503	0.802836643631267	0.349260829525764
0.360537265880331	0.124653889880146	0.567259499174687	0.657505028429965	0.0902455292552778	0.0324845117730538	0.00513653820108483	0.482868862516684	0.721558258180736	0.238689395664052
0.301201286222383	0.115260583133149	0.52561471822528	0.637086442051695	0.111471723826416	0.0243696373372609	0.00557096789395277	0.44542804308853	0.765092885263318	0.319664842174788
0.300320823349675	0.11230622498109	0.513474580145278	0.636267797465768	0.12279321732049	0.0204415524294402	0.00499763607219727	0.378392518674464	0.730567089788722	0.352174571114258
0.312238228993684	0.109668086474833	0.54670097862276	0.634378120064853	0.0876771414420932	0.0193836372626531	0.00454776019187457	0.38247234390644	0.771102402129255	0.388630058222815
0.310179109383559	0.116116066224677	0.502902950063062	0.652613363446934	0.149710413383872	0.0205449349288147	0.00534359944921281	0.359001106677975	0.816899810088397	0.457898703410422
0.296891078440907	0.115323251520418	0.520986844728046	0.593841360904023	0.0728545161759767	0.0234864355872373	0.00451157445905515	0.472289366495917	0.63273363085223	0.160444264356313
0.312995039394958	0.126742349802039	0.540144374919845	0.749474252365157	0.209329877445312	0.0209718015824887	0.00562384938480016	0.38077210363062	0.901067720531289	0.520295616900669
0.319998241078372	0.117374119505317	0.583436681053422	0.695795217473411	0.11235853641999	0.0283810626712586	0.00465746723553569	0.54481558154469	0.80100623467415	0.256190653129461
0.305251093241761	0.104581463533498	0.588335291296919	0.700736209267684	0.112400917970765	0.0276119093381248	0.00408282693162434	0.547798764985503	0.83577159287374	0.287972827888236
0.338070699620028	0.132235696413568	0.574361706508346	0.781630744877856	0.20726903836951	0.0245547680129742	0.00564460650764657	0.422264026184434	0.908824812108759	0.486560785924325
0.365767972138457	0.120162242382097	0.626190237304277	0.743479274089538	0.117289036785261	0.0341228733092037	0.00447804194918399	0.553748593187423	0.827854312462157	0.274105719274734
0.320063479273261	0.116505938967873	0.499826750969614	0.592627536331004	0.0928007853613895	0.0221770189738959	0.00493014183907758	0.37688434836549	0.675985923005087	0.299101574639597
0.354685535372135	0.124314715786636	0.644354857763585	0.794128194229156	0.149773336465572	0.027434719086261	0.00510524783597525	0.498626928081568	0.936114672483248	0.437487744401679
0.386699916188268	0.124452903358695	0.655788776199674	0.732472461313868	0.0766836851141941	0.0337156963135347	0.00518891938312376	0.527279760170688	0.849720864888488	0.3224411047178
0.328826382815412	0.0993482706887813	0.572030361468068	0.626604474569859	0.0545741131017905	0.0286735170736788	0.00312037386852256	0.526688746005025	0.63569002999331	0.109001283988285
0.344559357481469	0.134231221316137	0.557626010243916	0.761010019463934	0.203384009220019	0.0251441866296481	0.00559328741101259	0.401525484366644	0.84541432583166	0.443888841465016
0.332088763894615	0.122624005757515	0.552355657393258	0.731300951510433	0.178945294117175	0.0246503703688005	0.00487926311146947	0.406390524474494	0.820651813598552	0.414261289124058
0.335906710105583	0.151353043091957	0.502074066263496	0.709672481702972	0.207598415439476	0.0198530027287798	0.00727213089308866	0.337104678263792	0.882698413378253	0.545593735114461
0.324094137023149	0.125119276940541	0.557078535520411	0.775048083823515	0.217969548303105	0.0229036987312776	0.00433692557561031	0.415524569001554	0.827904374656659	0.412379805655105
0.348274657712998	0.110690285235192	0.613949597452262	0.68807448955034	0.074124892098078	0.027796844128994	0.00371483581501611	0.500207209523189	0.7232952284694	0.223088018946211
0.313255887466819	0.116342627334396	0.45038030377844	0.574628779179885	0.124248475401445	0.0276443650099726	0.00467522808497295	0.394391878237387	0.606001300947812	0.211609422710425
0.339452436144293	0.131339054968764	0.623815123962833	0.769452044902818	0.145636920939985	0.024653289345423	0.0048895265980395	0.492977812829121	0.830706526279445	0.337728713450324
0.342374670628307	0.123408621197534	0.440994633919508	0.543471859053023	0.102477225133515	0.0272895864069683	0.00505661444596511	0.338385961426311	0.56717979555152	0.228793834125208
0.337149089467948	0.0875578252120987	0.508290742164089	0.522177955545308	0.0138872133812181	0.0500680692749549	0.00323410198543945	0.556756444674824	0.518417372773212	-0.0383390719016117
0.307809360125104	0.101292358837221	0.530028199377164	0.572114042486446	0.042085843109282	0.0259872653368123	0.00372339927594417	0.456664726562231	0.59683867420511	0.140173947642879
0.364703123104716	0.116383457698896	0.417681894246634	0.616525038242801	0.198843143996167	0.0580165084304759	0.00551872257487232	0.44568103637084	0.757561742847982	0.311880706477142
0.329147761019788	0.117614385086261	0.528656584560509	0.697425511808559	0.16876892724805	0.0344136012395739	0.00533494476331765	0.465856171532175	0.827856454428438	0.362000282896263
0.363927082754696	0.12111380323567	0.438581193290427	0.505288083813349	0.0667068905229221	0.0274475209583612	0.00403319027973199	0.335673452856647	0.486693119387607	0.15101966653096
0.255669233384479	0.102602204262457	0.416605814315992	0.619246055678835	0.202640241362843	0.0220454842769236	0.00432827553221236	0.363025285130454	0.759361722525526	0.396336437395072
0.390840232406418	0.134493422398048	0.614453559850885	0.785897188613079	0.171443628762194	0.0378107759133528	0.00520336392380703	0.540784838767435	0.874969557322773	0.334184718555338
0.319591696265309	0.0882400284820721	0.470690098194475	0.463898885208531	-0.00679121298594371	0.0312406396283921	0.00275925246617355	0.428114825027566	0.396350165679862	-0.0317646593477033
0.300681790152931	0.120557534720852	0.4707269381074	0.708778640605086	0.238051702497686	0.0256151561815079	0.00512270981415431	0.381110083571103	0.842760135148879	0.461650051577776
0.360484139743976	0.102794673136553	0.545332214741587	0.627849075034773	0.082516860293186	0.0488932427671508	0.0042787510878326	0.518763383315938	0.68060863497016	0.161845251654222
0.334871626507954	0.129861840811978	0.529016943479715	0.763099440789638	0.234082497309922	0.0237438994978503	0.00591324931914264	0.367764959509624	0.933467009844605	0.56570205033498
0.325905779468552	0.131014658822411	0.560662601432642	0.779781837292799	0.219119235860156	0.0224411025313142	0.00526857626210494	0.402015675540863	0.884748911014408	0.482733235473545
0.320878392835686	0.116183472405911	0.516438764706697	0.66687454194809	0.150435777241393	0.0302702758729503	0.00551902842693402	0.444588643116421	0.82547314141793	0.380884498301509
0.350282446811226	0.117092596843695	0.651440319382223	0.736523242739593	0.08508292335737	0.0264589822955194	0.00479786388095971	0.499541887181602	0.857605705099552	0.358063817917951
0.342237057693768	0.119452486807066	0.45283560414015	0.572626694044031	0.119791089903881	0.0251846611848779	0.00514974376080762	0.331212806855007	0.685171499113709	0.353958692258702
0.369119189074715	0.139118021287932	0.59745690139516	0.806309258287429	0.208852356892269	0.0296953442701751	0.00563978116288948	0.468547745499333	0.919931879854762	0.45138413435543
0.353205236223931	0.118373675377795	0.5842142420273	0.712954171986979	0.128739929959678	0.032173098593535	0.0044120003717705	0.515026330747897	0.779645874058976	0.264619543311079
0.310740245002489	0.117703001986812	0.602601127093634	0.706346723563174	0.103745596469539	0.0230773459919767	0.00540075572573338	0.476568793151991	0.862138825292887	0.385570032140896
0.337473694432874	0.141978124991631	0.499213885918188	0.73638750391489	0.237173617996702	0.021469273463585	0.00648666076109417	0.3367451279851	0.884196259984758	0.547451131999658
0.327218749559133	0.130697882276419	0.50885843627677	0.606173525181534	0.097315088904764	0.0230808683734256	0.00689972883867541	0.383699029665462	0.749555482620595	0.365856452955133
0.344188696146302	0.12618296485153	0.647213132411032	0.761581661552044	0.114368529141012	0.02840105570553	0.00562395050585798	0.524431355192185	0.896893635895638	0.372462280703453
0.325900030613984	0.10158447257781	0.648481273336117	0.726830444599035	0.0783491712629178	0.0273483509382363	0.00363228330451185	0.556485404316948	0.824823202795936	0.268337798478988
0.320182521449879	0.10344490408128	0.449437864314966	0.607412336751725	0.157974472436759	0.0447437520832255	0.00429331647070528	0.501219647436379	0.718998583182608	0.21777893574623
0.314340426327464	0.111002927010065	0.534239459551742	0.608534091004988	0.0742946314532469	0.0255838728119037	0.00482254139440737	0.45400082192962	0.712574466325847	0.258573644396227
0.31271350131336	0.108710020394068	0.550361263424771	0.706930779676884	0.156569516252114	0.0228248247946835	0.0041494627298463	0.417388965813558	0.792506288686964	0.375117322873406
0.300172844060876	0.115648342271477	0.579714870831136	0.751377551304269	0.171662680473133	0.0196105282971147	0.00440168613693384	0.431610347617061	0.840859760689586	0.409249413072525
0.35616931078386	0.116433778223333	0.611703336114608	0.733848273633072	0.122144937518464	0.0277454248914187	0.00427782246183505	0.472291212783887	0.765830992375126	0.293539779591239
0.331865890538422	0.128194843215127	0.578229040959635	0.777494273992079	0.199265233032444	0.022752001199303	0.00546319807828982	0.409290131458377	0.892148049743761	0.482857918285383
0.359617506127356	0.1308844965762	0.61279403848846	0.675883329315804	0.0630892908273442	0.0278567418841628	0.00615510841325758	0.470686343458557	0.80439078510605	0.333704441647493
0.282932553302842	0.121269861600093	0.428079836133263	0.623176039935514	0.195096203802251	0.0175916696413184	0.00520474036193551	0.293469095250822	0.708441557432895	0.414972462182072
0.322998454564737	0.118563090674696	0.561305630538192	0.718642498991357	0.157336868453164	0.0291681338434637	0.00492704996108249	0.476603639603275	0.821122390454306	0.344518750851031
0.316320966675299	0.111868807810927	0.519127025057083	0.622042196206837	0.102915171149754	0.0222360874537202	0.00512167676260534	0.379404170697606	0.763375130019302	0.383970959321696
0.288362422930452	0.126270311994187	0.527838777445787	0.742774425745795	0.214935648300008	0.0162246454183057	0.00581143257019166	0.354985906009409	0.902106118226766	0.547120212217357
0.342396230019214	0.119520966491045	0.553650062252588	0.660725051695357	0.10707498944277	0.0250983068302268	0.00536310025889138	0.418295870430154	0.810652035425448	0.392356164995294
0.274810560407098	0.121339890273212	0.472612974641248	0.688433509678595	0.215820535037347	0.0170883038302885	0.00579423259686849	0.33777312504416	0.847838745534006	0.510065620489847
0.325479302979526	0.118770705471051	0.541097494580152	0.629506952630985	0.0884094580508331	0.0215079849818621	0.0050590898431452	0.402900600666102	0.703923614783404	0.301023014117302
0.338618615123011	0.0999998632727744	0.4482677188439	0.637505694527667	0.189237975683767	0.0567993302771171	0.00487369587148661	0.475586027838279	0.831727918494508	0.356141890656228
0.307746010440186	0.119419194096097	0.52395637031578	0.740190045837163	0.216233675521383	0.0248715754959955	0.0048751446738193	0.419178615999461	0.853529099335929	0.434350483336468
0.316602930373691	0.105810634708359	0.555694499152109	0.608020704806205	0.052326205654096	0.0242570341210979	0.00454401058318263	0.456169699134354	0.709638886490899	0.253469187356544
0.319276750812072	0.118567906747112	0.500033326011659	0.656879254904582	0.156845928892923	0.0268935135100123	0.00512659954229375	0.403489755932307	0.737776329439899	0.334286573507592
0.345528317316653	0.113362355402551	0.606718377353597	0.712396013281128	0.105677635927531	0.0243992517542886	0.00443273046514427	0.44364654078054	0.849865405448954	0.406218864668414
0.352953316382721	0.13705937796651	0.591823019421794	0.759467949786796	0.167644930365002	0.0278105687057171	0.00627436537661738	0.467891223021498	0.919162344080659	0.451271121059161
0.336690874701043	0.121213497169623	0.569899072673686	0.727347499118641	0.157448426444956	0.024584987835231	0.00551282017721101	0.423385127612186	0.896877611426071	0.473492483813885
0.320592407374229	0.10775384170384	0.554950753896781	0.633067807366024	0.0781170534692434	0.0224056597260729	0.00441293586939312	0.412178355697083	0.728443367656568	0.316265011959484
0.352874828651298	0.121982565640574	0.607514985890211	0.673261139917581	0.0657461540273704	0.0323560821177507	0.00585302385651647	0.534751230867316	0.827371810010254	0.292620579142938
0.339078756260337	0.114845375088631	0.499266343337848	0.523343535386119	0.0240771920482707	0.0257719913953839	0.00506499848859046	0.378908431669249	0.577184135211758	0.198275703542509
0.328333029607119	0.121235205436229	0.623311463167893	0.707976518015367	0.0846650548474744	0.0219588107664921	0.00498947447214744	0.456920733171743	0.79671625565768	0.339795522485937
0.325633696616148	0.119865792381886	0.543935556920507	0.699002764156253	0.155067207235746	0.0223032588880144	0.00508385430712684	0.395980298274969	0.790409101000235	0.394428802725266
0.328838710227866	0.0936454738131022	0.545575455129622	0.459690493726135	-0.0858849614034878	0.0286443626521744	0.00418565473266795	0.483347065535868	0.530616693148399	0.0472696276125311
0.338611685973176	0.111592285482304	0.473469551492772	0.488492566118699	0.0150230146259269	0.025271138599447	0.00455058095674814	0.360514194372873	0.463964409577097	0.103450215204225
0.305798045182235	0.0945625267631339	0.484826760578583	0.480277052335591	-0.00454970824299161	0.0227302250691269	0.00367302103112001	0.386124030852176	0.464965681996768	0.078841651144592
0.311987058753222	0.129071212296339	0.525695043216358	0.745773881313183	0.220078838096825	0.0208365039012922	0.00577876647737865	0.361372338725097	0.885133272553097	0.523760933828
0.350815042375866	0.10248998715039	0.610118139568104	0.650871645962142	0.040753506394038	0.0295688097028626	0.00364982202508372	0.513536953022567	0.714793230019427	0.201256276996861
0.350857422205591	0.110638681133256	0.652278019511951	0.71412819457847	0.0618501750665192	0.0271478278891725	0.00439171532436375	0.518202698222614	0.863293265044834	0.34509056682222
0.357879705063146	0.124901128736595	0.585026095597768	0.69741152068622	0.112385425088452	0.0290886710843572	0.00576864181300357	0.465268138885684	0.88931916348875	0.424051024603066
0.338959111572556	0.12559015917596	0.539401827637006	0.6710429896526	0.131641162015593	0.0303193693121698	0.00557737587760216	0.460194307691805	0.776192493240576	0.315998185548772
0.32816194407313	0.126560413286788	0.583452512610441	0.689348464118225	0.105895951507784	0.0284732605795309	0.00549416016492155	0.529288224269877	0.797222215034154	0.267933990764277
0.370475788907737	0.13986355650052	0.644383365375817	0.786839691364479	0.142456325988661	0.0278850211875832	0.00616347861377446	0.484460762455714	0.923936333695026	0.439475571239312
0.294618308831202	0.115907927398116	0.488218568704287	0.65081283949998	0.162594270795693	0.0245867675749783	0.00530301376236345	0.398657438536688	0.761128228367404	0.362470789830716
0.337655310004676	0.128580121300415	0.556936209549535	0.7370208540225	0.180084644472964	0.0233884594950218	0.0058349329897484	0.395327144114203	0.877479016147376	0.482151872033173
