LR1_coefficients_null_raster	LR1_coefficients_Elevation_16_k10_R	LR1_R2_null_raster	LR1_R2_Elevation_16_k10_R	LR1_Q_Elevation_16_k10_R	LR2_coefficients_null_raster	LR2_coefficients_Elevation_16_k10_R	LR2_R2_null_raster	LR2_R2_Elevation_16_k10_R	LR2_Q_Elevation_16_k10_R
3.74526272372768	1.16221491171111	0.300681403526174	0.451598591964466	0.150917188438292	4.72225266027034	0.534226821956281	0.287333969092209	0.552194909924157	0.264860940831948
4.14880530064202	1.02988610066556	0.339144813022382	0.381285234082611	0.0421404210602286	4.41707099968157	0.457672010508284	0.292680444686249	0.464550133257323	0.171869688571074
4.00866163746182	1.14579594239439	0.315149127428759	0.441233540042512	0.126084412613753	5.34527789920146	0.535345553085355	0.3102271166362	0.548788289561814	0.238561172925615
3.99119476341316	1.09475385608426	0.312150264004478	0.409968418312437	0.097818154307959	4.53934371838151	0.421434020504939	0.275237074808819	0.459525033625403	0.184287958816584
3.35566903376534	1.23151767502034	0.190881565698115	0.3781799505923	0.187298384894185	3.68356633761541	0.555140862973394	0.154290744457107	0.449565320259815	0.295274575802708
3.86101527042502	1.11493606652512	0.329395614351564	0.468642820063568	0.139247205712003	5.34760335173693	0.538671502815614	0.339837442784914	0.611787573847829	0.271950131062915
3.03550576141122	1.17986560800944	0.262921598887369	0.466416995340745	0.203495396453376	2.8485707511732	0.558379080234531	0.182779897620848	0.587752830778644	0.404972933157796
3.05190971431427	1.15197228379173	0.261083594311068	0.446991960718051	0.185908366406983	3.22718184097258	0.545985028368096	0.207358338012867	0.569429584332846	0.362071246319979
3.8146257345494	1.11959023772097	0.297218187800896	0.394091679729411	0.0968734919285146	4.67266807279772	0.542365036769113	0.275683689740453	0.482880017929758	0.207196328189305
4.09910428720131	1.08469197673359	0.348187579622854	0.405893231533864	0.0577056519110096	5.83661162602406	0.525649516095357	0.379060569930564	0.49363306945253	0.114572499521966
3.84521585059171	1.12915941318965	0.307084974811238	0.397016033792466	0.0899310589812282	4.5975922155751	0.51625394126118	0.25470068510427	0.471531375586155	0.216830690481885
3.60398391268242	1.10812140067801	0.309547738124797	0.455956005432602	0.146408267307806	4.98854387944156	0.546560415897365	0.323345286823697	0.574441016293057	0.251095729469361
4.40209386294247	1.09237966205918	0.31877839283665	0.353603915913007	0.0348255230763575	5.53846354251373	0.485926702732156	0.320659683971613	0.406476855670025	0.0858171716984114
3.72653471659518	1.04766577658233	0.273344221815127	0.324373621684429	0.0510293998693029	3.94159637537006	0.495928379299006	0.226551575068191	0.398524499083016	0.171972924014825
3.92427495687711	0.969392885424471	0.275069654779018	0.322270961083629	0.0472013063046114	5.05313796814193	0.487311020462739	0.264781124482073	0.429389177047962	0.164608052565889
3.00450279612029	1.11440304366365	0.241088827071011	0.434506641805943	0.193417814734932	2.96255912126735	0.568072701505704	0.174719889604129	0.591482331582723	0.416762441978595
4.04596854572596	1.08395568162835	0.31642261640337	0.404371888075943	0.0879492716725729	5.15507236778413	0.492610853772281	0.314968303024797	0.470143113426033	0.155174810401235
4.19423390822459	1.20171541779196	0.328201430747509	0.418215477361075	0.0900140466135662	4.69062833950446	0.520374520447335	0.28274696260581	0.476224345641799	0.193477383035989
3.67955830822622	1.09277249033104	0.293569314219972	0.433652774361601	0.140083460141628	4.26607205644387	0.486177290166064	0.268408871419894	0.503192909735291	0.234784038315397
3.5438479154841	1.00537687193298	0.301082203754153	0.404830804536802	0.103748600782649	4.65687256886272	0.467546018687222	0.293607956298778	0.471726754026959	0.178118797728181
4.70923692163803	1.0434755104354	0.414251163627414	0.388691398447349	-0.0255597651800653	6.23884535457401	0.496903307566811	0.438951741786017	0.502317972075358	0.0633662302893416
3.62420550502589	1.02483067541049	0.301803532518081	0.393956238758126	0.0921527062400446	4.57367630049872	0.501840416572374	0.288107442724111	0.502700841889703	0.214593399165592
3.80963767351534	1.0838302617942	0.314545408273832	0.394589935093427	0.0800445268195958	4.87132870678396	0.491881398238646	0.345346913376921	0.480911866901592	0.135564953524671
3.65180536543178	1.05579450420948	0.33799193621184	0.430049406067792	0.0920574698559524	5.46922281587441	0.540015268122374	0.362386726345681	0.5596446213838	0.197257895038118
3.92196776622336	1.08985063596151	0.326101697964856	0.420935739480877	0.0948340415160215	4.98614175009769	0.504965134534898	0.318865775913874	0.523696397743483	0.204830621829609
3.45845818314258	1.00805408378604	0.294247202776593	0.41430103191887	0.120053829142277	4.01194788005184	0.440547901806763	0.26361547952276	0.494956236496012	0.231340756973251
3.75902471011219	1.14926568534213	0.311480703407044	0.441999859831738	0.130519156424694	4.86482878667774	0.53141714744092	0.295121791874744	0.538030672895731	0.242908881020988
2.85433251361678	1.07974541263985	0.239035927290145	0.436298297816667	0.197262370526522	3.12640415967681	0.493681897197668	0.189523702939637	0.546386796633016	0.356863093693379
3.52930545555294	1.06813835801543	0.283330208889943	0.379443229992058	0.0961130211021153	4.1461220149322	0.443432633629918	0.276575025660856	0.424618571770159	0.148043546109302
3.74350436882356	1.20462579804787	0.308715382715919	0.470278663434732	0.161563280718812	4.60016105023851	0.533130508510574	0.287374158457523	0.560556756071372	0.273182597613849
3.73893727262878	1.05081144560168	0.299821148214012	0.389058988480935	0.0892378402669224	5.5642467824193	0.501111786419352	0.314747518553319	0.475261553872017	0.160514035318698
4.14550333702956	1.01251281878084	0.322595156957215	0.39832119380192	0.0757260368447045	5.48285963367691	0.451867318843073	0.331009233273436	0.486143392176889	0.155134158903453
3.64719592319368	1.22429293003868	0.292802695511551	0.466988701026671	0.17418600551512	4.45956271654683	0.558677269514466	0.269155771035613	0.553828140879065	0.284672369843452
3.54717243628335	1.14057025623945	0.290125742132547	0.44460441095273	0.154478668820183	4.42389853370212	0.557963039706529	0.257518681029919	0.561724090628409	0.30420540959849
3.96901011890763	1.2602160736207	0.279398458373219	0.407591374873669	0.128192916500451	4.9032028031321	0.580937223581301	0.266067308123719	0.491872970234427	0.225805662110707
3.31239530432791	1.1398819113838	0.270795936745048	0.432010424535448	0.161214487790399	3.99334705655318	0.540727151417936	0.253530357472369	0.553772881571176	0.300242524098807
3.76553368880238	1.12774957526965	0.312971261448213	0.426011443428616	0.113040181980404	4.07136687789713	0.503190685046684	0.255767519345606	0.528953326773955	0.273185807428349
3.58093544708839	1.05796529691225	0.251963922192646	0.346288453120015	0.0943245309273685	4.41551533709015	0.470150611269861	0.23927294940605	0.387085047746616	0.147812098340566
4.24513382851207	1.15615528338087	0.354133249022634	0.419337980463661	0.0652047314410266	5.17332697824037	0.531665127671512	0.339525229964353	0.511196438914263	0.17167120894991
3.2673156878895	1.0936035422407	0.209291512741341	0.323446057384359	0.114154544643019	3.64039861378166	0.505823856156639	0.171235113264374	0.378418973554443	0.207183860290069
3.24573784428633	0.815905033153345	0.342624844908001	0.396769192029465	0.0541443471214644	4.14310870921273	0.299408033066244	0.325316129776514	0.424541561185292	0.0992254314087778
3.46861744286198	1.07130680581627	0.299944131953996	0.391224982924237	0.0912808509702413	4.54989830586236	0.512556590706196	0.297571598515849	0.477433716515857	0.179862118000008
2.8556493647744	0.908277418033306	0.185779564640437	0.32966549818312	0.143885933542683	3.43151987591613	0.434043499007599	0.152776357417717	0.40388889534138	0.251112537923663
2.9093981097582	1.00501743405528	0.234677640471121	0.392377212344004	0.157699571872883	3.31779092125488	0.379669091397513	0.190932993311448	0.390367331451997	0.199434338140549
4.76651923567796	1.38619080010616	0.480491521857984	0.559323660189777	0.0788321383317928	5.43764716425688	0.490617373571191	0.533316948788661	0.644207180658502	0.110890231869842
3.24248172497386	1.08779705013789	0.263226356125821	0.436468067727168	0.173241711601347	3.93532949459138	0.48433315260526	0.239723347955749	0.545978769359041	0.306255421403292
3.70635972151314	1.1665869533217	0.272700710954819	0.444880772771789	0.17218006181697	4.58673607798223	0.54019935669745	0.249324948748139	0.548542275342904	0.299217326594765
3.44756403675906	0.739585060252833	0.261828343820409	0.293256988433463	0.0314286446130534	4.121825742027	0.17028841519085	0.22761653969969	0.191215049764565	-0.0364014899351249
3.08872967332049	1.03458584567294	0.230758668349706	0.393562375210762	0.162803706861057	3.7035750998907	0.514869875933638	0.191892623792746	0.498026050723459	0.306133426930713
4.15255458223417	1.05192106342497	0.350594906056319	0.458094475410492	0.107499569354173	6.38953121811744	0.494840541970915	0.367932281016943	0.570885290143809	0.202953009126866
3.21424535283757	1.09069438973327	0.261511715326712	0.42189429738173	0.160382582055018	4.48444951049251	0.569180407770052	0.256621612836773	0.568045663514809	0.311424050678036
3.40533171328276	1.17796208195159	0.299056790305254	0.467480886767685	0.168424096462431	3.979671135409	0.563604323307688	0.264496079037799	0.593678182293024	0.329182103255226
4.30853393131782	1.09178963092251	0.357537384367794	0.418494441710978	0.0609570573431837	5.45611541150041	0.48155769276446	0.335677637487313	0.473410438208777	0.137732800721464
3.90719529776831	1.09042195439312	0.335411357773391	0.447513423430253	0.112102065656863	4.47496162403758	0.472817216834164	0.287863130005457	0.517710936239286	0.229847806233829
4.89669307464738	1.22309397073053	0.324378272397026	0.377433525564965	0.0530552531679383	6.47907727857334	0.564786530582406	0.321863225023445	0.456483041285383	0.134619816261938
3.71656035583248	1.19875790863388	0.28411493097145	0.449936412749122	0.165821481777672	4.22397564833517	0.561117942693911	0.236770692355013	0.56819944546893	0.331428753113917
3.83721614474595	1.15547312310762	0.297371441842085	0.427632598741311	0.130261156899225	4.83491491942543	0.486238380615207	0.287702879217175	0.493546682517861	0.205843803300686
3.81218797067471	1.06016130446019	0.350204921218949	0.424509918134672	0.0743049969157225	4.66022716919026	0.457658558103674	0.337172960866598	0.481695725011568	0.14452276414497
3.52793623194272	1.16073278736315	0.263839411032188	0.422161661339478	0.15832225030729	4.34039577802315	0.558032554207299	0.242415722709464	0.536395538944629	0.293979816235165
3.83403285109424	1.18743536036867	0.283026676671379	0.41061714298487	0.127590466313491	4.73981204779726	0.523259492016439	0.272612073509858	0.454205051208948	0.18159297769909
3.65694851995196	1.04131591649331	0.36084478672412	0.438082532334216	0.0772377456100957	4.78379215347811	0.491338538854884	0.335286741855086	0.518815259859798	0.183528518004713
3.75647088399296	1.05383659944006	0.336339645819519	0.468766824668047	0.132427178848528	4.92513185981285	0.47448631223824	0.320062814849855	0.584156883460717	0.264094068610862
2.78526002699667	0.947511624138042	0.200144285832694	0.370876982265075	0.170732696432381	3.35017124923734	0.463663034437996	0.167780370237037	0.468079653202093	0.300299282965056
3.08214401089116	1.04999096333818	0.25323801535408	0.400127281311039	0.146889265956958	2.7633687874044	0.463184231485474	0.175573261789837	0.453783843550386	0.278210581760548
3.7546397198241	1.14193872639764	0.317652921202005	0.481764189559257	0.164111268357252	5.0828528384631	0.549814160605298	0.322472035548413	0.623145573952684	0.300673538404271
4.34323151225965	1.13798575049517	0.395695945224919	0.473458677904177	0.077762732679258	5.68968155411926	0.5246625997775	0.410538418666237	0.590643047418845	0.180104628752608
3.82352867439217	1.10647719478035	0.318065060862569	0.465448125945377	0.147383065082809	5.55640651057385	0.550763568034136	0.334984157648776	0.598937808244393	0.263953650595617
3.57697524204105	1.12345198074301	0.321839089257834	0.482720301988231	0.160881212730397	5.03492482410726	0.555394735550851	0.33968767184703	0.62175044426941	0.28206277242238
4.5984051115681	1.1547016780037	0.383246569291756	0.395710648878214	0.0124640795864573	6.12088685731434	0.447567885742142	0.382496288093052	0.410624103904224	0.0281278158111724
3.55895902494088	1.16775965028775	0.292844475956635	0.438052428425099	0.145207952468463	3.6261347095015	0.496475100643971	0.265309779971382	0.510435568382629	0.245125788411246
3.04495787523405	1.04670429279598	0.25561022544141	0.413052685937099	0.157442460495689	3.44233497812098	0.491573037305348	0.208346501862679	0.505336667841815	0.296990165979136
3.54732438136604	0.971723252563394	0.29373507579417	0.360983757687178	0.0672486818930085	4.65694662282398	0.473755128693052	0.291685034050295	0.458957112049466	0.167272077999171
3.50504946926681	1.04888530454651	0.317040696573485	0.439846109284954	0.122805412711469	4.01601749910699	0.490246061668818	0.283204775445334	0.536195434847458	0.252990659402124
3.72767850065682	1.12373945926352	0.300892473955894	0.406515889783423	0.105623415827529	5.3886391141482	0.557176814777345	0.325283961565968	0.511169395986053	0.185885434420084
3.29820055616697	1.07559247242025	0.283958785277497	0.438132594666851	0.154173809389355	3.96828756161304	0.502951788003195	0.267981800863786	0.535938811576738	0.267957010712952
4.05389645217577	1.08619889442278	0.308417652213978	0.396167451680962	0.0877497994669836	4.6467110479111	0.477949680901935	0.282676504445573	0.453882718688876	0.171206214243303
2.55825627122714	0.834832081868466	0.180580491807418	0.347640505123562	0.167060013316145	3.04901030400054	0.385474666817062	0.143902963234968	0.432934994813111	0.289032031578143
3.26295634161029	1.15057109860917	0.268861547082076	0.46902365169972	0.200162104617644	4.019985898671	0.530617654369229	0.239861967072709	0.564156379963544	0.324294412890835
3.55880318461216	1.13059762826732	0.298784546478811	0.437986189749067	0.139201643270255	4.62700642573238	0.52699551309434	0.29582175523698	0.53144967474076	0.23562791950378
4.41498018834114	1.10142187753712	0.348507718296647	0.41518424066403	0.0666765223673825	5.16257744505899	0.473693661178945	0.3121650223793	0.466965788180549	0.154800765801249
3.9532971540189	1.15135263278754	0.308715358306919	0.444340917625819	0.1356255593189	4.06896013405946	0.493554509210427	0.24468500125396	0.53507712107411	0.29039211982015
4.50279660327305	1.27556763400317	0.347497353394821	0.455597777205646	0.108100423810825	5.60313124491004	0.553872227180404	0.324840030350931	0.52646005523944	0.201620024888508
3.38666882839167	1.09852173593987	0.281880324374124	0.446217611395924	0.1643372870218	4.81741145315935	0.545048594418436	0.291638726822335	0.566253043086202	0.274614316263867
3.58056237297494	1.05722396542246	0.281545677111972	0.397091995430952	0.11554631831898	5.10036501993685	0.513066208063902	0.303365731905124	0.522046393341825	0.218680661436701
3.7123402992981	1.14411987703457	0.313141617482554	0.420834729245799	0.107693111763245	5.12729754467353	0.545236308879853	0.323791658247215	0.502231734645903	0.178440076398688
3.85247003007065	1.03004726672979	0.286351497987167	0.335058444076301	0.0487069460891343	4.0866882425635	0.433424749003604	0.237411842564204	0.369854005936684	0.13244216337248
4.64526299222211	1.07592448459269	0.431937963598825	0.406375990773921	-0.0255619728249039	6.08715627511744	0.503153719324163	0.446364000742764	0.492985180040885	0.0466211792981213
3.92065454674329	1.09684642393792	0.327724925948716	0.432124895019581	0.104399969070865	5.35835804648281	0.519607501406476	0.341345622003578	0.518043563851406	0.176697941847828
3.37004362567203	0.918818113733807	0.270609894058172	0.318198268158555	0.0475883741003826	4.26806171150916	0.45995169993652	0.252979633012061	0.396719415644229	0.143739782632168
3.95532028592226	1.05481994433862	0.288698295053457	0.359193295432732	0.0704950003792746	5.05081104602465	0.456048831871952	0.28279508527742	0.387563770919842	0.104768685642422
3.48392646548699	1.07983499288827	0.278389765845494	0.403231300504814	0.12484153465932	4.78740218057801	0.523913766908781	0.279810050803399	0.495258881093719	0.21544883029032
4.39194796553834	1.1425888399916	0.384715592932202	0.449028812579798	0.0643132196475959	5.82968265234432	0.51421662245281	0.389414673853519	0.538056252221765	0.148641578368246
3.91983718078258	1.00551075430586	0.338281648357514	0.415861992680228	0.0775803443227139	4.88658443721321	0.472632204099214	0.318138996380834	0.529081291469341	0.210942295088507
3.78726536557132	1.00303290017626	0.326966751393992	0.389533327121541	0.0625665757275494	5.0566286875513	0.487617772884488	0.321556029152931	0.499173510541998	0.177617481389067
3.62960999793159	1.06577159074364	0.28879835944096	0.386979270373473	0.0981809109325131	4.86603361481156	0.524424997227581	0.288940137413709	0.499364884023633	0.210424746609924
3.22948261393831	1.03837745224888	0.249352390219866	0.375955000131504	0.126602609911639	3.81365148918026	0.517245303491149	0.204174032951613	0.470188665091323	0.26601463213971
3.87531157131625	1.16435293336999	0.335384740749273	0.439266771323437	0.103882030574164	4.70562543009521	0.50055327108908	0.312558081943256	0.509723051156266	0.19716496921301
4.23736772753812	1.19948472935261	0.350042404219115	0.44861855184068	0.0985761476215651	5.10209197631864	0.550381917584992	0.31938202807954	0.547252569045974	0.227870540966433
3.09612732645782	1.02558201689	0.264509923031648	0.416470229212911	0.151960306181263	4.05068625056463	0.49472856775701	0.249580218158646	0.512700472462757	0.26312025430411
3.46418141562276	1.14629748595379	0.296780985628567	0.469983347529679	0.173202361901112	4.34677269733645	0.548216008467456	0.275168815171555	0.576789614585045	0.30162079941349
