LR_coefficients_null_raster	LR_coefficients_Elevation_16_k10_R	LR_R2_null_raster	LR_R2_Elevation_16_k10_R	LR_Q_Elevation_16_k10_R
10.9698882073455	7.83433173601379	0.0342475358564204	0.0296497231879052	-0.00459781266851524
10.9698880358244	7.83433216015695	0.0342475366751579	0.0296497252989236	-0.00459781137623425
10.9698893004875	7.8343312968144	0.034247541661315	0.0296497164802024	-0.00459782518111261
10.9698884983381	7.83433220933194	0.0342475371330891	0.029649726110854	-0.00459781102223515
10.9698889099734	7.83433235100712	0.0342475411219577	0.0296497290214107	-0.00459781210054694
10.9698875374697	7.83433231471048	0.0342475306365211	0.0296497279429109	-0.00459780269361022
10.9698881877029	7.83433092588531	0.0342475348270083	0.0296497167018555	-0.00459781812515284
10.9698876063386	7.83433054508589	0.0342475332650429	0.0296497178885102	-0.00459781537653273
10.96988976888	7.83433209712095	0.0342475461044594	0.0296497262646032	-0.00459781983985623
10.9698900334551	7.83433113922992	0.0342475447800242	0.0296497196702771	-0.00459782510974716
10.9698884301528	7.83433248420198	0.0342475370747249	0.0296497270230193	-0.00459781005170566
10.9698895869785	7.83433153186177	0.0342475436590833	0.0296497218035961	-0.0045978218554872
10.9698889950376	7.83433109640802	0.0342475405721921	0.0296497223184465	-0.00459781825374563
10.9698900148562	7.83433167322171	0.0342475438486797	0.0296497230531561	-0.00459782079552361
10.969888172077	7.83433136530799	0.0342475360987096	0.0296497227156017	-0.00459781338310793
10.9698884902543	7.83433004391938	0.0342475382425919	0.0296497096754468	-0.00459782856714502
10.9698876333797	7.83433192289578	0.034247532218566	0.0296497280700711	-0.00459780414849493
10.969887514464	7.83433178761498	0.0342475322663326	0.0296497228711947	-0.0045978093951379
10.9698882765535	7.83433180296095	0.0342475360802752	0.029649726211592	-0.00459780986868325
10.9698891598077	7.83433100822842	0.0342475397475263	0.0296497196073074	-0.00459782014021886
10.9698880027656	7.8343322996988	0.0342475365015569	0.0296497267446676	-0.00459780975688931
10.9698865117819	7.83433141143037	0.0342475262289924	0.0296497201507569	-0.00459780607823555
10.969888790609	7.8343315390557	0.0342475403831152	0.0296497252545428	-0.00459781512857237
10.9698891441219	7.83433027975804	0.0342475415547051	0.0296497131052336	-0.00459782844947153
10.9698888804744	7.83433157684089	0.0342475388274814	0.0296497206950492	-0.00459781813243226
10.9698873933144	7.83433176348365	0.0342475302341229	0.0296497231609578	-0.00459780707316511
10.9698888466904	7.83433188207416	0.0342475400033823	0.0296497221728489	-0.0045978178305334
10.969888624439	7.83433001330564	0.0342475386567021	0.0296497128281612	-0.0045978258285409
10.9698874268015	7.83433177932001	0.0342475307368426	0.0296497261030395	-0.0045978046338031
10.9698889258223	7.83433072516028	0.0342475391990106	0.0296497180259051	-0.00459782117310552
10.9698889712338	7.83433123950545	0.0342475402943323	0.0296497184220664	-0.00459782187226595
10.9698885567903	7.83433233334269	0.0342475387208501	0.0296497288361897	-0.00459780988466039
10.9698878539034	7.83433212878319	0.03424753329631	0.029649724813556	-0.00459780848275406
10.969888526327	7.83432963964588	0.0342475374208843	0.0296497072786186	-0.0045978301422657
10.9698887056617	7.8343310150368	0.0342475383994348	0.0296497192302814	-0.00459781916915341
10.9698882398123	7.8343314828978	0.0342475381748722	0.0296497216869401	-0.00459781648793206
10.9698885982362	7.83433062523541	0.0342475380028292	0.0296497170042124	-0.00459782099861679
10.969889497844	7.83433140351354	0.0342475417497667	0.0296497209962396	-0.00459782075352713
10.9698886994646	7.83433080779243	0.0342475378693898	0.029649715991116	-0.0045978218782738
10.9698888096354	7.83433015825439	0.0342475391059106	0.0296497120203833	-0.00459782708552721
10.9698884842798	7.83433117072822	0.0342475365681323	0.0296497160902082	-0.00459782047792406
10.9698890294137	7.83433122735156	0.0342475412362488	0.0296497205278396	-0.00459782070840924
10.9698884276571	7.83433080155653	0.0342475365700792	0.0296497159304595	-0.00459782063961965
10.9698881331225	7.83433181701748	0.0342475348065744	0.0296497229714183	-0.00459781183515609
10.9698883174384	7.83433086457931	0.0342475381695444	0.0296497160549264	-0.00459782211461801
10.9698883427857	7.83433077916743	0.0342475360167387	0.0296497144829155	-0.00459782153382322
10.9698880935642	7.83433154238174	0.0342475348792638	0.0296497209763264	-0.00459781390293748
10.9698879748876	7.83433199872745	0.0342475347718646	0.0296497239303803	-0.00459781084148436
10.9698885793624	7.83433044909376	0.0342475377010406	0.0296497137021906	-0.00459782399885
10.9698879555359	7.83433171374576	0.0342475326275475	0.0296497223567389	-0.00459781027080858
10.9698895239648	7.83433155247046	0.0342475427164585	0.02964972093554	-0.00459782178091848
10.9698879255129	7.83433065098394	0.0342475337810056	0.0296497164609056	-0.00459781732010004
10.9698875865328	7.83433248111529	0.034247532640277	0.0296497285279705	-0.00459780411230648
10.9698886155959	7.83433140886247	0.0342475387250787	0.0296497210436013	-0.00459781768147733
10.96988858696	7.83433196618369	0.0342475394610256	0.0296497252247574	-0.00459781423626819
10.96988940355	7.83433046225243	0.0342475424913303	0.0296497113352989	-0.00459783115603142
10.9698894273168	7.83433404694372	0.0342475407605161	0.0296497383290243	-0.00459780243149182
10.9698881673535	7.83433116055123	0.034247535096881	0.0296497198779859	-0.00459781521889506
10.9698888313224	7.83433148985134	0.0342475394610111	0.0296497209061938	-0.00459781855481731
10.9698884342445	7.83433183220687	0.0342475373945194	0.0296497240221509	-0.00459781337236848
10.9698882366143	7.8343319027549	0.034247536056174	0.0296497251553161	-0.00459781090085792
10.9698908230276	7.83433005215136	0.0342475500944087	0.0296497111894509	-0.00459783890495776
10.9698884737665	7.83433062434602	0.0342475370169259	0.0296497146525938	-0.00459782236433209
10.9698884312944	7.83433191808818	0.034247536762886	0.0296497249121954	-0.0045978118506906
10.9698884993988	7.83433079458946	0.0342475352998586	0.0296497148127965	-0.00459782048706213
10.9698888558154	7.83433015588494	0.034247540352174	0.0296497112658267	-0.00459782908634735
10.9698894046653	7.83433201139807	0.0342475417715536	0.0296497237217266	-0.00459781804982696
10.9698890968246	7.83433235303364	0.034247541892372	0.0296497281930621	-0.0045978136993099
10.969888874068	7.83433150748384	0.0342475393368724	0.0296497204490123	-0.00459781888786008
10.9698888151831	7.83433066601081	0.0342475399682212	0.0296497159620847	-0.00459782400613652
10.969888206253	7.8343302447764	0.0342475358350188	0.0296497096679556	-0.00459782616706322
10.9698885354485	7.8343322963766	0.0342475375702461	0.0296497268959222	-0.00459781067432389
10.969889323113	7.8343320611416	0.0342475419343525	0.0296497240268964	-0.00459781790745609
10.9698890455263	7.83433196201955	0.0342475403268644	0.0296497242234061	-0.0045978161034583
10.9698889352217	7.8343324042656	0.0342475396732241	0.029649727216266	-0.00459781245695812
10.9698889840506	7.83433311141852	0.0342475401674903	0.0296497332752007	-0.00459780689228963
10.9698902917818	7.83433133647943	0.0342475484516049	0.0296497186193996	-0.00459782983220526
10.9698899455109	7.83433051388743	0.0342475458099628	0.0296497132256851	-0.00459783258427769
10.9698880026733	7.83433146552059	0.0342475336103355	0.0296497208588958	-0.00459781275143967
10.969888757987	7.834331521084	0.0342475398730688	0.0296497205493995	-0.0045978193236693
10.9698890809602	7.83433122638945	0.0342475410056309	0.0296497189358952	-0.00459782206973562
10.9698884561203	7.83433156467851	0.0342475367785436	0.0296497237649897	-0.00459781301355395
10.9698885092923	7.83433366937038	0.03424753737525	0.029649736748226	-0.00459780062702401
10.9698887723895	7.83433029785194	0.0342475386617405	0.0296497135921336	-0.00459782506960685
10.9698895060421	7.83433164720625	0.0342475435721196	0.0296497251993614	-0.0045978183727582
10.9698888623728	7.83433033823645	0.0342475391491148	0.0296497152325321	-0.0045978239165827
10.9698890680398	7.83433245273641	0.0342475420207549	0.0296497283786375	-0.00459781364211734
10.9698890865787	7.83433133737508	0.0342475423713159	0.029649720030007	-0.00459782234130894
10.9698883173427	7.83433170330424	0.0342475372015963	0.0296497224104257	-0.00459781479117058
10.9698892223654	7.83433203071272	0.0342475413772359	0.0296497239160544	-0.00459781746118151
10.9698892209996	7.83433187794826	0.0342475400885774	0.029649721846626	-0.00459781824195139
10.9698889656128	7.83433103775856	0.0342475414165099	0.0296497139932419	-0.00459782742326799
10.9698887039318	7.83433205059521	0.0342475406690059	0.0296497240790571	-0.0045978165899488
10.9698885692169	7.83433077083644	0.034247537319996	0.0296497139838333	-0.00459782333616269
10.9698895881609	7.83433288331321	0.0342475438238628	0.0296497301312981	-0.00459781369256463
10.9698889697948	7.83433010992252	0.0342475392405078	0.0296497116638523	-0.00459782757665552
10.9698886347736	7.83433222590902	0.0342475379062971	0.0296497273985844	-0.00459781050771277
10.9698891196833	7.83433057706671	0.034247539789381	0.0296497154796421	-0.00459782430973884
10.9698889289087	7.83433154975116	0.0342475398794367	0.0296497226084629	-0.00459781727097379
10.9698886036832	7.83433096753313	0.0342475377186389	0.0296497172021063	-0.0045978205165326
