Pearson_correlation_null_raster	Pearson_correlation_Elevation_16_k10_R	Pearson_correlation_difference_Elevation_16_k10_R
0.346035358856854	0.359653020921586	0.0136176620647319
0.346035358856854	0.359653020921586	0.0136176620647319
0.346035358856854	0.359653020921586	0.0136176620647319
0.346035358856854	0.359653020921586	0.0136176620647319
0.346035358856854	0.359653020921586	0.0136176620647319
0.346035358856854	0.359653020921586	0.0136176620647319
0.346035358856854	0.359653020921586	0.0136176620647319
0.346035358856854	0.359653020921586	0.0136176620647319
0.346035358856854	0.359653020921586	0.0136176620647319
0.346035358856854	0.359653020921586	0.0136176620647319
0.346035358856854	0.359653020921586	0.0136176620647319
0.346035358856854	0.359653020921586	0.0136176620647319
0.346035358856854	0.359653020921586	0.0136176620647319
0.346035358856854	0.359653020921586	0.0136176620647319
0.346035358856854	0.359653020921586	0.0136176620647319
0.346035358856854	0.359653020921586	0.0136176620647319
0.346035358856854	0.359653020921586	0.0136176620647319
0.346035358856854	0.359653020921586	0.0136176620647319
0.346035358856854	0.359653020921586	0.0136176620647319
0.346035358856854	0.359653020921586	0.0136176620647319
0.346035358856854	0.359653020921586	0.0136176620647319
0.346035358856854	0.359653020921586	0.0136176620647319
0.346035358856854	0.359653020921586	0.0136176620647319
0.346035358856854	0.359653020921586	0.0136176620647319
0.346035358856854	0.359653020921586	0.0136176620647319
0.346035358856854	0.359653020921586	0.0136176620647319
0.346035358856854	0.359653020921586	0.0136176620647319
0.346035358856854	0.359653020921586	0.0136176620647319
0.346035358856854	0.359653020921586	0.0136176620647319
0.346035358856854	0.359653020921586	0.0136176620647319
0.346035358856854	0.359653020921586	0.0136176620647319
0.346035358856854	0.359653020921586	0.0136176620647319
0.346035358856854	0.359653020921586	0.0136176620647319
0.346035358856854	0.359653020921586	0.0136176620647319
0.346035358856854	0.359653020921586	0.0136176620647319
0.346035358856854	0.359653020921586	0.0136176620647319
0.346035358856854	0.359653020921586	0.0136176620647319
0.346035358856854	0.359653020921586	0.0136176620647319
0.346035358856854	0.359653020921586	0.0136176620647319
0.346035358856854	0.359653020921586	0.0136176620647319
0.346035358856854	0.359653020921586	0.0136176620647319
0.346035358856854	0.359653020921586	0.0136176620647319
0.346035358856854	0.359653020921586	0.0136176620647319
0.346035358856854	0.359653020921586	0.0136176620647319
0.346035358856854	0.359653020921586	0.0136176620647319
0.346035358856854	0.359653020921586	0.0136176620647319
0.346035358856854	0.359653020921586	0.0136176620647319
0.346035358856854	0.359653020921586	0.0136176620647319
0.346035358856854	0.359653020921586	0.0136176620647319
0.346035358856854	0.359653020921586	0.0136176620647319
0.346035358856854	0.359653020921586	0.0136176620647319
0.346035358856854	0.359653020921586	0.0136176620647319
0.346035358856854	0.359653020921586	0.0136176620647319
0.346035358856854	0.359653020921586	0.0136176620647319
0.346035358856854	0.359653020921586	0.0136176620647319
0.346035358856854	0.359653020921586	0.0136176620647319
0.346035358856854	0.359653020921586	0.0136176620647319
0.346035358856854	0.359653020921586	0.0136176620647319
0.346035358856854	0.359653020921586	0.0136176620647319
0.346035358856854	0.359653020921586	0.0136176620647319
0.346035358856854	0.359653020921586	0.0136176620647319
0.346035358856854	0.359653020921586	0.0136176620647319
0.346035358856854	0.359653020921586	0.0136176620647319
0.346035358856854	0.359653020921586	0.0136176620647319
0.346035358856854	0.359653020921586	0.0136176620647319
0.346035358856854	0.359653020921586	0.0136176620647319
0.346035358856854	0.359653020921586	0.0136176620647319
0.346035358856854	0.359653020921586	0.0136176620647319
0.346035358856854	0.359653020921586	0.0136176620647319
0.346035358856854	0.359653020921586	0.0136176620647319
0.346035358856854	0.359653020921586	0.0136176620647319
0.346035358856854	0.359653020921586	0.0136176620647319
0.346035358856854	0.359653020921586	0.0136176620647319
0.346035358856854	0.359653020921586	0.0136176620647319
0.346035358856854	0.359653020921586	0.0136176620647319
0.346035358856854	0.359653020921586	0.0136176620647319
0.346035358856854	0.359653020921586	0.0136176620647319
0.346035358856854	0.359653020921586	0.0136176620647319
0.346035358856854	0.359653020921586	0.0136176620647319
0.346035358856854	0.359653020921586	0.0136176620647319
0.346035358856854	0.359653020921586	0.0136176620647319
0.346035358856854	0.359653020921586	0.0136176620647319
0.346035358856854	0.359653020921586	0.0136176620647319
0.346035358856854	0.359653020921586	0.0136176620647319
0.346035358856854	0.359653020921586	0.0136176620647319
0.346035358856854	0.359653020921586	0.0136176620647319
0.346035358856854	0.359653020921586	0.0136176620647319
0.346035358856854	0.359653020921586	0.0136176620647319
0.346035358856854	0.359653020921586	0.0136176620647319
0.346035358856854	0.359653020921586	0.0136176620647319
0.346035358856854	0.359653020921586	0.0136176620647319
0.346035358856854	0.359653020921586	0.0136176620647319
0.346035358856854	0.359653020921586	0.0136176620647319
0.346035358856854	0.359653020921586	0.0136176620647319
0.346035358856854	0.359653020921586	0.0136176620647319
0.346035358856854	0.359653020921586	0.0136176620647319
0.346035358856854	0.359653020921586	0.0136176620647319
0.346035358856854	0.359653020921586	0.0136176620647319
0.346035358856854	0.359653020921586	0.0136176620647319
0.346035358856854	0.359653020921586	0.0136176620647319
