LR_coefficients_null_raster	LR_coefficients_Elevation_16_k10_R	LR_R2_null_raster	LR_R2_Elevation_16_k10_R	LR_Q_Elevation_16_k10_R
13.1135077394119	21.8877333454111	0.0983894569699087	0.442562019046838	0.344172562076929
12.5261991443572	20.5026840213611	0.111241446414851	0.481183978700923	0.369942532286072
12.7295569853296	20.6625290491963	0.108479660011702	0.461477352488618	0.352997692476916
12.9739716282803	21.9827967537982	0.103289514196555	0.478782197930207	0.375492683733652
12.9484296826609	20.2581513022905	0.121795710890153	0.481348006803409	0.359552295913256
13.0478001360863	21.9662145791893	0.101779762643217	0.465756645888634	0.363976883245417
12.9348363245474	20.6605172931104	0.112584727565595	0.463769028443317	0.351184300877722
13.2941276037858	21.9408025462	0.106933328485168	0.470283977662728	0.36335064917756
13.2561208726305	21.6665798428788	0.102529585512006	0.442240760843878	0.339711175331872
12.7001972009073	19.9819395488447	0.10905857280674	0.435889013787825	0.326830440981086
12.2848243901092	20.1701541274823	0.109143365677195	0.475050317073052	0.365906951395857
13.2754026180888	20.3354772964926	0.121726199133785	0.461167979717943	0.339441780584158
12.4580234996399	20.6018620186272	0.101714616439562	0.449117296002335	0.347402679562773
12.4202228647077	19.8169112489247	0.109758712806352	0.451142675721671	0.341383962915319
13.0389974583123	21.1307376361358	0.106452051863934	0.451394940359975	0.344942888496041
13.0118112917716	21.2181652559572	0.112557006157586	0.483252849131963	0.370695842974377
13.0829690131983	21.3229035517263	0.106132836658509	0.455188805806341	0.349055969147832
14.539538473131	25.6895171551232	0.0757536566741132	0.381835231404317	0.306081574730204
13.0751129161175	21.3765705990593	0.107239459248607	0.462808759668187	0.35556930041958
12.8878041261798	21.3116970697525	0.0931503280699335	0.411267469813611	0.318117141743678
13.462065682445	20.9536321776113	0.119846225267284	0.468793235963508	0.348947010696224
13.5687312879857	21.9494933523357	0.11063740556916	0.467448990876278	0.356811585307118
12.8904633901692	20.4830044173638	0.108957378793452	0.444189854778211	0.335232475984759
13.2590035275048	21.680997459716	0.106705177358864	0.460663699959606	0.353958522600742
13.2450309935002	21.3151811408196	0.109513670377166	0.457933278436448	0.348419608059282
13.0181380416401	20.5078987860251	0.115068259732456	0.46106471340237	0.345996453669914
13.3345875151118	21.1129504956603	0.102069847803415	0.41314062210682	0.311070774303405
12.6149361320619	21.1989105378617	0.102209580465167	0.466026203553456	0.363816623088289
13.3175168201118	21.2077286561914	0.105155119837522	0.43056032129009	0.325405201452569
13.0535910418432	22.1253564822373	0.0979322079899294	0.454263505135614	0.356331297145684
12.8759919894677	20.5040954503873	0.114335015935987	0.468123959994666	0.353788944058678
12.8143893737649	20.8361267191277	0.10997784593198	0.469467046849299	0.35948920091732
13.1023819798484	21.1964450104804	0.102516489941093	0.433192561812805	0.330676071871712
13.2260135020023	20.234078743078	0.121820248181462	0.460352162395519	0.338531914214057
12.7435636891234	20.8485992411184	0.109139286424367	0.471644575684493	0.362505289260126
12.8372493826559	19.2540041217999	0.111135482173687	0.403657155547889	0.292521673374201
12.9541790462128	20.914523582543	0.112039817893826	0.471531061139958	0.359491243246132
12.7575042076224	20.5874174477382	0.109917636920538	0.462169654234196	0.352252017313658
14.4027527833957	25.4306616892636	0.0894237364335403	0.450130976947127	0.360707240513586
13.1653114363406	21.7438204779566	0.104089468922263	0.458435188799632	0.354345719877369
13.2230481966252	21.6886872703739	0.098894748904045	0.429574385277222	0.330679636373177
12.5472951866999	19.6469276495731	0.109962942306528	0.435308521364021	0.325345579057494
12.9517240353911	21.567126600484	0.10599621408671	0.474549496123874	0.368553282037164
13.4782129165861	20.6373319270659	0.106156889729424	0.401839310429819	0.295682420700394
12.8182477357839	20.6549227333094	0.111443534536706	0.467203929834525	0.355760395297819
12.9932003002974	21.1210799632086	0.106677285035739	0.455128140740578	0.34845085570484
12.7584439958401	18.9337099509429	0.116754893265598	0.415157477976952	0.298402584711354
13.0107127401946	18.9623242659167	0.112199612000965	0.38479910793458	0.272599495933615
12.8177608025176	19.8171040146305	0.118266439209907	0.456435418862805	0.338168979652898
13.2614990975565	20.7516115123524	0.111258762782279	0.439859904658479	0.3286011418762
12.7921015280626	20.2580425141917	0.110501448795404	0.447446274038098	0.336944825242693
12.9160324081071	20.5250341247653	0.111894738459093	0.456226970226804	0.344332231767711
13.1751053680323	20.8837105184891	0.117732123477475	0.477599498480891	0.359867375003417
13.3035640771492	20.8579782206245	0.116982591416171	0.464292204748606	0.347309613332435
12.7236242885291	19.3445788579335	0.118296609027095	0.44150019387692	0.323203584849825
12.5349518085147	19.4423365217579	0.0905651137328191	0.351782513293893	0.261217399561074
13.6506701753325	21.7858218415657	0.115139963481781	0.473508502514241	0.35836853903246
13.4864961311425	21.0706652771459	0.119596424338078	0.471344192086712	0.351747767748635
12.6128709381088	20.867090948734	0.104013992591793	0.459673467179698	0.355659474587905
12.9502865705173	20.439359478182	0.113310498235541	0.455730062441839	0.342419564206298
12.8113313315908	20.2738086990039	0.107413635582677	0.434313510456162	0.326899874873485
12.9801691072201	21.6071330523283	0.106005501306324	0.47426791358665	0.368262412280325
12.5839579287079	19.8905741130441	0.111172100513058	0.448453796509865	0.337281695996807
13.3646065229368	21.2199220920311	0.114664653285368	0.466730866077395	0.352066212792028
13.1840386478754	21.4657292067046	0.108079181135496	0.462592042949372	0.354512861813876
13.2679026584386	22.0850861787988	0.105560594015618	0.472233975369915	0.366673381354297
13.0704603839724	21.1053259435246	0.112056971497614	0.471740307096819	0.359683335599204
13.3520307962109	21.7207972395563	0.101162508259332	0.432253197354308	0.331090689094977
12.5486642874056	20.6032464452682	0.103403763584541	0.450064141833095	0.346660378248554
13.3954033444591	21.2059098017954	0.112543893844419	0.455392536271219	0.3428486424268
13.1571303213904	21.1265378069744	0.115119929503349	0.479232855958068	0.364112926454719
13.4298762059694	22.1056348587555	0.105953140972988	0.463487020168339	0.357533879195351
12.6387509287582	20.8683061174692	0.105913549923626	0.466207562291495	0.360294012367869
13.5290488181851	21.6236699611982	0.112820951190295	0.465345775944449	0.352524824754154
13.1289285552724	20.7222378467408	0.112520038539465	0.452591478121459	0.340071439581994
12.957391040646	21.2996148032761	0.113128722372835	0.493563469971181	0.380434747598346
13.0272757528012	20.0782612078802	0.112112706904913	0.429993184543376	0.317880477638463
13.7588431198567	24.3358819806973	0.0910481237522916	0.459899702188157	0.368851578435866
13.1805798839357	21.402212356966	0.108963547227679	0.463864674306856	0.354901127079177
12.8100733586725	20.8085865769604	0.108766849628127	0.463383146260501	0.354616296632374
13.0572229122147	21.3859029685305	0.108345939285745	0.469275568918283	0.360929629632538
12.8200032655124	21.527278964284	0.101348203260511	0.461402346748164	0.360054143487652
13.4019660023179	20.30047981717	0.130809759016334	0.484593347201047	0.353783588184714
12.9260995546245	21.8578733267319	0.101933290344292	0.470607253194281	0.368673962849989
12.2974804066171	20.0162752786564	0.0996562740573265	0.426285596427571	0.326629322370245
13.8112144233828	22.6076077462033	0.104241966508729	0.450972280022681	0.346730313513952
14.6001059517728	23.4330743725116	0.103902718129036	0.432150660168341	0.328247942039305
12.9270736968576	21.4581456209997	0.104863983610934	0.466521887121777	0.361657903510844
13.1286731406316	20.4818181643332	0.117054506513059	0.459986657389222	0.342932150876163
12.7828097085364	21.0703833057459	0.107927728365333	0.473464031442433	0.3655363030771
12.5659925204289	20.0258328439717	0.111922726447813	0.458952372979958	0.347029646532144
12.9109784824028	21.2447420206751	0.103818737909212	0.453860211370763	0.350041473461551
13.0763349565571	20.6025846266254	0.109387564194344	0.438430786503918	0.329043222309574
12.6330012191778	20.2976108422174	0.111266714371872	0.4637712091423	0.352504494770428
13.3084995339893	22.119987009839	0.0954164180350952	0.42559490933052	0.330178491295425
13.1195597993365	20.571559990638	0.116268911845992	0.461552710959526	0.345283799113534
12.090769733592	17.7754263169956	0.0888787152659231	0.31016421464051	0.221285499374586
12.655424448815	20.868392466561	0.107539568492007	0.472122380311319	0.364582811819313
13.1158585056366	21.4514810006961	0.10880201361519	0.469915541013533	0.361113527398343
13.554319654063	21.5449155220622	0.116802838307442	0.476485093361006	0.359682255053563
