LR1_coefficients_null_raster	LR1_coefficients_Elevation_16_k10_R	LR1_R2_null_raster	LR1_R2_Elevation_16_k10_R	LR1_Q_Elevation_16_k10_R	LR2_coefficients_null_raster	LR2_coefficients_Elevation_16_k10_R	LR2_R2_null_raster	LR2_R2_Elevation_16_k10_R	LR2_Q_Elevation_16_k10_R
6.64509237674345	1.53002983727439	0.11008754977401	0.0988702548976366	-0.0112172948763732	6.84992236648366	0.5554712790472	0.0478676689779428	0.0559074566834589	0.0080397877055161
5.54709607790927	2.06282516216733	0.0753423374078667	0.180071727791333	0.104729390383466	4.70126255762239	0.804441594929522	0.0307703936305265	0.148693291971094	0.117922898340568
10.9653207541767	2.53828527157052	0.152903565414906	0.114292825270609	-0.0386107401442972	18.7014804692117	0.997150403167155	0.183810611747681	0.087155388222209	-0.0966552235254722
2.64969995537533	0.927485034758909	0.0405942117651072	0.0823138912485762	0.041719679483469	2.17389639040433	0.368095919497265	0.0112972098413935	0.0489241692729893	0.0376269594315958
5.53505642737235	0.925205335390401	0.0835056686275344	0.071741351792284	-0.0117643168352503	7.8219206877689	0.369768571302893	0.059726270958155	0.0516918591318546	-0.00803441182630044
8.85410572757472	2.35228544685231	0.0805998337500226	0.0985064971545172	0.0179066634044946	12.9219519632137	0.826671777419303	0.0579312981221936	0.0527620235192073	-0.00516927460298627
7.42926494918742	2.27157084873021	0.128902856662398	0.17414573379167	0.045242877129272	9.11302622016773	0.888966320991629	0.0753312508240452	0.117113242284477	0.0417819914604318
6.37567245434061	2.15446223678333	0.105186291930332	0.214702435931555	0.109516144001223	7.08092941289657	0.799509508080925	0.0499684004627925	0.13971355808539	0.0897451576225972
5.02494202133509	1.27968934243039	0.0941325690407006	0.10196855723253	0.00783598819182919	4.69984186122266	0.512527599693881	0.042469866324401	0.075250429550791	0.03278056322639
9.27181334602877	2.0416659515292	0.223082762898803	0.163006203359983	-0.0600765595388198	12.1191343798231	0.900667531904905	0.177586692245024	0.123543739259318	-0.0540429529857065
2.81683626409672	1.22235033073874	0.049225385561072	0.102608753352653	0.0533833677915807	1.77662923969727	0.442607421050481	0.00975890155053881	0.0580666596987933	0.0483077581482545
15.871464179928	3.32949763936433	0.139080584560693	0.0863025722248095	-0.0527780123358832	26.0276728719722	1.54948740256594	0.182390919047467	0.0764661168705268	-0.10592480217694
10.5661174728368	1.17186572297998	0.039234764801864	0.00901904567487999	-0.030215719126984	11.7264587761135	0.254629581074426	0.0211541698222217	0.00205434475844155	-0.0190998250637802
7.66891299892947	1.28429877280736	0.124057109636715	0.0608327251635652	-0.0632243844731499	12.4578706965496	0.582457109552612	0.136067276244727	0.052492349145943	-0.0835749270987844
8.62349349347184	1.24778612833968	0.0824461617130541	0.0216809123585205	-0.0607652493545336	10.6351844472421	0.517154499826266	0.0912966182674387	0.0176492102147323	-0.0736474080527065
4.96371706032947	0.873178190494779	0.09635578325941	0.0645061664769968	-0.0318496167824131	5.48699736227625	0.272506351700164	0.0596473673818479	0.0346232795050321	-0.0250240878768158
10.1201177656966	1.95993572090722	0.074381487689023	0.0451724678532611	-0.0292090198357619	18.8694191179013	1.07475879072834	0.102072259226602	0.0537836542606939	-0.0482886049659078
18.2657980574898	2.60877287675207	0.12975863013725	0.0699156947455644	-0.0598429353916854	37.656268016721	0.981367607426191	0.164337611558172	0.0444218442870391	-0.119915767271133
6.09216627676241	1.36338573449415	0.0886061173634039	0.0831832644835916	-0.00542285287981227	7.93443714570294	0.428833517836897	0.0532776944819321	0.0425828628883965	-0.0106948315935356
13.4290465752921	2.64388990846542	0.16142453819417	0.123078481058181	-0.0383460571359892	20.1066731885161	1.02336940671774	0.131304186600944	0.0762124919592042	-0.0550916946417402
8.08791149699428	1.74482654902709	0.0648540570534579	0.0529463772534682	-0.0119076797999896	7.8887749066558	0.59657163612	0.0325197989914065	0.0298425760752082	-0.00267722291619832
6.9740565214632	1.31242038461294	0.124685759049752	0.0816732993561882	-0.0430124596935634	7.24248599247478	0.486024303073169	0.0742266781309216	0.0545535659940234	-0.0196731121368982
5.42792325262677	1.14423059708651	0.0526217459008681	0.0519490399340665	-0.000672705966801627	5.89458793217743	0.377012370359271	0.0275118897353883	0.0318234158705091	0.00431152613512082
6.70585605359621	2.24225015287954	0.0651345417867408	0.139273730549553	0.0741391887628125	6.20229283196824	0.900755479317459	0.0248836368839598	0.094728345733217	0.0698447088492573
5.89245746572475	1.27831730583041	0.0671289247944973	0.057475191550383	-0.00965373324411432	6.13369352647084	0.40936719052664	0.0326051919305927	0.0264411093839493	-0.00616408254664347
19.1321385072936	3.39673259074771	0.276770555298727	0.137795538964776	-0.138975016333951	27.75304245947	1.57898353286614	0.316511549684452	0.128373960886825	-0.188137588797627
10.5831491662108	2.34185135984622	0.0786205343832126	0.0663719531710978	-0.0122485812121148	20.4563193028349	0.878126844795871	0.0846449023156251	0.0440422367833883	-0.0406026655322368
5.85379441347107	1.18960656837105	0.131624463673595	0.107303424370998	-0.024321039302597	7.19195345068925	0.44917579761659	0.0804398263996478	0.0649055708934333	-0.0155342555062145
4.9757483628804	1.65345439589839	0.0895257861515395	0.155416079413347	0.0658902932618073	5.5315714816641	0.727014858474217	0.0528157182355449	0.131305407924006	0.078489689688461
7.9321453122582	1.53801927921685	0.132716132041593	0.104789968333482	-0.0279261637081107	11.2873715845346	0.546394146788213	0.0961423414534938	0.0665370267910825	-0.0296053146624113
1.96926932705571	1.53703087032897	0.0146380346898583	0.108089966866488	0.0934519321766299	0.948501982529649	0.634694022704203	0.00179766162307054	0.0748293886837706	0.0730317270607
20.0456572610236	4.37512406209873	0.135702326205583	0.109442312327345	-0.0262600138782382	30.0690821522446	1.93869855684596	0.129397488411274	0.0840494659558077	-0.045348022455466
5.95944407677614	1.91937680582527	0.0706962327912267	0.114114827341539	0.0434185945503127	6.84925782751674	0.761080897462337	0.0419351886598566	0.0827424635931421	0.0408072749332855
11.7049045869857	2.54453216802961	0.209744272510011	0.208709215655898	-0.00103505685411343	16.4058494045503	1.11855416244858	0.186558471889088	0.192256746382022	0.00569827449293447
8.22691360811857	1.49679319313022	0.0516901318490522	0.027205993766905	-0.0244841380821471	9.18389006699718	0.403882206130984	0.034597240850442	0.00940575502863104	-0.0251914858218109
6.48977113752456	0.792778161515309	0.0669694360540704	0.0198425948941054	-0.0471268411599649	7.99376532998376	0.283064847706275	0.0439076758961472	0.0126089477008561	-0.0312987281952911
4.3231698509016	1.35134831472754	0.0757577439542857	0.131196187486701	0.0554384435324151	3.58378266777359	0.514171753195726	0.0298957671176497	0.0946887224812813	0.0647929553636316
8.59571296800611	1.89041736529969	0.109520907356448	0.0856215089325522	-0.0238993984238962	12.2309606700164	0.748533868981115	0.128082275646677	0.0672447686735383	-0.0608375069731389
7.79794928476181	1.50496390675759	0.0796403133681034	0.04935303797393	-0.0302872753941734	8.53748813905802	0.567227298900412	0.0433272973934658	0.0340657658830113	-0.00926153151045448
6.08776845350163	1.15126367093596	0.0547366715387994	0.03128664122954	-0.0234500303092594	14.7349772948148	0.529434951858625	0.117712723161169	0.0316800166891777	-0.0860327064719915
9.85682302371355	2.16735176008051	0.117199151194851	0.0996733624613619	-0.0175257887334891	11.7942628100899	0.77089302660325	0.0735442947010859	0.0524227161710039	-0.021121578530082
5.07176927263528	1.21490137692705	0.0526171073877179	0.0531653964299676	0.000548289042249767	6.65637338897713	0.371000707851038	0.0350611432557633	0.025611266315348	-0.00944987694041524
13.4800391541892	2.90673815381365	0.0776090587107531	0.0539335134284585	-0.0236755452822946	18.2550841059891	1.17246442743447	0.0586290083450232	0.0376141967703034	-0.0210148115747198
5.2450540016033	1.14390983431803	0.121566324663311	0.10721758161305	-0.0143487430502611	7.23008327352754	0.42335561110747	0.0779798731341171	0.0599831606774976	-0.0179967124566195
5.08838734859084	1.23613708356425	0.0904710138363319	0.106423152289509	0.0159521384531773	5.69590276197318	0.447831928434402	0.0475199474390627	0.0668186259163633	0.0192986784773006
10.5537089191208	3.66445313815448	0.102126026019806	0.181046569368094	0.0789205433482883	7.84397975394278	1.47613034871239	0.0403066861577595	0.137927851693422	0.0976211655356626
7.52649954613602	1.35163459646212	0.15953227669995	0.111131493661934	-0.0484007830380165	10.4052824829219	0.453698076119398	0.10695498422505	0.0687074693421418	-0.0382475148829078
8.04629378090429	1.42235968132574	0.150541728238606	0.0989514247962807	-0.0515903034423251	11.6760090150818	0.430474479463135	0.12478061364545	0.0507608859356936	-0.0740197277097569
5.26992843306985	1.57716171066589	0.0559951677433176	0.0845202951432805	0.0285251273999629	5.92409125729502	0.58634302768515	0.0282347109679522	0.0450528862867545	0.0168181753188023
13.4231001209753	3.32247047576605	0.165513472663034	0.164761908906009	-0.000751563757024981	17.2681284029036	1.23783210318869	0.1114550855089	0.113934266037947	0.00247918052904675
7.89240712703669	1.84908126183056	0.121968031927687	0.117612481266662	-0.00435555066102528	10.0136033143138	0.639028967925112	0.0763546114207894	0.0627487461039184	-0.0136058653168711
4.61871262711024	1.27916044107111	0.0824293666918827	0.124527431105059	0.0420980644131767	4.97493197756483	0.376256317869911	0.0469836512951796	0.0714011970096991	0.0244175457145195
14.6055550435357	2.70779931686085	0.122857123843933	0.0778383652675504	-0.0450187585763825	17.2764250350628	1.01712710777918	0.0924132786954893	0.0540109551545501	-0.0384023235409392
4.31234728335034	1.13517812910767	0.0654156280621545	0.101542491595408	0.0361268635332533	4.22821162718186	0.427340698798975	0.0219540790711201	0.0631031074179962	0.0411490283468761
4.0105291342092	0.91323551596579	0.0535544816497481	0.0425922460069812	-0.0109622356427668	4.45036836042961	0.37188139382539	0.0284147089151522	0.0329048204362408	0.00449011152108862
3.28112921553863	0.746375931738406	0.0529739510217984	0.0490085853673864	-0.003965365654412	3.735556634176	0.244431085211696	0.0252152662081388	0.0251506615031849	-6.46047049538932e-05
5.54598505876696	1.06169570981304	0.105296690769949	0.0697361636114772	-0.0355605271584719	6.16273153994841	0.374448600758111	0.0542836234303137	0.0447825227763429	-0.00950110065397082
5.0853129439976	1.49730369733356	0.101585513273885	0.157463584823502	0.0558780715496166	4.64231886608228	0.616911503626644	0.0419664967591029	0.123585166747526	0.0816186699884231
5.05637428569037	1.28271537572272	0.0461535719743523	0.0496526865733346	0.00349911459898232	6.12167490285528	0.517803480824292	0.0290411690401326	0.0331191027942404	0.00407793375410773
4.96585874173779	1.11407263362825	0.0866228778318253	0.0862437427322789	-0.000379135099546443	5.57285379770954	0.431181775052906	0.0536163346298796	0.0656918448732805	0.012075510243401
1.37049553897045	0.328389148881087	0.00728704557641635	0.00687364914022001	-0.000413396436196332	0.136665379096	0.019135477021411	8.87464227611199e-05	0.00036727447399952	0.0002785280512384
8.08332704656755	2.28066950028529	0.0751420811864627	0.0999062016235882	0.0247641204371255	10.5069084637944	1.02374097162294	0.051047191647346	0.0843624108983049	0.0333152192509589
9.62280068603809	1.16442611934486	0.0238898254918096	0.00648400893096699	-0.0174058165608426	14.9408545971169	0.456110146527092	0.0248887629185145	0.00466147808678906	-0.0202272848317254
5.62874316981312	1.22484404842268	0.111298823534567	0.0812475161624276	-0.0300513073721395	6.25855944371302	0.43633612527577	0.065668782079515	0.0436087630116298	-0.0220600190678852
4.72295294310858	1.72849581079	0.0597704770717646	0.121033455095655	0.0612629780238909	5.12531065195694	0.629985955821193	0.0290040058279309	0.0859550372473492	0.0569510314194183
6.08275267741683	1.71600881842723	0.0798436856564057	0.10796606573878	0.0281223800823748	6.5602816283773	0.624238112057053	0.0345188711526763	0.062258935632115	0.0277400644794388
4.43202712497965	1.7221629819722	0.0628407883968457	0.175485941898726	0.11264515350188	4.28057418901848	0.61581230168686	0.0249298233270852	0.115311964691862	0.090382141364777
17.3144673299088	2.31368035574222	0.117884602168806	0.0509209976217236	-0.0669636045470828	27.9706852806324	0.55194030361915	0.115587252957486	0.0203896091392814	-0.0951976438182044
6.14350650754387	0.956215447276896	0.0912561969263018	0.0406171993431221	-0.0506389975831797	7.66927077463266	0.364250742561798	0.0547221548622484	0.0272129709982949	-0.0275091838639535
7.10319938999112	1.75507599232978	0.113271450947476	0.122536165372566	0.00926471442508962	10.7643654451011	0.716085594488961	0.108979716351559	0.0981109995555457	-0.0108687167960135
4.20893935419139	1.23412838184008	0.0839213029125314	0.115028218284568	0.0311069153720364	3.5260109964417	0.477811265352544	0.0286881557510244	0.0781091822969207	0.0494210265458963
6.32435961627439	1.78125981074351	0.155117481233616	0.191229982705782	0.0361125014721659	8.22682439614748	0.724795293404518	0.115976149551417	0.140038698507336	0.0240625489559196
11.6542001100196	1.62390344781337	0.138315480060404	0.0611633691856002	-0.0771521108748037	26.1438430713205	0.539445168551524	0.179022032010291	0.0316511269557433	-0.147370905054548
6.02363341612376	1.89062334055064	0.114254825398561	0.181049122623388	0.0667942972248276	6.64439200279194	0.73314573070334	0.0787365010003466	0.138913448152272	0.0601769471519255
4.18599183516084	1.05245181959187	0.0396026639406865	0.0361508754091407	-0.00345178853154577	3.31935820482194	0.337996755242759	0.0127501823496787	0.0175883767793973	0.00483819442971867
5.16239398651208	0.783976353941332	0.0543274153944396	0.0263899990022978	-0.0279374163921418	9.98574655586557	0.317787583084434	0.0898756685108318	0.0249770766851134	-0.0648985918257184
3.1735388426725	1.10194360873416	0.0367950691869281	0.0573307192781374	0.0205356500912093	1.40514000565238	0.312340081387266	0.00308176259298968	0.0205895343394516	0.0175077717464619
43.7603700981174	2.91995138745374	0.281951181100379	0.0281023050422915	-0.253848876058087	65.9225179694085	1.08485290515889	0.3830494502499	0.0214364241463111	-0.361613026103589
6.21177692827899	1.67244668392939	0.0707749948986264	0.0891427909609509	0.0183677960623245	7.65554304555338	0.707910601316608	0.0426071086396276	0.069218509594547	0.0266114009549194
14.6434910574465	2.51015760363209	0.149694105328569	0.0805778011525384	-0.0691163041760307	14.3099503394308	1.03033995881646	0.0804765081663527	0.0562649032760813	-0.0242116048902714
6.11959478321396	1.35180554706776	0.103772527594393	0.13827942995301	0.0345069023586175	6.44736688350546	0.200527893334716	0.0517919259748846	0.0435796828848151	-0.00821224309006953
5.904068277703	1.56894006810785	0.0738402807404476	0.088708254817075	0.0148679740766274	6.60725106145664	0.5940529114779	0.0411531798836416	0.0570427709939571	0.0158895911103155
3.56090089144797	0.894625414730224	0.0141917195498026	0.0134683003658843	-0.000723419183918314	1.95096443693059	0.300569320146414	0.00304554107972348	0.00792466194293485	0.00487912086321137
3.05255121897256	1.04872676406288	0.0434814172956955	0.0788115191757724	0.0353301018800768	3.13933075323161	0.380115442233543	0.0262220983605284	0.0577488791477918	0.0315267807872634
11.3225587531201	2.50311467765653	0.162925300085424	0.132889796170126	-0.0300355039152984	14.8730704676642	0.991697674931763	0.130998095823841	0.091727535276838	-0.0392705605470031
5.88885271362282	1.3461999106574	0.0698423354549625	0.0572556380135863	-0.0125866974413762	5.25763720335157	0.582681010703921	0.0378241208811864	0.0513180916669479	0.0134939707857615
5.60316154578205	1.31927813326888	0.127356450629437	0.0804004550955848	-0.0469559955338521	5.25526226612353	0.612583500005242	0.146555600056904	0.115467844117931	-0.0310877559389725
7.21373960388433	1.12292488804795	0.0770534192808527	0.040516322294192	-0.0365370969866606	10.5969472561716	0.39929487981511	0.0631372713991881	0.0275591447578959	-0.0355781266412923
6.13830015069157	1.70424527372346	0.203304568848362	0.152386202855457	-0.0509183659929054	5.66180069495967	0.588906719152469	0.12621771354521	0.0869813756591263	-0.0392363378860837
9.22266294500665	1.54045025227738	0.120242988503096	0.0573663661439477	-0.0628766223591487	11.385703705398	0.628969082543093	0.0938204711776066	0.0473966836373981	-0.0464237875402085
5.78497646070814	1.34294985449508	0.0843243380900206	0.0713309814251659	-0.0129933566648547	8.07679813923441	0.548543366798444	0.0761137936167052	0.057299196126061	-0.0188145974906443
7.44311179818558	1.74411593192293	0.135492007975093	0.127893078253676	-0.00759892972141732	9.38370945903251	0.616322766965843	0.0844333738776011	0.0710971232974135	-0.0133362505801876
5.19306394485279	1.35775037963473	0.0905231195807329	0.102811532545227	0.0122884129644936	9.13058271710785	0.649147230712661	0.0924671772986797	0.0919618021366702	-0.000505375162009519
17.8854624649828	1.84350811728143	0.137311528552987	0.0305135057269819	-0.106798022826005	29.9616242531508	0.628515971248198	0.110449407221845	0.0148274119662915	-0.0956219952555531
7.66526155702603	1.75177256074689	0.148017644934362	0.175582508990012	0.02756486405565	9.61839932854237	0.638625005305284	0.0878071653311884	0.118350166395661	0.0305430010644724
8.30837818125864	2.09754596692244	0.116891529736329	0.137735171483587	0.020843641747258	11.5593291011941	0.809256330992683	0.0922631534795447	0.104860543697227	0.0125973902176827
9.73305113030171	2.16685509836354	0.17059623485387	0.161917482785824	-0.00867875206804533	11.8468449081622	0.951919660866504	0.126154114192324	0.132191067116545	0.00603695292422124
2.10627480610962	1.32122132189912	0.0182687053397276	0.108514441854519	0.0902457365147915	1.44312502224552	0.504023726101819	0.00436294866132195	0.077425339101569	0.0730623904402471
7.95692322407995	1.77286883090314	0.120437696919959	0.133053703695357	0.0126160067753985	10.8768819630713	0.591209993970926	0.096363209910427	0.0847788622235417	-0.0115843476868854
4.90452051440564	1.06409009870446	0.0913714759046633	0.0634762485372212	-0.0278952273674421	5.7855718570563	0.403084022275545	0.065013479971874	0.0403263514362409	-0.0246871285356332
