LR_coefficients_null_raster	LR_coefficients_Elevation_16_k10_R	LR_R2_null_raster	LR_R2_Elevation_16_k10_R	LR_Q_Elevation_16_k10_R
24.739086523469	19.5268252956891	0.22832877567861	0.11865468159465	-0.10967409408396
19.873324114386	20.6761339487095	0.170510541662536	0.153949096713024	-0.016561444949512
31.6036268612574	24.6917084016671	0.237154652791176	0.120750335339331	-0.116404317451846
20.2827632643545	17.4162160455333	0.167323120601943	0.102905263023273	-0.06441785757867
15.1197293234263	19.506810196218	0.172321307533783	0.239249882378268	0.0669285748444855
21.6444743083949	23.1354669275689	0.20486212552243	0.195232625924879	-0.00962949959755149
32.4519153460454	24.000277018509	0.169755832961894	0.077447038264957	-0.0923087946969372
17.9138363040734	17.7439322156724	0.201438700733769	0.164851808676314	-0.036586892057455
23.5150029149726	21.3000892683614	0.224194828989349	0.153435775502848	-0.0707590534865009
24.1796388186969	19.4866363052362	0.270297403167347	0.146434794434884	-0.123862608732463
15.1069261009029	12.6718080681765	0.18047742832857	0.105919549519713	-0.0745578788088571
52.5408942781331	39.7921538778251	0.229421092679338	0.109764419672747	-0.119656673006591
101.51031959371	68.745439022701	0.195617695215149	0.0748348332114723	-0.120782862003677
27.5373183591627	22.7455018710296	0.231399875928814	0.13168586061783	-0.099714015310984
41.8136866494954	28.277592514277	0.229772536244809	0.08765452268656	-0.142118013558249
18.3716123760026	16.0084534267369	0.159343454251991	0.10091755080618	-0.0584259034458108
45.1299688930717	30.8738482568454	0.180634225434124	0.0705147176627902	-0.110119507771334
33.1640434292881	29.962862608683	0.276794370392891	0.188459127545191	-0.0883352428476997
19.9061748560421	12.6615281389159	0.172622029542323	0.0582533769012413	-0.114368652641082
34.0714720132072	27.7316134733623	0.26148837068817	0.144493772325009	-0.116994598363161
67.1130586707082	43.7727632161438	0.20538944790465	0.0728786395482252	-0.132510808356425
30.9144776506119	23.9480621886273	0.221626831666673	0.11093473104407	-0.110692100622604
18.6973517650911	16.6965199090366	0.214388673801218	0.142600755855296	-0.0717879179459218
31.8185878413841	30.5181015065734	0.209553936346808	0.160796768074734	-0.0487571682720734
25.8582259403259	19.9508054911204	0.175890894767173	0.0873363511574197	-0.0885545436097533
35.9346811081422	25.1191881631258	0.143713452581388	0.0585745956024936	-0.0851388569788943
38.9521514108868	30.7754344449988	0.258029581764314	0.134351726533591	-0.123677855230723
12.0218363870442	12.191133787869	0.197268775876358	0.169212789945551	-0.0280559859308066
9.63608949509069	12.6441701277028	0.120191623153893	0.172616171400382	0.0524245482464889
29.1361203626186	19.3858073064715	0.187768528822221	0.0693354613371658	-0.118433067485055
7.71638322529739	16.7949358129851	0.0376048185317524	0.148593867205423	0.110989048673671
66.1439742664095	44.4752410186332	0.218278148501722	0.082317955950158	-0.135960192551564
25.0770969108997	24.5308575865706	0.192723214204703	0.153827238575676	-0.0388959756290269
23.6820787642608	22.0682295463099	0.283313045741074	0.205206060950183	-0.0781069847908911
57.1427832599885	35.3515526013484	0.205068462217159	0.0654668353368584	-0.139601626880301
40.4469992328247	27.9312504487785	0.191428116106321	0.0761451309170806	-0.115282985189241
14.0077072316078	14.3049146902548	0.174801880503009	0.152058534419233	-0.0227433460837758
18.8450532458096	19.3412498895266	0.20833765613158	0.183050271029541	-0.0252873851020391
52.2305588661459	36.9862332388463	0.219340619844285	0.091744111029278	-0.127596508815007
31.7987457699122	25.4420011385231	0.303765246823932	0.162199274709553	-0.141565972114379
37.2432062727253	30.3159380759334	0.235633604597579	0.13023070531948	-0.105402899278099
25.3836082609888	20.0223381024182	0.252485384873424	0.131035020155426	-0.121450364717998
101.869199556698	70.762325898889	0.199674475251481	0.0803654222923139	-0.119309052959167
14.8189280383945	12.4265975708521	0.171744140459381	0.100735161467125	-0.0710089789922561
15.6934835614606	15.6382461164847	0.233186120521237	0.193138270974224	-0.040047849547013
55.5562926247973	41.9145647819376	0.285875250188757	0.13572762014876	-0.150147630039997
16.2304095602009	14.1668955255473	0.176389375859013	0.112096258162057	-0.0642931176969563
18.7976373594138	16.7422775887245	0.179323290408833	0.118655400534269	-0.0606678898745633
32.4274138611664	25.6472172798139	0.217662798725723	0.113571235539925	-0.104091563185798
38.843722582514	29.2401011580209	0.236103782371403	0.111595650076657	-0.124508132294746
17.7110210478533	17.7437643532311	0.254597779306951	0.213150915947886	-0.0414468633590654
18.2190152296454	16.0970556092842	0.197092263568223	0.128333765202734	-0.0687584983654889
46.9405768419683	34.0764320815891	0.207497252046039	0.0912120057138408	-0.116285246332199
15.44352679969	14.0324578398198	0.175644629166344	0.120958853705287	-0.0546857754610569
29.5350063935756	21.9317907190392	0.178530320970696	0.0821134503752528	-0.0964168705954428
16.9361760117625	13.365882601629	0.179038707541703	0.0930121684428758	-0.0860265390988275
17.605013598956	15.0801388089224	0.178601957880149	0.109308121756728	-0.0692938361234207
11.008920946251	15.223317607353	0.103613296326731	0.165261948399878	0.0616486520731473
25.7625231150541	21.2035052993622	0.219796709059178	0.124190389987271	-0.0956063190719063
13.6353851897867	13.068122975495	0.159309920949921	0.12205700060869	-0.0372529203412308
34.0826714803463	26.8779636343721	0.209252890260029	0.108548843399851	-0.100704046860179
33.7998713672916	30.6206846786121	0.267716753510206	0.183275122072345	-0.0844416314378606
81.5418610920318	55.3494190692332	0.252867090011917	0.0971819197157885	-0.155685170296129
19.0270491888935	17.1143394052101	0.277958888745939	0.187579871434433	-0.0903790173115061
29.7620200149826	21.9471006651511	0.168554069689425	0.076453436858843	-0.0921006328305823
26.1408899318836	21.8387474985463	0.293206735769709	0.170693478175946	-0.122513257593763
44.3661411800738	29.2996216133044	0.16344883673286	0.0594608087280987	-0.103988028004762
54.498965198136	41.303199882431	0.197325013987711	0.0945368867054084	-0.102788127282302
25.6487618381097	18.6017932930048	0.206011557639045	0.0903850644588821	-0.115626493180163
22.6233181126466	18.3889015608854	0.283200493709048	0.15607065226382	-0.127129841445228
13.5589522043603	14.9483529325773	0.209603058925127	0.212500673471204	0.00289761454607648
14.6282216068058	15.6767673137681	0.220464147442474	0.211201113622169	-0.0092630338203053
33.0913709353473	23.9568622155262	0.233699258429097	0.102168249579403	-0.131531008849694
12.0489943911888	13.5668492638123	0.192755823798172	0.20384129579476	0.0110854719965882
34.9190810258405	27.6247074753199	0.242915170624795	0.126809757067917	-0.116105413556878
18.3540494489066	16.5278053152359	0.236585674952971	0.160023326884309	-0.0765623480686624
29.5464278004975	22.5870480190744	0.239017341155177	0.116510929214937	-0.12250641194024
86.9797379953092	56.7784611141534	0.170681285971851	0.060665980204644	-0.110015305767207
21.8837837612036	21.831184869301	0.176105474363829	0.146187725678617	-0.0299177486852118
38.4058741517063	26.3662914127829	0.157767806043866	0.0620225247030322	-0.0957452813408339
20.1958790051855	21.408016549413	0.168926961130201	0.158326853453854	-0.0106001076763464
30.36129978358	23.8445769889048	0.202228004588642	0.104041855576601	-0.0981861490120411
63.3857630694194	43.5816991149031	0.207127279826572	0.0816752438541561	-0.125452035972416
16.4481019736572	15.3928352671387	0.213507830688205	0.155972394497784	-0.0575354361904212
33.567477135544	27.0920886396192	0.304363893067808	0.165374662386598	-0.13898923068121
28.8129025889224	24.6961156226407	0.168281179712892	0.103120994682265	-0.0651601850306269
15.9353488664727	14.7845037640778	0.246755549497462	0.177168108888081	-0.0695874406093809
20.0713427645342	17.1819074803958	0.219388287572813	0.134100872463856	-0.0852874151089563
27.750746613804	21.8492191753147	0.188622421158389	0.0975313153996212	-0.0910911057587677
37.4913000466031	30.2049217081725	0.293071186221598	0.158670364105331	-0.134400822116267
25.7043985584666	22.1028292795821	0.221394598933735	0.136545104813716	-0.0848494941200188
23.7927209569784	18.1595104423724	0.157805478053415	0.0766779323451861	-0.0811275457082291
14.033886658499	13.6554129932807	0.191016203291105	0.150852400692449	-0.040163802598656
64.9890794425612	45.5576524609315	0.255874698836747	0.104881168268198	-0.15099353056855
17.8275240939539	19.4250801963639	0.229992852639069	0.227764578636883	-0.00222827400218611
28.0332258122917	23.800407228216	0.211413709316867	0.127111264554247	-0.0843024447626195
19.4567649738991	18.070930379392	0.270885543443076	0.194909880812191	-0.0759756626308855
9.87829429752697	15.0540831098603	0.106586846680087	0.206479328571331	0.0998924818912445
21.0742635831651	19.4129331611015	0.203821971393577	0.144263601181719	-0.0595583702118578
23.3103146166286	18.8177629010015	0.207271708207733	0.112669925892088	-0.094601782315645
