LR1_coefficients_null_raster	LR1_coefficients_Elevation_16_k10_R	LR1_R2_null_raster	LR1_R2_Elevation_16_k10_R	LR1_Q_Elevation_16_k10_R	LR2_coefficients_null_raster	LR2_coefficients_Elevation_16_k10_R	LR2_R2_null_raster	LR2_R2_Elevation_16_k10_R	LR2_Q_Elevation_16_k10_R
0.357698056782703	0.149433855344892	0.0956399953334216	0.139134694450081	0.043494699116659	0.0109387677714966	0.00381473940781196	0.0121537236850797	0.0525395314132047	0.040385807728125
0.252424324686279	0.128879582233624	0.0517566094882207	0.129938798780833	0.0781821892926126	0.0101764793170888	0.00305557349311954	0.0135993866116552	0.0544997466395654	0.0409003600279102
0.774338129242011	0.190739061615791	0.196572673101378	0.101237472205041	-0.0953352008963364	0.073920920707178	0.00705412344302343	0.275931998218261	0.0902514547136801	-0.18568054350458
0.0975954501444401	0.0612549098625086	0.0135450604703293	0.0493480399310114	0.0358029794606821	0.00316532910730332	0.00182024891856376	0.00169700650324331	0.0239542140202909	0.0222572075170475
0.199738034322472	0.0742371707876072	0.0470064777823998	0.0621142358498177	0.0151077580674179	0.012222155646875	0.00228617929500053	0.0237076408120137	0.0297146355429833	0.00600699473096962
0.616541007112578	0.162854866808641	0.0746860580332763	0.0659236450023711	-0.0087624130309052	0.0867354077100018	0.00459546996521293	0.0662365250120933	0.0254542567049401	-0.0407822683071532
0.414631203901272	0.177445054821002	0.124802991788383	0.190835478733552	0.0660324869451688	0.019892914719677	0.00562242123992143	0.0428459579899016	0.115607189059573	0.0727612310696713
0.413381942141596	0.164780944885859	0.108521662882253	0.177068982131114	0.0685473192488607	0.0232406339416971	0.00421846046110007	0.0514164489086536	0.0854101377178485	0.0339936888091949
0.305356029063998	0.145793456122901	0.112117252852016	0.18465981177512	0.072542558923104	0.0140803394368161	0.00574365201754929	0.0403983636560597	0.139484415970223	0.099086052314163
0.690357766172107	0.193147411275086	0.312969901900678	0.196332263195651	-0.116637638705026	0.0630766957116041	0.00770103467446637	0.32107819786623	0.146285285843469	-0.174792912022761
0.185251354809823	0.0858680832615119	0.0494827870774291	0.0846400159062737	0.0351572288288446	0.00774971867447874	0.0024988155174346	0.0121092815258823	0.0376139340637865	0.0255046525379041
1.31542445604531	0.29966940336504	0.266776360800262	0.100912878313922	-0.16586348248634	0.11405836339288	0.0136972624730167	0.370283772259813	0.098477932910724	-0.271805839349089
0.719765407110725	0.130012742655686	0.0525380952387359	0.0180583696796957	-0.0344797255590402	0.0529173666798967	0.00284647291208994	0.0264164429836241	0.00490650440541443	-0.0215099385782097
0.68803598260095	0.157276159818627	0.256411450071598	0.11579244461239	-0.140619005459208	0.0710830527478463	0.00781667474039549	0.362331227073142	0.132704882173738	-0.229626344899404
1.54316727838692	0.254683133911558	0.401854622000274	0.108156407392316	-0.293698214607958	0.191131829882367	0.0119559744459974	0.537133724579489	0.0850302227665854	-0.452103501812904
0.301129411356373	0.0882531695383712	0.120983314285124	0.110987433071415	-0.00999588121370937	0.0202655932561955	0.00235933497513479	0.0641670805591229	0.0613757734582277	-0.00279130710089519
0.834790850926795	0.195506433702395	0.144584607922101	0.0643898043000494	-0.0801948036220512	0.0752336650864557	0.00864992487642282	0.212594077327068	0.0754438836370304	-0.137150193690037
1.02972798138877	0.24871680304784	0.146141934863486	0.0931706858482127	-0.0529712490152729	0.17416537243593	0.00919562516303345	0.189017827474355	0.057524563526847	-0.131493263947508
0.290141962313282	0.100186635871456	0.0666455572679052	0.0771925561875108	0.0105469989196055	0.0148864334871788	0.00259877863176993	0.0220402660518057	0.0339139715774992	0.0118737055256935
0.7861139599503	0.243040107624531	0.180847967606645	0.16159766629272	-0.0192503013139244	0.0577430293563281	0.00820971939186619	0.104792335012795	0.0906119824956362	-0.0141803525171593
0.58074037896836	0.165102517159003	0.104565789681608	0.0790753312169422	-0.0254904584646655	0.03579899843571	0.00401795550409706	0.0565845636457638	0.0332284864199261	-0.0233560772258377
0.372450215805052	0.122413831167118	0.129376352509187	0.111645287439641	-0.0177310650695463	0.0191094276059517	0.00428206487132376	0.0631646440126772	0.0740631811281956	0.0108985371155183
0.258031433461735	0.082942607235112	0.0413818736491178	0.0519244409477029	0.0105425672985851	0.0109938068878995	0.00191866691323014	0.00981512879985801	0.0236551149330955	0.0138399861332375
0.557422222827411	0.221894536057036	0.0991095124300029	0.156302262584387	0.0571927501543839	0.036760700112884	0.00917923223763033	0.04047294978999	0.092102524228494	0.0516295744385039
0.266122295889967	0.0862520140702325	0.0446747146379419	0.0412614771127449	-0.00341323752519698	0.0145205921476838	0.00196872922553649	0.0221660916630824	0.0140339826062003	-0.00813210905688205
1.36817712569595	0.340227016723794	0.483378682198504	0.227755726494507	-0.255622955703998	0.122098189220252	0.0119008329976803	0.573546186214053	0.165122583398352	-0.408423602815701
0.415396373118922	0.160961581718891	0.032123069339988	0.0543720135179166	0.0222489441779286	0.0424789642210561	0.00554541182587722	0.0193527675791064	0.0404402503244475	0.0210874827453412
0.319110972174638	0.110540848272974	0.107612863563159	0.12228703362167	0.0146741700585106	0.0193388632571957	0.00335107514209189	0.0542199399728879	0.0599411469561102	0.00572120698322234
0.377141809219393	0.147841046596215	0.139457877758399	0.17424117832442	0.0347833005660207	0.0208892004693333	0.00464285625937896	0.0874846719316106	0.120924234686192	0.0334395627545813
0.346630914207095	0.117171151468018	0.0930892963635506	0.0996526682842662	0.00656337192071559	0.0174362339530266	0.00260750323232434	0.0342049715023831	0.0363164048635534	0.00211143336117028
0.0496858903974327	0.0779706211846083	0.00192605361552486	0.0426426594397264	0.0407166058242015	-0.00103247421309754	0.00222892341400282	8.37193048011542e-05	0.018158160762973	0.0180744414581719
1.8278789371593	0.410625983373372	0.24815440698619	0.121418626521599	-0.126735780464591	0.246577584424015	0.0179527489626473	0.383192580652971	0.101515636637145	-0.281676944015826
0.410285356349068	0.159715392985617	0.0807549431071611	0.103946468566571	0.0231915254594102	0.0283027896683362	0.00603261035099619	0.048471618450308	0.0693396205548695	0.0208680021045615
0.755713784155503	0.266490501832952	0.317520312999064	0.349224415866229	0.0317041028671655	0.0440453143324485	0.0107133490894433	0.175492728643496	0.287084151160891	0.111591422517395
0.598969141741849	0.175939097489951	0.0973093005678262	0.0567450494673915	-0.0405642511004348	0.0355440204894672	0.00449437884851418	0.0506377232945064	0.0193071993189833	-0.0313305239755231
0.28699004827318	0.0898505500134689	0.0480924605933128	0.0384539990849837	-0.0096384615083291	0.016111863559436	0.00311186311512782	0.0237354169069238	0.0229553227386015	-0.000780094168322261
0.337719439288445	0.127946377645971	0.129150578242173	0.190313821596912	0.061163243354739	0.0182891028671037	0.00411466899778235	0.038223587587876	0.110872151446568	0.0726485638586921
0.632142527685376	0.1657315146406	0.183975227364776	0.102940357837185	-0.0810348695275913	0.048800140202543	0.00607565775308961	0.187421745494127	0.0748316158937317	-0.112590129600396
0.49421674129368	0.135768976750469	0.0836753977206207	0.0675106980667336	-0.0161646996538871	0.040702558554542	0.00426006298119487	0.0575688586964055	0.0440557974540537	-0.0135130612423518
0.502921269228758	0.10307285559889	0.0924188120003312	0.0425912626845055	-0.0498275493158257	0.0762198687359304	0.00385326296136113	0.139530970240933	0.0298931017681716	-0.109637868472762
0.499063065742329	0.186835616734018	0.109688254198122	0.114201297376759	0.00451304317863632	0.0258752024374881	0.00434428732422411	0.0517535600676578	0.0414169627794422	-0.0103365972882156
0.263574037909473	0.0803633655573581	0.0533868446190476	0.0444979151034788	-0.00888892951556879	0.0179498688027425	0.00148470168936282	0.0325542321800519	0.010943041318301	-0.021611190861751
0.918790920836906	0.267468389911956	0.128773715202863	0.0739407627135708	-0.0548329524892927	0.0588734348986414	0.00730070088470886	0.0832124380580149	0.0329392022411227	-0.0502732358168922
0.246650392659242	0.0997484991780606	0.0893700565038159	0.111721544845219	0.022351488341403	0.0131560558119299	0.00332677126932886	0.0398748162958358	0.060654271422553	0.0207794551267172
0.260119932170178	0.125731787252083	0.0744552284557487	0.152134286646241	0.0776790581904924	0.00795547533003634	0.00441857331290172	0.0095851295883696	0.0900035985844069	0.0804184689960373
0.840832774000937	0.334460059460024	0.159819058456863	0.23045465192615	0.0706355934692862	0.0565049474349193	0.0109468440957225	0.0916187084347192	0.148017471722858	0.0563987632881392
0.296826759448591	0.112447523974875	0.0838190874556854	0.122371459596295	0.03855237214061	0.0102844566267728	0.00300233751055764	0.0128067186407986	0.0594782434032564	0.0466715247624578
0.650714455541034	0.126828583226139	0.234413720451378	0.113562855474887	-0.120850864976491	0.0922531388998708	0.00347520835583712	0.285313940669838	0.0560627002769183	-0.22925124039292
0.269046670442108	0.0982135596819474	0.0422124727680087	0.0450353538005429	0.00282288103253422	0.019821548496292	0.00172660699908348	0.0312886269806626	0.00750952984255772	-0.0237790971381049
0.775186111860226	0.252183755916866	0.166000515266956	0.153746414640429	-0.012254100626527	0.0407710160775382	0.00728508547392361	0.0726037000504781	0.0799002950195857	0.00729659496910766
0.556828861116331	0.167187510605536	0.15077050223745	0.138563556003667	-0.0122069462337834	0.0575849411789234	0.00397226673986397	0.125993353459218	0.0584653468168671	-0.0675280066423511
0.26899631809443	0.0923033926603578	0.0890956584825163	0.112651529220169	0.0235558707376527	0.0189160428799397	0.00222307135588379	0.0581429872022252	0.0584662429484764	0.000323255746251166
1.34675768911562	0.272393822686192	0.230596568376384	0.118805333175734	-0.11179123520065	0.223053240137914	0.0105571385833304	0.292492637401296	0.0824698253756043	-0.210022812025692
0.416681457321703	0.115844058108964	0.0921483151185996	0.133253879682622	0.0411055645640226	0.061109144687326	0.00425797011152289	0.0487553506236444	0.0844076782346368	0.0356523276109924
0.245189744942537	0.0865409905194548	0.0435664302751599	0.057134201660554	0.0135677713853941	0.0140469704518621	0.00314605864412175	0.0134299750159223	0.0438605912820758	0.0304306162661535
0.171149445103154	0.0561518382467817	0.0370421403705258	0.0430614320595752	0.0060192916890494	0.0110300779325634	0.00182249659675567	0.0144988014553554	0.0278893972834264	0.013390595828071
0.302089496147179	0.0887054030000272	0.08635589643583	0.08864935863591	0.00229346220008005	0.0162914102444151	0.00210071104105513	0.0272776540266323	0.0414106640224749	0.0141330099958427
0.309337478488747	0.140208491276735	0.114703271432987	0.195348660152902	0.0806453887199151	0.00813070980368327	0.0048401301639949	0.0158095813987526	0.116531469390528	0.100721887991775
0.275455926176422	0.0783273566338381	0.0386142999374446	0.0321820189734642	-0.00643228096398043	0.0272942776956448	0.00167920423705997	0.0341085472136938	0.0119160267619537	-0.02219252045174
0.266914849006301	0.109277445712139	0.0853471346532755	0.129679461164981	0.0443323265117053	0.0131013474209959	0.00438221731028893	0.0344607609158563	0.116573753902177	0.0821129929863203
0.371510116898975	0.115023187308367	0.0676991180766869	0.0630957847246036	-0.00460333335208325	0.0187095555667298	0.00407846112770979	0.0222881942026929	0.0399964084588166	0.0177082142561238
0.619409472773095	0.204248348426682	0.132185149197768	0.131860884671306	-0.000324264526461809	0.0484755552483024	0.00670054463454634	0.110805188341104	0.0992137811014256	-0.0115914072396784
0.871537046820846	0.169328865981653	0.060212305509607	0.0217176306721311	-0.0384946748374758	0.10677421720033	0.00730760023879679	0.0949940302931576	0.0246059044157268	-0.0703881258774308
0.357062342836833	0.0975761973403917	0.116954698040061	0.07679041994555	-0.0401642780945112	0.0270865964158169	0.00254242317659245	0.0912271912880207	0.0309702908510522	-0.0602569004369685
0.277175125246269	0.127372994003291	0.0460867851413185	0.11233356575189	0.066246780610572	0.0237768983758731	0.00448934543895461	0.0150938609494132	0.0773827663475235	0.0622889053981103
0.391445217593337	0.137570318935438	0.0927988382004381	0.113303765523459	0.0205049273230206	0.0305508588250684	0.00337585662953816	0.0414513172688882	0.0440201715311359	0.00256885426224777
0.329938292588797	0.133642751294851	0.0681797533829312	0.150389161650815	0.0822094082678838	0.0299588338737826	0.00401130606554436	0.0218724441209803	0.0791832908285462	0.0573108467075659
1.32586224350222	0.217355765767068	0.176582878963139	0.0823178814389636	-0.0942649975241758	0.202443932030624	0.00473201290009905	0.187302289787426	0.0354418638339824	-0.151860425953443
0.284861677295005	0.112339183031769	0.0663898363086206	0.0778449262533314	0.0114550899447109	0.0117562086648183	0.00396042270504819	0.0158958659158751	0.0438560539036919	0.0279601879878168
0.58063040592518	0.17219524322017	0.209422747410284	0.19101781387158	-0.0184049335387038	0.0635669120326776	0.00673703176434546	0.218221321355923	0.167671969190864	-0.050549352165059
0.205845410366955	0.097776672146581	0.0615857975219882	0.129245503764778	0.06765970624279	0.00685443069121653	0.00324043566240467	0.009679641446797	0.0794395399078008	0.0697598984610038
0.398060254563939	0.145431006272485	0.183324058370016	0.181783016348591	-0.00154104202142546	0.0277253996720109	0.00497958149060237	0.163013600339152	0.124492589522493	-0.0385210108166596
0.778446363682229	0.18260627585752	0.191435462840194	0.112376663362458	-0.0790587994777357	0.0830457413178868	0.00537751071936062	0.16874360161525	0.054677124822918	-0.114066476792332
0.430234489644346	0.149802234962387	0.18363927548518	0.17905593208899	-0.00458334339618949	0.0288383262654773	0.00581639916103469	0.152826956771811	0.136038516767993	-0.0167884400038186
0.268181347482599	0.0925626573197223	0.0397410272642188	0.0427811662349637	0.00304013897074495	0.018354773069455	0.00310274105545512	0.0203950645691095	0.0269353834024492	0.00654031883333974
0.40547143038908	0.0697863989920068	0.104609038549883	0.0359321469743211	-0.0686768915755614	0.050253358944204	0.00164840692451359	0.152575582161102	0.0171482088774019	-0.1354273732837
0.0863560217012275	0.0502154773243258	0.00661871964389946	0.0223778718407186	0.0157591521968191	-0.000554574968283999	0.000870628945960468	2.02979527011697e-05	0.00448913018416041	0.00446883223145924
2.67795599589965	0.348645578487042	0.377607142370108	0.0613568442443698	-0.316250298125738	0.251984015446964	0.0152354329704739	0.522586762814324	0.0576138716516371	-0.464972891162687
0.493146820079216	0.159392717012603	0.105944454095775	0.113244716985546	0.0073002628897716	0.0361059196949671	0.00585326597848266	0.0540797351741375	0.0648046320864964	0.0107248969123589
1.55794400337638	0.279855503990826	0.298269863206232	0.138755568368379	-0.159514294837853	0.289440786946717	0.0111563178559336	0.341783222976111	0.0893751002880132	-0.252408122688098
0.332306625473865	0.152565988023629	0.0881870492987343	0.17215339605494	0.0839663467562052	0.0144318227673813	0.00387080216855035	0.0305133359412729	0.0840402437770842	0.0535269078358113
0.406798907583031	0.154785745434549	0.102321469952534	0.129551806521982	0.0272303365694482	0.019876956153572	0.00460402874348486	0.0384664014208041	0.0624670605892013	0.0240006591683972
0.307590775217508	0.0838943143280186	0.0276069512438975	0.0216443033221194	-0.0059626479217781	0.0240546292983625	0.00228235270665568	0.0172895949246743	0.0106767306549168	-0.00661286426975754
0.221368812900558	0.0894752335088464	0.0635548407276623	0.088539712108269	0.0249848713806067	0.0165403660046053	0.00303658725569529	0.0524030167710727	0.0643512454230985	0.0119482286520258
0.729280311266276	0.193564371532662	0.17542096464495	0.114219098372935	-0.0612018662720142	0.0696065313262022	0.00781088377511646	0.203592283441302	0.100389436799075	-0.103202846642227
0.387556907292819	0.123275962790302	0.100439466342551	0.0857366063351939	-0.0147028600073571	0.020380894519954	0.00447430395903332	0.0439696545596536	0.0622425609971833	0.0182729064375297
0.389052246392216	0.110024096261162	0.153108037630646	0.0772462587368002	-0.0758617788938457	0.0285421297195979	0.00388606139392176	0.170435480347309	0.0629084922193436	-0.107526988127966
0.427769729920646	0.094764859937187	0.0935681016026247	0.0503910245847116	-0.043177077017913	0.0471133751163893	0.00282618321173604	0.0759904866945175	0.0249806075241283	-0.0510098791703892
0.375913639521544	0.142109576760459	0.156612875775789	0.18017379752362	0.0235609217478306	0.015701774984981	0.00434195331133662	0.0448116184145558	0.108290508884116	0.0634788904695605
0.561853809134287	0.166726013276497	0.143416804503699	0.107374168241436	-0.0360426362622632	0.0366519697430521	0.0038835968206203	0.110772033824912	0.0525804290964751	-0.0581916047284369
0.465338598356986	0.154046932514307	0.127740796278315	0.126362846297229	-0.00137794998108678	0.0358077238651865	0.0075174089426103	0.0799111564337447	0.11935214189368	0.0394409854599352
0.393846649407034	0.138587908727082	0.129057119016892	0.156667022436678	0.0276099034197856	0.0197759489810249	0.00375010510251146	0.0463693006920804	0.0876652683784909	0.0412959676864105
0.341330506852585	0.104148620607282	0.113147092595423	0.106747679051026	-0.00639941354439738	0.0394478698169477	0.0032971417365391	0.0885046266538503	0.0570728967916789	-0.0314317298621715
0.904433902583623	0.19864328056514	0.100045459056686	0.0559070513399432	-0.044138407716743	0.0665806785418023	0.00802102150129033	0.0612375087589258	0.0544267620277941	-0.00681074673113165
0.452636228946705	0.154359563123011	0.153508925383043	0.200538025992477	0.0470291006094333	0.0315681204948365	0.0050251516142579	0.0821093701972653	0.120306165778004	0.038196795580739
0.540419496636067	0.184051003785444	0.147347459321602	0.180118268007335	0.0327708086857331	0.0439301024090995	0.00609141887007387	0.0926578934700337	0.1188055590109	0.0261476655408662
0.675214018060087	0.221254701774145	0.249215455401399	0.220920138596887	-0.0282953168045123	0.0676843368638955	0.0103467327944698	0.239540340822831	0.185823567707748	-0.0537167731150824
0.119661782737809	0.0881083589777839	0.0168860615028545	0.0787548861380512	0.0618688246351967	0.00225208383903645	0.00258370135114935	0.000622208265407065	0.0398737716676283	0.0392515634022212
0.586856776403364	0.158647584796263	0.176646217802747	0.151519452419237	-0.0251267653835096	0.0761196777502243	0.00455452795441386	0.201753670443429	0.0753781586262873	-0.126375511817142
0.254260462497611	0.0967972801143175	0.0719907697766171	0.0799608801178276	0.00797011034121058	0.0178622170628167	0.00291865174031039	0.0349730604321101	0.0405067702024287	0.00553370977031856
