LR1_coefficients_null_raster	LR1_coefficients_Elevation_16_k10_R	LR1_R2_null_raster	LR1_R2_Elevation_16_k10_R	LR1_Q_Elevation_16_k10_R	LR2_coefficients_null_raster	LR2_coefficients_Elevation_16_k10_R	LR2_R2_null_raster	LR2_R2_Elevation_16_k10_R	LR2_Q_Elevation_16_k10_R
0.326271135977863	0.0735771526344549	0.611116203563065	0.248189563534505	-0.36292664002856	0.032045317385334	0.0029330869350399	0.895611399235358	0.268205708380152	-0.627405690855207
0.362968677283681	0.0722949381387606	0.657840540450946	0.227232186255365	-0.430608354195581	0.0387078420873711	0.0029791966964339	0.958046940980912	0.236516494769444	-0.721530446211467
0.379872901828673	0.0677970482594693	0.676765650702899	0.234861808700599	-0.441903842002299	0.0397220662102892	0.00233900608883683	0.962195695295017	0.217242118348086	-0.74495357694693
0.34409772028482	0.0596933569070779	0.626997073139326	0.204535078840997	-0.422461994298329	0.0368995765908548	0.00186137553179584	0.902845029302693	0.169339868431072	-0.733505160871621
0.370894984028381	0.0665384109939116	0.638322270184992	0.214000148175206	-0.424322122009786	0.0432523793430811	0.00231423179361516	0.939859044495589	0.191074246445089	-0.7487847980505
0.361027153331395	0.0808163007481289	0.673263266626949	0.280347070754938	-0.392916195872012	0.0365318824343322	0.00376477501777425	0.959456838621685	0.353501871436514	-0.60595496718517
0.373969701182018	0.0730330243448656	0.643937729159746	0.224591640829294	-0.419346088330452	0.0391882925907012	0.00349081942844505	0.946051040805999	0.284530473070449	-0.661520567735551
0.358163962720199	0.0739129761669927	0.72403545962266	0.270085227973925	-0.453950231648735	0.0321579354131775	0.00279805332123902	0.981784972579008	0.280224378457939	-0.701560594121069
0.345592476569487	0.0679658436916518	0.625865622970672	0.226652003400323	-0.399213619570349	0.0377912373404092	0.00249846025798961	0.919094979616593	0.215380785119887	-0.703714194496705
0.344834469653402	0.0749405783371138	0.643821963884075	0.27898391615684	-0.364838047727234	0.0361769204883351	0.00291625397658002	0.930958281550131	0.297856578032136	-0.633101703517995
0.324566501451543	0.0671276382453637	0.574442019992895	0.225462567744149	-0.348979452248746	0.039045672833416	0.00299263819836841	0.899272897900029	0.254053493694161	-0.645219404205868
0.378518045250816	0.0799385682529659	0.707257600286443	0.275676212637488	-0.431581387648955	0.0368793434463665	0.00357484032182943	0.981622380997187	0.329057363458352	-0.652565017538835
0.364313389384084	0.0724222449993734	0.6412188445361	0.257728263925149	-0.38349058061095	0.0413943540006246	0.002526563655217	0.946781403067674	0.239967901540969	-0.706813501526705
0.340786692215911	0.0679171472565074	0.631742821864542	0.240495693562449	-0.391247128302093	0.0374111622963579	0.00275729024619014	0.947870723668403	0.25776788829762	-0.690102835370783
0.345719086959032	0.0761649025540307	0.634520054494165	0.264991261383272	-0.369528793110893	0.0373366532601487	0.00347399452510882	0.925737254081552	0.317764786033805	-0.607972468047747
0.377104929672956	0.0695849208851708	0.699535420338004	0.233126379682947	-0.466409040655056	0.0368419366794315	0.00257083576736774	0.972299007639881	0.226931144331774	-0.745367863308106
0.368355513204996	0.08009907015978	0.685603291296209	0.273161608939088	-0.412441682357121	0.0372629778310319	0.00358329132131236	0.964484190192266	0.319501207614461	-0.644982982577805
0.368187365647684	0.0669125018001236	0.661292072075431	0.219003822491949	-0.442288249583481	0.0376459100243198	0.00275047269793511	0.952707557277272	0.242998168300154	-0.709709388977118
0.382240975350572	0.0759069269103522	0.70297805835644	0.278545158160078	-0.424432900196362	0.0386089445448547	0.00297697493776185	0.973348680972918	0.302976235690059	-0.67037244528286
0.388949822952348	0.078459299600629	0.727419639384908	0.267890958599545	-0.459528680785363	0.03686853113384	0.00328549191245105	0.980551965275233	0.296758806131741	-0.683793159143493
0.36362854384213	0.0753250938145221	0.65465123020583	0.271107449339309	-0.38354378086652	0.0397485482098527	0.00333272847135053	0.958325028384905	0.325714600711562	-0.632610427673343
0.347397262790175	0.0710056143680986	0.574027157832166	0.258696419476073	-0.315330738356093	0.0415274223967053	0.00250621300264942	0.872098818309398	0.268611011681499	-0.603487806627899
0.379216124708731	0.0864214713264655	0.66617979902662	0.295216718741956	-0.370963080284664	0.041184184243687	0.00398243848070067	0.950937579433946	0.358799477435918	-0.592138101998028
0.359949653402587	0.0732500015168765	0.660781912821502	0.270728436311275	-0.390053476510227	0.0386949785062891	0.0032016843518773	0.968013156368523	0.32931588145916	-0.638697274909363
0.333023654756056	0.0665018742323463	0.620601142556111	0.23500108105039	-0.385600061505721	0.0359291430412338	0.00289455336470403	0.947792715681289	0.284546262026174	-0.663246453655115
0.351687277835846	0.0757600083484411	0.685202103893669	0.276237999721933	-0.408964104171737	0.0308038857802097	0.00286280699619997	0.93825067146949	0.296627189044608	-0.641623482424882
0.346181557726215	0.0642637566657151	0.669564612239425	0.229494357395309	-0.440070254844116	0.0322723270609448	0.00217545473248562	0.931141073830289	0.217032953478145	-0.714108120352145
0.40403973932848	0.0751568851897144	0.705339746080827	0.249108928865848	-0.456230817214978	0.0399819678504693	0.00289049752334164	0.961586489576633	0.251978947831072	-0.70960754174556
0.384792896145738	0.082904690658762	0.649827999713978	0.303329267935634	-0.346498731778344	0.0428924171862587	0.00307272743360957	0.9343020244651	0.322224028342715	-0.612077996122385
0.381071974644333	0.0778856404125054	0.706732861245168	0.267749395260368	-0.4389834659848	0.035315160682689	0.00340108113659115	0.959434595383027	0.313756579170212	-0.645678016212815
0.395170432929765	0.0847125766813367	0.677105709986462	0.322241205750694	-0.354864504235767	0.0431733022804267	0.00388908015237099	0.972489353267345	0.427874704888636	-0.54461464837871
0.359101196900872	0.0643741110916915	0.664993711312185	0.22302444895543	-0.441969262356755	0.0369053976210868	0.00248159452883343	0.958086387115541	0.226563339484565	-0.731523047630976
0.35098901385104	0.0607869647340272	0.688712208842397	0.212611033792737	-0.47610117504966	0.0311546733921153	0.00203705213185424	0.945393136833665	0.196581110136869	-0.748812026696796
0.349449087546539	0.071978389460873	0.656266548610052	0.234816774933822	-0.42144977367623	0.0361000975477339	0.0027757329511496	0.939251667800746	0.23494510157157	-0.704306566229176
0.384487708688897	0.0792204996595832	0.631008074092331	0.316499182584071	-0.31450889150826	0.0445182845689373	0.00327962688242428	0.943250611538004	0.416446806399308	-0.526803805138696
0.381408912470451	0.0741773252456536	0.668772937015043	0.273186584844729	-0.395586352170314	0.0418507514301899	0.00283306580526242	0.955606633602222	0.291450334457195	-0.664156299145027
0.329979148496114	0.0734852749771769	0.540582362306279	0.270808299750418	-0.269774062555861	0.0409041322196171	0.00293506912687056	0.851452877214356	0.314127357424565	-0.537325519789791
0.344625174110345	0.0789510910057191	0.62271358703043	0.313480705153616	-0.309232881876815	0.0384736001413537	0.00353623628417674	0.934306365612911	0.415100347704101	-0.51920601790881
0.376470669535596	0.0671127882532512	0.704871425100043	0.216313995520555	-0.488557429579488	0.0351173112948681	0.0031372591862616	0.970895006721488	0.259489482776973	-0.711405523944516
0.362047472835355	0.0773904282411688	0.651959620488954	0.292958094970668	-0.359001525518286	0.0394544008906389	0.00329663405664476	0.958140118845488	0.359834931271105	-0.598305187574383
0.380757796231915	0.0799294893530425	0.725304208125741	0.260745649049851	-0.46455855907589	0.0338045586367332	0.00356340462451628	0.973218265831888	0.301639662849487	-0.671578602982401
0.395990110440623	0.0752112227161169	0.718307740868338	0.280826126350985	-0.437481614517353	0.0384429652929644	0.00285230907884865	0.97089966798107	0.302557814164063	-0.668341853817007
0.387280753576018	0.0772530260894641	0.681118464279901	0.278887731995845	-0.402230732284056	0.0388393128120267	0.00343348548978826	0.955156178453425	0.352342835342471	-0.602813343110954
0.344192800139506	0.0800062085938327	0.692179769953445	0.280684319230263	-0.411495450723183	0.0315411719682662	0.00350486124649366	0.973478880251865	0.336313971083913	-0.637164909167952
0.391278803776135	0.0821162763714915	0.744240505811071	0.307320199327345	-0.436920306483726	0.034638618305124	0.00385493420617592	0.97624219262267	0.418938944258511	-0.55730324836416
0.327303483786582	0.068709098944557	0.676503024234407	0.246759265012624	-0.429743759221783	0.0299903930710408	0.00299594402610264	0.961626138938979	0.294592741561904	-0.667033397377076
0.3558521632811	0.0604325148050322	0.609330264436821	0.204683146126111	-0.40464711831071	0.042150724621254	0.00225296740763285	0.93093106145791	0.20286183770731	-0.7280692237506
0.361698829925027	0.0703135613578078	0.679414451577491	0.260598818203077	-0.418815633374414	0.0369383445650238	0.00275738071211314	0.969668404426796	0.287621258189333	-0.682047146237463
0.349522044419147	0.0747625735998502	0.713297801205336	0.264501407698526	-0.44879639350681	0.031406029709664	0.00290792836159723	0.970028502301365	0.276818662428442	-0.693209839872924
0.361244899410941	0.0634033906443153	0.622359261323916	0.217488245190811	-0.404871016133105	0.0426259423917763	0.00254856908517877	0.947805396293052	0.225132991493388	-0.722672404799664
0.346476742457294	0.071252835309067	0.696392188017784	0.264480095874015	-0.431912092143769	0.033213640584413	0.00290234362937819	0.978844923902694	0.297708020126912	-0.681136903775782
0.360254189996008	0.0692013925586106	0.614651431799232	0.206884263440918	-0.407767168358314	0.0432994307092677	0.00321217605971972	0.951968049025363	0.22606575485859	-0.725902294166773
0.317451201703147	0.0668335292264056	0.62484306591582	0.246848047989861	-0.377995017925959	0.0303670653116368	0.00213529456760489	0.867348854554933	0.22350985213744	-0.643839002417494
0.333558906063763	0.06777939526092	0.607198674352445	0.240698216978037	-0.366500457374408	0.0381467897406186	0.00281338966866487	0.931148599785528	0.277791232191746	-0.653357367593782
0.325306894615845	0.0676914099599118	0.629364168322333	0.23633441687409	-0.393029751448242	0.0331561514190068	0.00260983984225305	0.939582425836476	0.251147619490152	-0.688434806346324
0.342879004546732	0.0669773948165875	0.706225067464198	0.236830717075126	-0.469394350389072	0.031347602399051	0.00262680293547095	0.981216607796602	0.250967231409603	-0.730249376386999
0.374141073730191	0.0805080679686439	0.681709030227099	0.298836857423941	-0.382872172803158	0.0382993738052491	0.00322269661631279	0.970093669116713	0.339688293882198	-0.630405375234515
0.378671782380372	0.0710260711694165	0.686245531604373	0.217811093296754	-0.468434438307619	0.0368648792065386	0.00287892638936652	0.959978645960539	0.224311767938572	-0.735666878021966
0.362795790682362	0.0774130117657339	0.711438446361538	0.278840103760167	-0.432598342601371	0.0337459645288961	0.0035236479304311	0.976591270114425	0.351917107083649	-0.624674163030776
0.358840426352796	0.0740003157449893	0.629835593573044	0.249596242333166	-0.380239351239878	0.0407667991513173	0.00321979743814994	0.940446925543932	0.285474705833737	-0.654972219710195
0.38151585544222	0.0765344221462524	0.653876491449393	0.248433519827532	-0.405442971621861	0.0407389541720384	0.00311024264434293	0.952116190616544	0.265844534038354	-0.68627165657819
0.377456228807614	0.0737239421993848	0.699409969635227	0.252470855693029	-0.446939113942198	0.0373993569881894	0.00258843950079446	0.974474604750358	0.237572384005201	-0.736902220745157
0.365733711819938	0.0808324798074542	0.677805172969087	0.28227180757241	-0.395533365396677	0.035007582380109	0.00378903847848447	0.957339927065484	0.373431505545977	-0.583908421519507
0.365479378569779	0.0731436659352997	0.636803442081628	0.261304123736423	-0.375499318345205	0.0421338835739754	0.00299960316823242	0.953709678494419	0.288177098416857	-0.665532580077562
0.327691364130118	0.0684774901499761	0.554139534276488	0.260386921593652	-0.293752612682836	0.0422489533735702	0.00271265854328806	0.881767986148085	0.292464882600857	-0.589303103547228
0.370039485100499	0.0700891092932757	0.689460816185465	0.237810662981577	-0.451650153203888	0.0346552437643834	0.00301028142190025	0.962247683625609	0.293025496284804	-0.669222187340806
0.350117369683378	0.0700860210887132	0.65392374681644	0.274328813681181	-0.379594933135259	0.0374677541032475	0.00270173027956936	0.96914570562223	0.309147198386139	-0.659998507236091
0.410343746916603	0.0869024378393625	0.733865871294518	0.293874158321615	-0.439991712972903	0.0384039163209613	0.00385892324804839	0.969572376328995	0.350253917999221	-0.619318458329774
0.369328265015261	0.0758508206095923	0.711118031613695	0.274503224039726	-0.43661480757397	0.0350860853458035	0.0032238093729689	0.974245634629056	0.322459758276854	-0.651785876352201
0.350675502374859	0.0676573149845365	0.677544869696691	0.217364068654617	-0.460180801042074	0.0339199638355081	0.0029835925798126	0.966990007240437	0.246283720132933	-0.720706287107505
0.348382726568908	0.0719697305569861	0.626825454070248	0.252487051093913	-0.374338402976335	0.0379202375271229	0.00348828805932891	0.92759224370054	0.313740486809496	-0.613851756891044
0.342940441562547	0.07213238261513	0.70232450138699	0.267156770944351	-0.435167730442639	0.0315083970416323	0.00310438423998385	0.982448582416476	0.313630806578686	-0.66881777583779
0.394242483240957	0.0790956973439292	0.74564868733228	0.27134936296272	-0.47429932436956	0.0344770369476423	0.00340390217667253	0.975774467562442	0.32876685753905	-0.647007610023392
0.343803845012761	0.0661984855608441	0.636744137707925	0.212403196710359	-0.424340940997566	0.0333842537280191	0.00217231064426857	0.919198771916159	0.190246656070545	-0.728952115845614
0.357041725585929	0.0799194562134292	0.65958053107548	0.27048126350973	-0.389099267565751	0.037012708949434	0.00328830288511386	0.944852221102704	0.291119120056064	-0.653733101046639
0.369538425625979	0.0838035562674097	0.665745115142388	0.29748906103101	-0.368256054111378	0.0358935621035561	0.00351714385233449	0.936595611911318	0.356558740487307	-0.580036871424011
0.326818104423836	0.0674731369069988	0.669208340739776	0.242031824650314	-0.427176516089462	0.0314639197518577	0.00254211867808676	0.966765896068924	0.250034793687985	-0.716731102380939
0.372482800105596	0.0695225561943396	0.668222437033101	0.276210199847114	-0.392012237185987	0.0397194909591619	0.00251020037251766	0.954124436905021	0.300969899077026	-0.653154537827995
0.365383949204302	0.0820139972754893	0.698532554794072	0.284482409857468	-0.414050144936605	0.0355933493524292	0.00367594781254719	0.972063837641148	0.345564957633932	-0.626498880007216
0.328400396035451	0.0664694114666856	0.621555469182036	0.231394597374575	-0.390160871807461	0.0352228292835495	0.00267181437674599	0.940234613867628	0.249975097400937	-0.690259516466691
0.3568154936949	0.0587354083644751	0.643745123869046	0.178868785330972	-0.464876338538073	0.0378036618328367	0.0020671757186069	0.953669368135339	0.158079815959593	-0.795589552175746
0.392383187827027	0.07565612643833	0.680937932767434	0.244512383417087	-0.436425549350347	0.041800284165595	0.00317736708392546	0.9594004904918	0.259379828149959	-0.700020662341841
0.352210012151347	0.0649268583352106	0.612267829882886	0.219034964478557	-0.393232865404329	0.0414221347330164	0.0024275643202016	0.936051469641036	0.212261429250086	-0.72379004039095
0.360673384271719	0.0765401437742751	0.645629034642412	0.267691811746928	-0.377937222895484	0.0368490678509818	0.00322018145455328	0.942179362404809	0.325430069143873	-0.616749293260936
0.369482559362866	0.0727175382956492	0.72180376681279	0.251337875297801	-0.470465891514989	0.0341622853437793	0.00316750556792085	0.984561467905862	0.286675138997635	-0.697886328908227
0.346604299535725	0.0695945524907746	0.65804185210803	0.235821557550159	-0.42222029455787	0.0359204527576352	0.00283725127975737	0.962668408017384	0.24804989963032	-0.714618508387064
0.370625385474595	0.0777548856547657	0.724495784994124	0.278185648837171	-0.446310136156953	0.0340248597726402	0.00365091369916935	0.982865344789288	0.349825596852138	-0.63303974793715
0.392178375292	0.083062346615709	0.684038945901627	0.305539438184722	-0.378499507716905	0.0400225901487933	0.0040350465209215	0.967355289333671	0.445490087329421	-0.52186520200425
0.372291197265086	0.0746130275438806	0.669754940212012	0.251858935675862	-0.41789600453615	0.0388429573342172	0.00308391753725362	0.951976789431027	0.266677321180323	-0.685299468250705
0.363860832464902	0.0698004546740032	0.668048287681461	0.24238802974504	-0.425660257936421	0.0365888164190452	0.00303499299430579	0.9615515582327	0.300680035132326	-0.660871523100374
0.371258494687566	0.067243657531734	0.647887611131185	0.209120633382359	-0.438766977748826	0.0405388021702924	0.00274221889908174	0.94537230548051	0.207041864359438	-0.738330441121072
0.37117429426478	0.069652890882058	0.66602416208461	0.244662239001823	-0.421361923082787	0.0409567653668253	0.00278522630015809	0.970005702123113	0.260479630957102	-0.709526071166011
0.34362082193498	0.0666392445015727	0.719290933432864	0.255594547166613	-0.463696386266251	0.0283922286514468	0.00291612874784856	0.975375980440147	0.33884729735485	-0.636528683085297
0.130263935486937	0.0287690150278777	0.537475945684642	0.472418919387263	-0.0650570262973791	0.024007721182199	0.00108185649299159	0.560660177345265	0.4495416646385	-0.111118512706766
0.330831134523656	0.0675437424160407	0.638759855999907	0.219626249925082	-0.419133606074826	0.0340631080558666	0.00334436164502024	0.960983248061421	0.281428422120402	-0.679554825941019
0.338960888549298	0.0735070266407688	0.626723137217409	0.268882640703914	-0.357840496513495	0.0357215160488985	0.0028109007014825	0.915077106927418	0.294299167375155	-0.620777939552263
0.362294310044407	0.0666581327309424	0.674133350448038	0.223797848431434	-0.450335502016604	0.0358360068862862	0.00209213844259351	0.94241501792313	0.190443455422046	-0.751971562501084
0.396835725096688	0.0801633898544491	0.70152529832683	0.281824036055363	-0.419701262271468	0.039939060954113	0.00340183426673322	0.96834197268325	0.331287329939177	-0.637054642744072
0.370872418933692	0.0694245352889908	0.738111758322557	0.224073406362474	-0.514038351960083	0.0323845098470777	0.00278553829370736	0.986390846469907	0.233036417773762	-0.753354428696145
0.360164806861754	0.0705857582675086	0.662456757243721	0.237966614808642	-0.424490142435079	0.0364945904318533	0.00283226397252683	0.954560623408683	0.258211842954808	-0.696348780453875
