LR_coefficients_null_raster	LR_coefficients_Elevation_16_k10_R	LR_R2_null_raster	LR_R2_Elevation_16_k10_R	LR_Q_Elevation_16_k10_R
8.83094339059058	24.1179550644756	0.0079733249680674	0.0879265491999661	0.0799532242318988
-3.48987429273945	15.8966191032749	0.00268062269951901	0.0822317327892335	0.0795511100897145
0.972503507001442	14.2175205035096	0.000417608795172113	0.131961968691848	0.131544359896676
-4.88872523597856	20.1070496615125	0.00437613423022963	0.109448515675075	0.105072381444845
11.6607400629854	28.5890425905376	0.00790296060114409	0.0702345197490765	0.0623315591479324
37.9241322301021	29.8592855732462	0.160367233538913	0.14697957181305	-0.0133876617258636
8.59479987651925	46.5625559748324	0.00447146471824307	0.19402857917845	0.189557114460207
5.18481164434222	27.6512083657352	0.00389004404280386	0.163580133743175	0.159690089700371
1.75783052147809	8.33262936308666	0.000476893212955303	0.0158432839252363	0.015366390712281
11.0736232112207	46.1705435169967	0.00815691338712078	0.209647706037792	0.201490792650671
32.1362897318983	36.385457747717	0.0881751353680073	0.167118356625486	0.0789432212574784
4.07946592108537	24.0842389847493	0.0027863486109608	0.143584805784927	0.140798457173966
-0.65950228684114	21.2460120015178	8.1208398021586e-05	0.12460543401704	0.124524225619019
65.5997980527559	39.6704312697508	0.13625970658652	0.073673292942086	-0.062586413644434
30.1357092680881	25.9885669741976	0.169480585796249	0.186352656531315	0.0168720707350663
16.2577670417115	22.8527236194977	0.0601047297326815	0.17558062312031	0.115475893387628
0.431118752606272	11.0770338608839	5.69783743988156e-05	0.0556130861289754	0.0555561077545766
0.0322333515589857	15.6527161676802	3.86240347857304e-07	0.134660401361397	0.134660015121049
14.833424836973	30.3111359510715	0.0195461292762161	0.120669108829854	0.101122979553638
7.01688362888808	26.3610271113848	0.0066273188860225	0.138289048890239	0.131661730004216
6.5699844165009	18.861142210662	0.00521420443707299	0.0635344317832518	0.0583202273461788
0.73649618398058	13.0583096107546	0.000197068028658455	0.0915931285968752	0.0913960605682168
10.6878309076602	30.5414298341497	0.0111664487520118	0.134811967462689	0.123645518710677
6.19476567013868	21.6964852374067	0.0066225180361496	0.120106343783861	0.113483825747712
13.4725985295547	47.0445022635082	0.0073837756525767	0.133108967891448	0.125725192238871
-4.10366207596596	35.1629088755407	0.000886105326785165	0.0961890350587336	0.0953029297319485
1.76821271209495	19.5279504881018	0.00069963775846816	0.126162815563964	0.125463177805496
0.933037123072944	14.9826168477441	0.000282975152951708	0.107879679880323	0.107596704727371
-16.0850857563264	39.6274805374656	0.00716674135657296	0.0643104763111953	0.0571437349546224
176.629341625747	99.6696167520582	0.293903872222459	0.138362685995506	-0.155541186226954
12.3385724424719	22.5887369722871	0.0322608787319004	0.159861575390108	0.127600696658208
-1.07562032296142	6.04366666657636	0.000410537103080004	0.0191623707180306	0.0187518336149506
3.96410581060902	24.4878194413148	0.0036276748461302	0.2046689225935	0.20104124774737
60.4109042150923	46.6916201625887	0.209278551958619	0.184835649786293	-0.0244429021723253
4.08654060246838	24.2061842916858	0.0030466898595696	0.158045843548102	0.154999153688532
2.76169876085573	20.4753247975178	0.00232974658889367	0.18933525426571	0.187005507676816
3.77209421514568	22.1955458065691	0.00340522924938469	0.17431177763415	0.170906548384765
0.458876292939256	15.5724757022386	7.32029068299249e-05	0.124642514421383	0.124569311514553
20.4989523250247	16.2193890655852	0.0883612604317706	0.0817864509128875	-0.00657480951888312
4.35479360626183	27.945062693769	0.00281746012377227	0.171532579372207	0.168715119248435
5.84107197101456	26.1697023388999	0.00549874143516053	0.163188498504774	0.157689757069613
12.5574415850907	56.9342596203298	0.00669442986112298	0.203456891730207	0.196762461869084
11.1910390990618	20.3375020167832	0.0271397532018214	0.132517761852183	0.105378008650362
7.01158655849636	21.6288663124685	0.00484460116369195	0.0681564167433861	0.0633118155796941
-0.379521911127083	9.03887275785053	3.38363534702087e-05	0.0283760684407167	0.0283422320872465
0.758159459132461	16.6784240684881	0.000139814053564599	0.100035360258731	0.0998955462051667
4.99657157140602	30.2828720975299	0.00296284803041983	0.160906315528384	0.157943467497964
6.30658169192646	32.0118192311569	0.00320666087728167	0.122151693435068	0.118945032557786
1.71745856174969	18.2900769726314	0.000900636192550206	0.151015563207194	0.150114927014644
13.7578846864794	42.5901761341918	0.00803319773616087	0.113819800193495	0.105786602457334
12.3713060711605	46.1358276027618	0.00885012255299593	0.181973696875143	0.173123574322147
43.7440956312237	32.2382043585099	0.120194403508143	0.0965163402857263	-0.0236780632224165
0.366911151175652	12.010853162456	3.18482607790977e-05	0.0504574615708926	0.0504256133101135
46.8221596990468	38.6174302140308	0.198348340966449	0.199483175209407	0.00113483424295768
4.63243502236532	17.5734955706342	0.00277297372061773	0.0590007084800092	0.0562277347593914
12.1290615235322	18.3376675312807	0.0452955989464752	0.15307477385773	0.107779174911255
35.9429529303296	34.7650142402834	0.124248303981068	0.17185477660543	0.047606472624362
0.130426389779182	8.32685575120945	5.08842436265214e-06	0.0306639640530417	0.030658875628679
8.35359026832733	25.4452698604506	0.0105918107396832	0.145295371778398	0.134703561038714
5.2730135096456	15.1221116294547	0.00599035722102144	0.0728406218711034	0.066850264650082
-1.2980188150402	8.97766735317506	0.000735560032850698	0.0520231875851955	0.0512876275523448
41.6970464566017	39.9640982635067	0.153297155887295	0.208198358650047	0.0549012027627519
1.1134011657759	16.0109223506302	0.000358779204407879	0.109690853293717	0.109332074089309
-0.598980221012986	15.1164741445447	0.00014009995428604	0.131925232075276	0.131785132120989
1.19953094635886	13.9963516079334	0.000578737018067918	0.116493541034387	0.115914804016319
25.559572623455	73.1572573573085	0.013562702180703	0.164273564886196	0.150710862705493
-1.59817677800002	8.04076499140425	0.000938256115005162	0.0351140018282473	0.0341757457132422
162.059513920277	97.9117155190574	0.252954590955497	0.136513819252856	-0.116440771702641
0.891661540347737	18.3262351147471	0.000261788447968404	0.163497348985812	0.163235560537843
0.180628738583576	-2.80639984628063	2.31662339305513e-06	0.000826788903703761	0.000824472280310706
-6.55606535331707	22.4220117702671	0.00558317710591628	0.0965512313118661	0.0909680542059498
-5.44235564919492	48.1155566517732	0.000850320802736368	0.0982638537248619	0.0974135329221256
8.26061059682252	33.0731272944481	0.00594024021816982	0.140780998920733	0.134840758702563
0.842548093817598	17.0940959596452	0.000188086662214913	0.114465521413128	0.114277434750913
1.42638055932301	9.03340372060226	0.000308705950589668	0.0183058890772456	0.017997183126656
86.8798878189281	39.632065598484	0.148118820732447	0.0455699927150491	-0.102548828017398
43.0865828311734	35.3749139853454	0.12554470307374	0.12511774179447	-0.000426961279269333
-1.16614093206341	10.8955240322251	0.00062017429294637	0.0800427089713983	0.0794225346784519
1.82174669955522	17.0643288929682	0.000608119087756327	0.0788868971777909	0.0782787780900345
4.68631255917058	29.4252958953782	0.00312113228876676	0.181930353044454	0.178809220755687
1.80736367428844	14.9803656434804	0.000744071252668411	0.0755756784063985	0.0748316071537301
-0.976493787862732	6.65906262220261	0.000177684745637455	0.0122166229196926	0.0120389381740552
3.85733059185971	21.8170175996704	0.00306042708370353	0.144748102798507	0.141687675714804
27.6659771379908	19.9732280578175	0.121477839607664	0.0936085063544595	-0.0278693332532046
3.2842814761957	10.8360810464953	0.0011827281746641	0.0190354210405763	0.0178526928659122
-0.976279213482137	10.649690486487	0.00051171880468467	0.0900266455929147	0.08951492678823
2.95966798421745	24.9521842572239	0.00177615158781936	0.186648704842022	0.184872553254203
29.7748119928692	37.1523948246071	0.0917864020831555	0.211284537322709	0.119498135239553
7.9095873651543	32.0081603167632	0.00589083461942352	0.142627860069337	0.136737025449914
3.57192477233519	40.5495894673307	0.000666661751596444	0.127024552745837	0.12635789099424
3.37969558631526	15.864233987193	0.00430571416167247	0.140262645643801	0.135956931482128
1.24954742358845	13.5740068034349	0.000553698305231837	0.0966045628957991	0.0960508645905673
13.9171598387281	32.0984525763712	0.014965800295954	0.117701147884452	0.102735347588498
1.27692806148693	15.1000320947775	0.000394372529148978	0.081534856647447	0.081140484118298
1.98280441474374	21.3123651267619	0.000559496136392658	0.0955684270733861	0.0950089309369934
10.3313936915701	30.7873685900046	0.0109358289812107	0.143579628969811	0.132643799988601
5.01134288789439	21.0188505024058	0.00369240768756866	0.0960357911235638	0.0923433834359951
29.9149965810551	27.0584712521547	0.125069318192237	0.151284064903612	0.0262147467113746
1.74871203326209	20.4620333835817	0.0008572929260895	0.173541778888752	0.172684485962662
40.8293419941797	37.364232436583	0.137335368349395	0.170044882716599	0.0327095143672036
