LR1_coefficients_null_raster	LR1_coefficients_Elevation_16_k10_R	LR1_R2_null_raster	LR1_R2_Elevation_16_k10_R	LR1_Q_Elevation_16_k10_R	LR2_coefficients_null_raster	LR2_coefficients_Elevation_16_k10_R	LR2_R2_null_raster	LR2_R2_Elevation_16_k10_R	LR2_Q_Elevation_16_k10_R
3.75771922303267	1.60085404116528	0.063836163226961	0.188414311911756	0.124578148684795	2.36762978982118	0.565003929436875	0.0120085808473971	0.115564549440475	0.103555968593078
3.96986035247413	1.62581453262069	0.0737546233978223	0.22245802461268	0.148703401214858	3.49183522135871	0.565313451684964	0.0268305055164689	0.146861677006413	0.120031171489944
3.18158181908041	1.36731653060187	0.0348788118044341	0.110733990563349	0.0758551787589144	2.82290065578896	0.544156292286838	0.0161809886292936	0.094269457533431	0.0780884689041373
3.44663497181637	1.42676440064841	0.0673312871611558	0.173541302393098	0.106210015231942	2.50868087961001	0.504775239012236	0.0176899864267167	0.106765338369463	0.0890753519427466
3.61843819342487	1.13579002329778	0.0372915013578874	0.0632409571457472	0.0259494557878599	3.35322085751122	0.479634634049034	0.0153421225295084	0.0595078648186638	0.0441657422891555
10.0299002341876	1.7999864675104	0.220118663082796	0.157800493176127	-0.0623181699066694	17.5871557124346	0.632509696349547	0.214405790338807	0.0936639531529746	-0.120741837185832
3.41391774885873	1.52369138780033	0.041287691033241	0.15066995189217	0.109382260858929	2.83494757359662	0.597859388396297	0.0138148995528322	0.120640688002158	0.106825788449325
3.79139202198335	1.37736133868216	0.0701826301990463	0.1506171210151	0.0804344908160533	4.32426558844079	0.617616369361986	0.0355793008102986	0.137427547382915	0.101848246572617
1.95383549833892	0.769100707855883	0.0186404356418257	0.043856552603911	0.0252161169620853	1.4789698019354	0.230357208355241	0.00669838484589966	0.0246155760181646	0.0179171911722649
3.13284946637838	1.54748476301749	0.0436331558614208	0.178031061570724	0.134397905709303	3.11086288085645	0.583276055304652	0.0235711923339531	0.133579917922067	0.110008725588114
3.05911680260223	0.984196080541847	0.0511179592745101	0.1073121992085	0.05619423993399	2.86825790976203	0.393028882515755	0.0216683094673091	0.081972419590869	0.06030411012356
2.96666841960577	1.37032533780293	0.0429566558479727	0.154703039386381	0.111746383538408	2.19405759139418	0.521859195332744	0.0118511108708106	0.108648869716955	0.0967977588461449
2.49848377073184	1.41271381047996	0.0346119002336596	0.139658096901253	0.105046196667594	1.27665444124885	0.581155375325476	0.00664347132418039	0.101808620711222	0.095165149387042
8.52658421914868	2.39570005576795	0.155734367466985	0.213994435795368	0.0582600683283834	8.41507757367145	0.928069996958823	0.0781536219573176	0.15018282682127	0.0720292048639529
6.32864971733412	1.24943524674928	0.108674873721154	0.0907582323845075	-0.0179166413366462	11.3594555239801	0.582414373821735	0.123481423966419	0.0909110253625025	-0.0325703986039167
1.5101577301883	0.913415090513685	0.0134244139541059	0.0824737083738701	0.0690492944197642	0.592573435954518	0.319555282657502	0.000822278079208113	0.0469564120346971	0.0461341339554889
3.60530775601728	1.19096361825026	0.0835004387838947	0.155853437588276	0.0723529988043817	2.88719308075608	0.458773545330671	0.0276402649247725	0.105605967845015	0.0779657029202424
1.96321365432017	1.26044672903545	0.0332577393257081	0.167366625146156	0.134108885820448	0.877209736372515	0.46948870388855	0.00419423446248411	0.111631679883703	0.107437445421219
4.95609170530977	1.87590558475957	0.0539495628874305	0.111719793953863	0.0577702310664326	2.72461156935376	0.650255854993026	0.00710586140991017	0.0578842706422028	0.0507784092322926
3.66378336204147	1.43633166987068	0.0461635797117261	0.10319478754823	0.0570312078365039	2.83950203131488	0.470877453317114	0.0150497770748272	0.0508983206502449	0.0358485435754176
3.96085927538106	1.05989730085725	0.040452051199192	0.0602004039903895	0.0197483527911974	3.73107743498864	0.391987284161222	0.0145992151787505	0.0414252796473439	0.0268260644685934
2.15798906578587	0.975163103665104	0.0427809166094485	0.120535793222495	0.0777548766130464	1.80408537453168	0.433241342326157	0.01130467729744	0.0901289842576416	0.0788243069602016
4.20808575475114	1.5841496933072	0.0430299503176992	0.106704721421736	0.0636747711040365	3.51543167654998	0.576620257889477	0.0169856752283579	0.0749515343722302	0.0579658591438723
6.88537052520846	2.2397903857225	0.0972671207986891	0.197603117434264	0.100335996635575	7.91099641204376	0.850600829211676	0.0497381347963249	0.157370693875051	0.107632559078726
3.08111866975778	2.02769526196699	0.010284467501103	0.0713015801007043	0.0610171125996014	1.85129106672202	0.698230345063515	0.0019990293135144	0.0413581715397055	0.0393591422261911
2.75661798462063	1.4658193083851	0.0247045632927127	0.105482821748026	0.0807782584553133	2.83042500748386	0.597176544766076	0.0102291819779731	0.075867357655689	0.0656381756777159
3.63783715983485	1.35747071047987	0.0834479607266264	0.203461194313342	0.120013233586716	3.21729474961371	0.499073522064769	0.0268281751372913	0.121733927907399	0.0949057527701078
3.39495558368765	1.46342801883858	0.0803742274397185	0.2323758610865	0.152001633646781	2.59614343423283	0.544633868141751	0.0230245240051298	0.161517292186301	0.138492768181171
4.51705110509354	1.28212044595021	0.0633601760244451	0.0790468673036509	0.0156866912792057	4.5164169778898	0.421172144287731	0.0302679559536619	0.0457310594930061	0.0154631035393442
21.3703597156145	1.72133775371664	0.228014094175431	0.0239283583992588	-0.204085735776173	27.3621183850302	0.439560577392348	0.214273616674991	0.00822631125069885	-0.206047305424292
3.15879318142869	1.19522988701647	0.0441873557481472	0.108542853572888	0.0643554978247408	2.69593560073377	0.454998913457393	0.0122885770974591	0.0705310214431001	0.0582424443456411
4.12884971601865	1.22071917444904	0.111058381853653	0.169377742044022	0.0583193601903688	3.5358034410199	0.43353795357366	0.036365204410005	0.0982131256557896	0.0618479212457847
2.03233842418911	1.06387453366723	0.0340518957960745	0.130855466633334	0.0968035708372594	1.56657551700279	0.441985573867366	0.0109063969044795	0.10777616855803	0.09686977165355
9.94886797422705	2.29417258786549	0.148979164945986	0.12516758756852	-0.0238115773774659	11.0917912204175	0.971889617486236	0.10068412851164	0.0987898674932904	-0.00189426101834933
2.79297773148983	1.09482107211676	0.0399985907437536	0.110646009241185	0.0706474184974311	2.2888006118727	0.398068053900961	0.0113736906821428	0.0672375866578348	0.0558638959756921
4.0431552382324	1.39769169867968	0.0712988682527507	0.156678214565555	0.0853793463128047	4.21411405365093	0.510767720979409	0.0301422212591908	0.105912201753376	0.0757699804941848
2.72236570741799	1.03288159647733	0.0408997184668567	0.0935222208648178	0.052622502397961	2.46167451434559	0.400074716218932	0.0168586627210779	0.0660240933559522	0.0491654306348743
1.70617275700022	0.654384048120266	0.0179433194657677	0.0447787881170122	0.0268354686512445	1.92746167988069	0.267352955819733	0.0103617539345035	0.0363482659045448	0.0259865119700413
3.01884648501647	1.43305327122489	0.0637610830806288	0.184706970891024	0.120945887810395	1.80668806431884	0.560343201928201	0.0136332387940384	0.121757584501178	0.108124345707139
3.52792756052889	1.22055945619208	0.071492919223055	0.123640844367902	0.0521479251448471	3.48245409590438	0.446041064764457	0.0319987247579673	0.0805353280809059	0.0485366033229387
4.66209547646442	1.72605191784021	0.107615198362445	0.240802563078977	0.133187364716532	4.01775971568226	0.6528759165892	0.0419713041066596	0.159729444309033	0.117758140202373
4.1990541902658	1.83169714730502	0.0363542169298368	0.130140718212607	0.0937865012827701	3.30549436845805	0.761604511470099	0.0107644718274719	0.110604053979603	0.0998395821521309
2.53579038266131	1.11457193857862	0.0242810555582861	0.0657113139432854	0.0414302583849994	2.02116876090699	0.373719122678846	0.00980521283045032	0.0351503156354111	0.0253451028049608
2.1348437621225	1.27419113110236	0.0251842643349363	0.139154428528604	0.113970164193668	1.11439942802185	0.50340218591166	0.00343254030633195	0.103960529350902	0.10052798904457
2.46287133737602	0.968355779528202	0.037460524989797	0.0904934113434916	0.0530328863536946	1.28794838514666	0.317606800664767	0.00452060637874785	0.0445233018566958	0.040002695477948
2.27813809679899	1.14033803369884	0.0340652025966132	0.138777386591996	0.104712183995382	1.48549146279839	0.464885194378859	0.00582272960400517	0.0968553422675677	0.0910326126635626
3.14145163025386	1.31947920020415	0.0508252629595028	0.163833645327259	0.113008382367756	2.74679755588638	0.521383311698105	0.0163655391658679	0.133069698781602	0.116704159615734
3.08333536446764	1.46063236725609	0.0449776871994218	0.143817070464267	0.0988393832648447	1.9807539847705	0.629427824902609	0.00999141855968614	0.113021571696095	0.103030153136409
3.16543529626621	1.0099637721823	0.0803772743280131	0.125662444313749	0.0452851699857364	2.67107611789146	0.336161273638899	0.0272352066164842	0.0636869415768494	0.0364517349603652
5.28429458674242	2.08789315892972	0.0600230037788863	0.162001406998034	0.101978403219147	5.20480314503319	0.901747279125735	0.0253835071754305	0.13781055519037	0.11242704801494
3.36633653024019	1.84379061706928	0.031566902495098	0.144930677439424	0.113363774944326	2.08945434707708	0.712264616651538	0.00580230971762704	0.0983072707582448	0.0925049610406177
5.38581359767595	1.31087381459662	0.0990293822131412	0.0962147757507795	-0.00281460646236172	5.1944092495233	0.426015423716472	0.0488119513709847	0.047271604281095	-0.00154034708988963
1.91744787679306	1.47206982347194	0.041572626595645	0.219545548985264	0.177972922389619	0.401315391513687	0.517883349630125	0.00192526189204056	0.129307287655342	0.127382025763301
8.29509557245608	2.04979306415515	0.170953530156077	0.153775386498973	-0.0171781436571033	9.55311225292656	0.733648764875485	0.128000432527705	0.094831645810654	-0.0331687867170511
3.53205717938167	1.36472004800121	0.0698390434653338	0.193103920740388	0.123264877275055	3.17648112077471	0.572102374556673	0.0217103022827097	0.142454750301572	0.120744448018862
2.7421939160847	0.814207176237641	0.0614519574499808	0.0904263415368958	0.028974384086915	2.47362075983433	0.205632168874964	0.0380682202283901	0.0479575607765823	0.00988934054819219
4.54476871329541	1.207132679727	0.0522288866145549	0.0637012875538354	0.0114724009392805	4.11229709245317	0.445849085722012	0.0327412403991563	0.0529285368081211	0.0201872964089648
2.72180623802592	1.15356760167537	0.0480553029952859	0.133161744915226	0.0851064419199403	1.82781805905147	0.454204839281728	0.0115898701335173	0.0939472581333389	0.0823573879998216
5.78614313688747	1.54298179057564	0.178162479978213	0.246523479157112	0.068360999178899	6.5847507317754	0.620744472949718	0.081457259655066	0.166972649262496	0.0855153896074304
3.41590467491122	1.0840762446056	0.0846117072631116	0.128279561944891	0.0436678546817795	3.02851721661061	0.417355313946019	0.0299718592487994	0.0831317909620781	0.0531599317132787
2.47425717428548	0.891439487057006	0.0359026269211428	0.0814425568012157	0.045539929880073	2.41871755550499	0.383653733360798	0.0157238372573413	0.0725384776841044	0.0568146404267631
2.6584689468954	1.1542420963889	0.022697982188329	0.04833019593407	0.025632213745741	1.99140942230247	0.43020038640897	0.00797269829736305	0.0323882394272756	0.0244155411299125
3.2311759942789	1.07622098229776	0.0530357591010601	0.107058760865063	0.0540230017640029	2.95952789829513	0.409573224005099	0.0212674575716887	0.0751976624446458	0.0539302048729571
1.64498994606622	1.10532995588762	0.0208575560237726	0.140961691615417	0.120104135591645	0.718985882836391	0.40351033809362	0.00202714349433195	0.0839327727563632	0.0819056292620312
4.1554682677293	1.42593757413231	0.108836815747577	0.191432676053949	0.0825958603063718	3.93905751842274	0.596393847253721	0.0435991581021104	0.143555864368807	0.0999567062666964
4.13112153805389	1.89213483024813	0.0179042017935575	0.0517809103022493	0.0338767085086918	3.32778664829574	0.685347182435773	0.0088456480447788	0.0374324585741578	0.028586810529379
3.17327580495945	1.03018244263018	0.0712419946171331	0.116290615375908	0.0450486207587747	2.62671215743999	0.367427454362905	0.022487134951309	0.0703814732939594	0.0478943383426503
26.1265412942038	3.34124832500098	0.227424497846462	0.0885325519876608	-0.138891945858801	56.6440964736126	1.35992668866501	0.31087869301835	0.0656604251890888	-0.245218267829261
1.72006015301118	1.4184680423847	0.0185227757840805	0.162486117800094	0.143963342016014	1.42001429050028	0.592291452176772	0.00667707300384394	0.13757669408598	0.130899621082136
4.24825717287556	1.17553599021983	0.072605228868199	0.104530299114271	0.0319250702460723	3.83299605518	0.379201000558477	0.0283385294794936	0.0636022625137315	0.0352637330342379
2.85529261601361	0.958008091302713	0.0349029287073368	0.0816443362643065	0.0467414075569697	2.88725766370686	0.308190650475226	0.0161603941797088	0.0430225153419783	0.0268621211622695
7.71849006999509	2.79938738661526	0.0578320476670091	0.138027245982679	0.0801951983156703	7.27426572013438	1.04892190478001	0.023893871650152	0.0892566438678678	0.0653627722177158
2.96626866222083	0.999218580300972	0.0486485018668559	0.108722561078592	0.0600740592117362	3.08948950073279	0.260447178592472	0.0337229565112826	0.0869101204959554	0.0531871639846728
3.94053559714626	1.20529706244196	0.146625743124192	0.206062336554769	0.0594365934305763	4.08678106893928	0.367527638445421	0.103132247187881	0.160160472899493	0.0570282257116121
2.00055801498895	1.24373672231735	0.0226244232598836	0.109122089428499	0.0864976661686155	0.745947594901136	0.522559880745621	0.00182805155746979	0.0862338015679635	0.0844057500104937
3.83847547651165	0.834557643959564	0.0328637779420586	0.0226139043144817	-0.0102498736275769	2.67093965741325	0.169255216837215	0.00742988819267355	0.00441039759402804	-0.00301949059864552
2.93629851447033	1.23786899833869	0.0308050977414798	0.0800784164362919	0.0492733186948121	1.67718141043019	0.350814016608226	0.00571294388107994	0.0336128145836271	0.0278998707025471
1.65382313068865	0.814548920500534	0.0184492288987225	0.0618435564873267	0.0433943275886042	1.19618919707647	0.290079709738077	0.00452311604552923	0.0368393018830518	0.0323161858375226
3.95383436324524	1.53135813140036	0.0840097716399476	0.194773087274724	0.110763315634777	2.92598805035886	0.631907937188519	0.0236250496107534	0.137244421022709	0.113619371411955
4.12128261598765	1.5851712297115	0.0839382161417423	0.197579317392437	0.113641101250694	3.89052566062596	0.715290499462067	0.0323541619976852	0.173613236982325	0.14125907498464
1.88701657749987	1.20236305891207	0.0250861628799192	0.14803732319503	0.122951160315111	1.63858022758163	0.46440114284301	0.0083630398465517	0.113311954989495	0.104948915142943
2.80236932951887	1.10408355024011	0.0594888652471407	0.138668278978283	0.0791794137311425	1.88541538676001	0.368649845017336	0.0130559261252072	0.075990056089996	0.0629341299647888
2.84034053926082	1.43959039471948	0.054658517296472	0.176297103140136	0.121638585843664	2.31967861340708	0.571331063188984	0.0225322364985048	0.146084529054755	0.12355229255625
6.67876555255166	1.52330819909251	0.154340425558195	0.152557814147198	-0.0017826114109967	6.54774436052432	0.435451265736283	0.0833854045137463	0.0866795976855532	0.00329419317180683
1.61244549390142	1.23394953769965	0.0170338435526834	0.16324668853951	0.146212844986827	0.41138358593619	0.503091725754848	0.000548497301880607	0.117190540350307	0.116642043048426
3.77915330104616	1.25947101274968	0.104393361989639	0.17992776517609	0.0755344031864513	3.53439525773766	0.506139364494213	0.0456513682645351	0.13467853259557	0.089027164331035
2.65212133527371	1.27734167001645	0.0482996305004544	0.182487827288426	0.134188196787971	1.81955868956884	0.408249895538854	0.0104226322479618	0.0990632823597527	0.0886406501117908
6.25788867358611	2.18512571416241	0.0776501533657446	0.156592416143617	0.0789422627778729	7.16397294439358	0.884717085112432	0.0549152827972954	0.127608101803204	0.0726928190059089
4.42598787492115	1.61545994430258	0.119198383989547	0.303961711156451	0.184763327166904	3.62799992732663	0.660209406945162	0.0349650001415198	0.227687140521595	0.192722140380075
4.64117802503969	2.4971013915555	0.0410692156028597	0.163186539664795	0.122117324061935	4.07349192203293	0.943538800327514	0.019665868810941	0.117366288411729	0.0977004196007881
3.47073962776739	1.18309289637181	0.063458871794833	0.123686122513648	0.0602272507188147	2.61639283732849	0.455696383893917	0.0205471026678692	0.0857663481992458	0.0652192455313766
2.56474329447652	0.873403264163893	0.057661835480958	0.124238379465101	0.0665765439841433	2.4673644078351	0.224515129397694	0.0277616645189198	0.0683258315758502	0.0405641670569304
3.80878629385856	1.60182351478508	0.0554307725622093	0.145875697937951	0.0904449253757419	2.67305682505613	0.58860511142614	0.0153313885999978	0.0842118377071527	0.0688804491071548
3.27103448041828	1.28705349183926	0.0525409052758963	0.133563674598162	0.0810227693222653	2.70010592030477	0.529167972264511	0.0193749632464009	0.110015195028972	0.0906402317825715
1.43339157875099	1.2121336869966	0.0164399939604469	0.128177766755382	0.111737772794935	0.353095948777693	0.440228793958518	0.000650414165636853	0.0763890673994741	0.0757386532338373
3.02377010106505	1.75186164112832	0.0254564166746148	0.159596139041249	0.134139722366634	2.3544647545464	0.677737884417032	0.0072585820389767	0.119509181419683	0.112250599380707
1.30976881534147	0.92228189648689	0.00734804797473625	0.0578900730043128	0.0505420250295765	0.864550470427752	0.345608239571827	0.0014499263616325	0.042025351406659	0.0405754250450265
4.13921319799591	1.5058804426304	0.0778975446453348	0.148540800809189	0.0706432561638546	4.37050671620731	0.617238840669531	0.0392675022655538	0.122988575770693	0.0837210735051388
1.05540060522706	0.714418825738614	0.00673714964078816	0.0504722812889145	0.0437351316481263	1.03611245024623	0.252000074045018	0.00290470513966097	0.0334611584361228	0.0305564532964618
3.49450094084117	1.18869881891227	0.0693269750773769	0.11952510827993	0.0501981332025535	3.5538680757575	0.494383172897588	0.0335563925837946	0.0982126305846835	0.0646562380008889
