LR_coefficients_null_raster	LR_coefficients_Elevation_16_k10_R	LR_R2_null_raster	LR_R2_Elevation_16_k10_R	LR_Q_Elevation_16_k10_R
20.7870322405096	13.5660273072915	0.282940106533861	0.175358107510225	-0.107581999023636
21.1756683866464	13.698573748257	0.286774483565426	0.174633628444957	-0.112140855120469
21.7476361074092	14.1991871547235	0.301040073964284	0.186740330082502	-0.114299743881781
21.5680929799467	14.285944436366	0.299487205465086	0.191198121287663	-0.108289084177423
21.4727069322021	14.1958623652689	0.294510245334205	0.18731014892567	-0.107200096408534
21.9452283482952	14.0855627000041	0.303549723003772	0.181973843203748	-0.121575879800024
22.9698151888838	14.8764856227913	0.322544515771767	0.196873059435243	-0.125671456336524
21.4025744441131	13.8447718980247	0.292824172429445	0.178302499439894	-0.114521672989551
21.0051425967983	13.6543824520565	0.282880220631499	0.173942766443717	-0.108937454187783
22.0995462001911	14.3378926908097	0.305343571777609	0.187026724776624	-0.118316847000985
21.6029552261374	13.8867337582906	0.295132552805028	0.177460602411618	-0.11767195039341
20.9942152350081	13.9432987758212	0.284662582035214	0.182714535507604	-0.10194804652761
21.0758308845478	13.7175598357779	0.287604257415258	0.177292583657329	-0.110311673757929
21.6928753174742	13.9954822649024	0.29993343618362	0.181667524514613	-0.118265911669008
21.1939100942982	13.6594307178229	0.288702586191924	0.174503698061675	-0.114198888130249
21.3833074149883	13.7373288994715	0.296697184071555	0.178188303136174	-0.118508880935381
21.4994760315929	13.4944602493774	0.297865680666337	0.17076020959483	-0.127105471071507
21.3373934622866	13.8306533540595	0.292704930119168	0.178954915291047	-0.113750014828121
21.7359993970523	13.7921434724494	0.301640114962014	0.17672757611573	-0.124912538846284
21.963837283131	14.2430497512059	0.305020514307562	0.186650647689054	-0.118369866618507
21.0763066946259	13.627284369927	0.287832370700723	0.175097601194614	-0.112734769506109
20.8029943257102	13.6407736704609	0.278800053639491	0.174433572887598	-0.104366480751893
21.0950862434378	13.6848656954535	0.286270622773957	0.175309803060897	-0.110960819713059
21.2287761471154	13.6929847123478	0.291876005372643	0.17670776786736	-0.115168237505282
22.2335489177425	14.2499400817355	0.311293471027687	0.186075598246382	-0.125217872781305
21.0601144545542	13.6432737589692	0.287491721950504	0.175570679494011	-0.111921042456493
23.1645911074516	14.7463661937399	0.330285071925405	0.194769356381187	-0.135515715544219
22.2022132076717	14.4504102982274	0.310377909078012	0.191324042656421	-0.119053866421591
21.9486761621853	14.0531418571204	0.299908656246919	0.178908147929337	-0.121000508317582
21.1930207155964	13.6129858136286	0.286400815533344	0.171951601132039	-0.114449214401305
21.0243571793033	13.5153953063282	0.283755050681854	0.170634394343241	-0.113120656338613
22.84062601118	14.7583216110528	0.323114745088426	0.196302417837409	-0.126812327251017
22.7168079262778	14.618616251828	0.320262038173837	0.192989777549915	-0.127272260623923
21.6539847660438	13.9665724347226	0.297230003624647	0.179931671372425	-0.117298332252222
21.1002202995257	13.6121967433188	0.288919815007303	0.174972872749238	-0.113946942258064
21.4749089400577	13.8030177961234	0.289054190992547	0.173770335820962	-0.115283855171585
22.0299882563315	14.1801525026688	0.304809332718174	0.183769091489069	-0.121040241229105
20.9708139316375	13.6569857438998	0.283031886787736	0.174672862490017	-0.108359024297718
21.7676250964214	13.9229574919027	0.299804689847235	0.178480282257382	-0.121324407589853
21.9096410713471	14.009303149817	0.303058605897639	0.180301803495819	-0.12275680240182
22.9387582962766	14.8275475139322	0.323461992493204	0.19666769771145	-0.126794294781753
21.6963633874577	13.8216425522924	0.296005521739135	0.17480593459641	-0.121199587142724
21.0532781329947	13.8801331963453	0.288079180835947	0.182209329852938	-0.105869850983009
22.1504852776282	14.1912861779061	0.307143156899236	0.183454681652951	-0.123688475246285
22.4184761187741	14.4361615618708	0.314495380225771	0.18976516052943	-0.124730219696341
20.7495328419932	13.5354197834377	0.27914134867246	0.172847024375342	-0.106294324297119
22.5812907310914	14.6120984570042	0.313182351915891	0.190825261628471	-0.12235709028742
21.7572928057191	13.8824103908678	0.300462446132106	0.178000476340661	-0.122461969791445
23.2826410935148	14.8412564785404	0.329968951207053	0.195101621126078	-0.134867330080975
21.1328653869228	13.9880871162254	0.285986383684153	0.182329175053084	-0.103657208631069
20.9338925671771	13.6867835861951	0.284057310044164	0.176693158855333	-0.107364151188831
21.8446093764843	14.1336871850952	0.299658605136085	0.182540842146616	-0.117117762989469
21.9999889124643	14.0461587317521	0.309829804195009	0.183782578149812	-0.126047226045197
21.5238405647941	13.5698306614586	0.30135855274508	0.17430256742316	-0.12705598532192
21.6133725246562	14.2410018905662	0.295684511358586	0.186799421720589	-0.108885089637997
21.8797034239797	14.0167805766781	0.301489093890601	0.180051281258913	-0.121437812631688
21.4314595366415	13.974674239828	0.29660675726133	0.183515129899983	-0.113091627361346
21.0275192165676	13.9346882184308	0.281881397410736	0.18013403300523	-0.101747364405506
20.9963177885848	13.5839500154614	0.284234510938975	0.173122542763562	-0.111111968175412
21.2176620428989	14.1403588425819	0.28887904541348	0.186703639084513	-0.102175406328966
24.0629881172159	15.447053347341	0.349559775668052	0.209616062827154	-0.139943712840898
21.5844999899068	13.9690102278791	0.298881941646456	0.182162031876872	-0.116719909769584
21.2826264044145	13.8303005673003	0.292014799105717	0.17944385439715	-0.112570944708567
21.8408366912782	13.9796421586967	0.300787186010988	0.179317978217277	-0.12146920779371
21.3650503206537	14.3889828295693	0.292153434622372	0.192829855838299	-0.0993235787840729
21.4866420963936	13.8447558896568	0.29410481052444	0.17768328152325	-0.11642152900119
22.8468885096717	14.7891019351652	0.320904851393794	0.19566659249466	-0.125238258899134
22.1719673357269	14.2410404950341	0.307999637165369	0.18489966246912	-0.123099974696249
21.4720868323173	13.8281770547126	0.293527792954068	0.177150143360568	-0.1163776495935
20.8732377467256	13.4615824644084	0.283104228241766	0.171344395218667	-0.111759833023099
22.0383828907295	13.8116273491531	0.310106896189377	0.177236277600922	-0.132870618588455
21.1617005667857	13.9212181987269	0.291251672445926	0.1834140974207	-0.107837575025226
21.6826921850769	14.8887002071159	0.289638813273798	0.198726075569801	-0.0909127377039969
21.7622161411945	14.069360655758	0.30268109119796	0.184093606252671	-0.118587484945288
21.2758824007005	13.8283494348702	0.291297115588633	0.179065793405619	-0.112231322183014
21.0914929687908	13.5864847791614	0.286795538588187	0.173174090148397	-0.11362144843979
22.8191624613082	14.7369989864538	0.32204237744029	0.195453137913252	-0.126589239527038
22.5500640521355	14.4465472749014	0.31566763065303	0.188526995298864	-0.127140635354166
21.575243158021	14.32816131066	0.297792411759022	0.191114693967217	-0.106677717791805
21.7971286968634	13.9131829859367	0.303158909853637	0.179736249116835	-0.123422660736802
22.3787152411594	14.422776102703	0.312688107188494	0.18899473715868	-0.123693370029815
21.696646020512	13.9885613280605	0.299540784633278	0.181187317531737	-0.118353467101541
21.1258659563853	14.6666400945616	0.279965374600137	0.196357487631648	-0.0836078869684889
21.1749745570463	13.5108203993787	0.287574796935661	0.170364617496003	-0.117210179439658
21.4062612292119	13.8766790496767	0.293647118093371	0.179566830327738	-0.114080287765633
22.5883383468271	14.7217629589241	0.315884505844097	0.195249673591366	-0.120634832252731
22.1944564861273	14.422187370767	0.309535353620799	0.190192960219633	-0.119342393401166
21.1856059028019	13.5705878684367	0.289826485955131	0.173047206731467	-0.116779279223664
21.285868655712	13.6804174027678	0.289988499501323	0.174304118937575	-0.115684380563748
21.3945490561346	13.6270823672072	0.292228342636606	0.172517334619262	-0.119711008017344
21.2028562490259	14.0093145531759	0.290118979096613	0.184302877153526	-0.105816101943087
21.2748788021284	13.5972817605037	0.291513622467699	0.173276549788215	-0.118237072679484
22.925547943009	14.7380680286944	0.324003545338799	0.194850877450411	-0.129152667888388
21.4113899685984	13.7658845634418	0.287589482973013	0.172982615809901	-0.114606867163112
22.1425778470917	14.3092684481907	0.311562279484772	0.189336479978641	-0.12222579950613
21.5959080928644	13.80916761216	0.296933882894429	0.17666998094912	-0.120263901945309
22.1962904219366	14.4322727322193	0.310050973176681	0.190744792587106	-0.119306180589575
20.8312693352262	13.4179464605025	0.281706996002011	0.170078416307569	-0.111628579694442
22.5553568609492	14.4912324600766	0.313928136051866	0.188561239413738	-0.125366896638128
21.2523297930212	13.7011241792979	0.290211083282364	0.17551904895968	-0.114692034322684
