LR1_coefficients_null_raster	LR1_coefficients_Elevation_16_k10_R	LR1_R2_null_raster	LR1_R2_Elevation_16_k10_R	LR1_Q_Elevation_16_k10_R	LR2_coefficients_null_raster	LR2_coefficients_Elevation_16_k10_R	LR2_R2_null_raster	LR2_R2_Elevation_16_k10_R	LR2_Q_Elevation_16_k10_R
0.248826941049643	0.116679869498577	0.0970521337070314	0.175707459305293	0.0786553255982615	0.0107253023810672	0.00372914796873372	0.0263983692858592	0.111326763395401	0.0849283941095414
0.302986380291187	0.177109570567455	0.068575938681535	0.228770511543636	0.160194572862101	0.0124759943164366	0.00677952369084943	0.0146687248924775	0.17184505414558	0.157176329253102
0.290743989722045	0.13226608971544	0.09886834927675	0.174515654818167	0.075647305541417	0.0108032367889017	0.00448761722996146	0.0200032461145259	0.110136831402496	0.0901335852879698
0.233551242603223	0.116014762273581	0.0981828640763958	0.195002568476552	0.096819704400156	0.00993097652115102	0.00379750594358127	0.0237197147863261	0.110985467135974	0.0872657523496484
0.271760219435903	0.13416933425046	0.081938876598916	0.187684280513135	0.105745403914219	0.0137319600862813	0.00490094795250751	0.0285414771542099	0.173962796933108	0.145421319778898
0.190472944903172	0.13113941374703	0.0191340574063105	0.107357105478686	0.088223048072376	-0.00355521943947721	0.00322397336621424	0.000526555029595949	0.0431197927855536	0.0425932377559577
0.327180921286424	0.229352306263764	0.0547504674817558	0.201521808777246	0.146771341295491	0.0118665808705246	0.0101170591221446	0.0125923815680388	0.209182563589056	0.196590182021017
0.287330651934183	0.126009041631867	0.103589873822697	0.184314314831456	0.0807244410087585	0.013173811274317	0.00389763138008652	0.0284123923242466	0.100947978610689	0.0725355862864425
0.523658062696171	0.162173572007131	0.0839395131596685	0.081697030945524	-0.00224248221414454	0.0467875281304016	0.00528180322831097	0.0715718932164478	0.0498913188687147	-0.0216805743477331
0.193580746025768	0.0932021984973787	0.0627065361325579	0.143005653446384	0.0802991173138262	0.00548343889397931	0.0028629808558559	0.00743615390516125	0.0891177532118789	0.0816815993067177
0.226021690582891	0.150871321850455	0.0450801643270943	0.205496372777328	0.160416208450234	0.00633076737402072	0.00526209904514094	0.00413463261552535	0.170547077278843	0.166412444663318
0.363896391349312	0.15797153694842	0.0942343260642251	0.210796021862592	0.116561695798367	0.0186973571558366	0.00464406701705046	0.028880813302851	0.14510869999485	0.116227886691999
0.692231191078768	0.193239095906174	0.252701087606281	0.227021036240031	-0.0256800513662502	0.098235723369258	0.00727534180070519	0.315242411258625	0.206447592670939	-0.108794818587687
0.182236894626804	0.0725375918411461	0.0435923384197506	0.0741149347896529	0.0305225963699023	0.0100050151864329	0.00188282434431053	0.0148177453973541	0.0376071482872345	0.0227894028898804
0.395865491857063	0.116014444720314	0.127019930006652	0.116119251747121	-0.010900678259531	0.0342143948214498	0.00347493817449724	0.0872094862184522	0.0730890270205145	-0.0141204591979377
0.357710506044012	0.0921125663768788	0.0768735628055819	0.051546756370014	-0.0253268064355679	0.0440220560432291	0.00424162331998024	0.113443968938443	0.0509103438725384	-0.0625336250659047
0.376125437106195	0.195361768289218	0.0443491462787771	0.141017887110027	0.0966687408312495	0.0197325405356219	0.0066917300717728	0.0162188141990691	0.128871473872564	0.112652659673495
0.241065613660496	0.138295815772616	0.0433775104025248	0.161102574601058	0.117725064198533	0.00980703609023221	0.00514141864066532	0.00901055543105515	0.122013000918797	0.113002445487742
0.80398696955798	0.174711014834961	0.284756289597498	0.221126944919037	-0.0636293446784612	0.114577930034093	0.00606396820559813	0.369089981847736	0.233039957054361	-0.136050024793375
0.153083866970073	0.0878090887332966	0.046697647757213	0.121094731523331	0.0743970837661179	0.00515395103796761	0.00286846600744576	0.00784281462411544	0.0786541727791681	0.0708113581550527
0.369378585733967	0.141896764858308	0.108852898913781	0.15195161383029	0.0430987149165094	0.0148564111011566	0.00490437225753336	0.0227794538870325	0.0916737831451946	0.0688943292581621
0.233895747036023	0.0972621837041992	0.0482945199082561	0.0771615185367741	0.028866998628518	0.00995491961721317	0.00263241596068008	0.0115665261432764	0.034050519616569	0.0224839934732926
0.154974002702651	0.0931034604120843	0.0325032543032496	0.103386993639641	0.0708837393363912	0.00521993471516062	0.00335303419388448	0.00378176047300521	0.069422401526486	0.0656406410534808
0.257546444817822	0.203999427019978	0.0299219909729841	0.148650373634347	0.118728382661363	0.0104022270321059	0.0073335077871654	0.00565431650274221	0.0906165654848992	0.084962248982157
0.29668797032574	0.13107008217638	0.0743440061503246	0.124297056557962	0.049953050407637	0.0223124070290879	0.00498996000403885	0.0419121805527405	0.0863237955436597	0.0444116149909192
0.722784286173412	0.276886101799093	0.117729250815454	0.178677423495645	0.0609481726801914	0.0616285144774414	0.00899253382253776	0.0680901761132476	0.110204509657627	0.0421143335443798
0.257549157072997	0.117574415190499	0.058735616331548	0.102770239276322	0.0440346229447743	0.0113488708737248	0.0035019513080033	0.015710167261722	0.0558024964771843	0.0400923292154623
0.158312272196284	0.10417095082314	0.0394536762407535	0.133752260051325	0.0942985838105714	0.00361871007310903	0.00311219768405464	0.00422576902006582	0.0702217537649982	0.0659959847449323
0.195182475339662	0.11904842605566	0.0291820289944667	0.0876346423005344	0.0584526133060677	0.00537549317619607	0.00350424043751974	0.00322743025391839	0.03773258971632	0.0345051594624016
0.218983192628022	0.0827897425775296	0.0503836629518625	0.0801690812587146	0.0297854183068521	0.00501991371635703	0.00188139232506642	0.00429629426751524	0.0392821429205719	0.0349858486530566
0.265727675305818	0.0994973249587739	0.0734446477962865	0.0990798124313879	0.0256351646351014	0.0249181845002618	0.00324904515581595	0.0558395852934545	0.0641461786581694	0.00830659336471495
0.94866421604828	0.284221267807384	0.261314809800475	0.173349731241797	-0.0879650785586784	0.0716014466316882	0.011678712118585	0.263581300604264	0.17986264857905	-0.0837186520252138
0.193644913052132	0.0987837325951974	0.0805208505151917	0.197367953043737	0.116847102528546	0.00848110731460829	0.00295271482913933	0.0204532347138159	0.138649481515555	0.118196246801739
0.199052491476853	0.0948665488696077	0.0354151473727483	0.0867116432485376	0.0512964958757893	0.00761319868556855	0.00342352049178516	0.0049633539300956	0.0682071633077062	0.0632438093776106
0.231987171559034	0.143629970983664	0.0211964861755984	0.0802936023605372	0.0590971161849388	0.0108973339221081	0.00408498751729926	0.00552088053530116	0.0431446754265557	0.0376237948912546
0.365040955029345	0.130612573590718	0.116211550776557	0.112172133033014	-0.00403941774354262	0.0222269829075823	0.0049083959740859	0.0889049585317794	0.0780419907202836	-0.0108629678114958
0.468412693648741	0.156176383188513	0.164808722138107	0.13308034717289	-0.031728374965217	0.0346888920964633	0.00679732583206739	0.18580222873973	0.135853436351878	-0.0499487923878525
0.151817394709418	0.111523824991201	0.0129506028194295	0.0567787992402092	0.0438281964207797	0.00941879355932958	0.00276986381676291	0.00580305714943284	0.0300298477599448	0.024226790610512
0.150776600555682	0.082148695680267	0.0170247976974934	0.0444706447104028	0.0274458470129094	0.00468992901400687	0.002064827292361	0.00249826749465831	0.0193652209419168	0.0168669534472585
0.0706511227967765	0.0664049835258028	0.0087449616760791	0.0690974973909868	0.0603525357149077	0.00105054701395748	0.00194669218837629	0.000301086337698355	0.0395599031982193	0.0392588168605209
0.266403410586905	0.118226926264844	0.0582526256117911	0.112418757907094	0.054166132295303	0.012129914239576	0.00419118395699063	0.0111724078756075	0.0710112081713371	0.0598388002957296
0.364927385089655	0.257770340487048	0.0323489696060607	0.137825076680565	0.105476107074504	0.015916157465517	0.0101870957374597	0.00804111043565043	0.133911408077989	0.125870297642339
0.604584230428133	0.15518734289684	0.109805431281269	0.0757628992243335	-0.0340425320569357	0.0487659184803491	0.00431524087984288	0.10755021996595	0.0296396221682776	-0.0779105977976725
0.114239125180971	0.0865287438365767	0.0223740904814953	0.108020401987797	0.0856463115063015	0.000951498053264269	0.00257867216606758	0.000234613104886553	0.0555231812659699	0.0552885681610834
0.222910600887828	0.0990898830074268	0.06458523829476	0.126634124416454	0.0620488861216939	0.0122655017247202	0.0035648224985035	0.0205078606875133	0.0918438496754072	0.0713359889878939
0.252600608534207	0.139787664179117	0.111373877659205	0.261101817905585	0.14972794024638	0.00638748357856893	0.00493494845833786	0.0148252849189861	0.196524415442879	0.181699130523893
0.519937122684337	0.169466393096523	0.213838388167725	0.171987194627776	-0.0418511935399493	0.0331516483749205	0.00471432814249423	0.116767296608317	0.0892373814490551	-0.0275299151592616
0.244762841249594	0.12714931257972	0.0618722292711726	0.164453351834538	0.102581122563365	0.0105674697391203	0.00416908607252043	0.0152982990501049	0.109939265606825	0.0946409665567203
0.499398726955568	0.243895829858704	0.112682029948059	0.259231305648658	0.146549275700599	0.0237281900916969	0.0096596637720182	0.0281501568172318	0.19057124943325	0.162421092616018
0.181505784981775	0.123716765500075	0.0331714676303966	0.137681754356425	0.104510286726028	0.00390489479847462	0.00450703433192233	0.00191077307560311	0.0760456672128393	0.0741348941372362
0.332354265956923	0.138140655904774	0.106269910244967	0.216088080651302	0.109818170406335	0.0138177093157197	0.00411849888797778	0.0244326846136147	0.144222019996895	0.11978933538328
0.145279179984055	0.0817224770903476	0.0345377798942748	0.0993784127983313	0.0648406329040564	0.00458383857935927	0.00247781403077392	0.0054145703335933	0.0666304511182602	0.061215880784667
-0.00686206281006825	0.0495428803418721	2.77433310390485e-05	0.0121127141703242	0.0120849708392852	-0.00156005728270383	0.0023267391348968	0.000212049609880152	0.0137378331153436	0.0135257835054635
0.303599353241101	0.172359199218214	0.0369820763515746	0.119871482487789	0.082889406136214	0.0137782633807969	0.0057528178151624	0.00795670599265087	0.0770790622036055	0.0691223562109546
0.132057374894933	0.0975619381754905	0.0259830924239458	0.104807901420735	0.0788248089967895	0.00640105171151599	0.00288144079704116	0.00688625068428796	0.0598401542697383	0.0529539035854503
0.275175323011093	0.120239713107436	0.0427923995451091	0.0899005700792312	0.0471081705341221	0.0261205944922199	0.00404651826985005	0.0284509328670495	0.0538207503665157	0.0253698174994662
0.256447114348067	0.148708520404938	0.0576150371566839	0.139177547939255	0.0815625107825711	0.0147043843907101	0.00525503279924492	0.025825700620606	0.0890644577553559	0.0632387571347499
0.0636413282800464	0.0868794294975609	0.00386671688424436	0.0580511701600651	0.0541844532758207	-0.00441864817429176	0.00241411364172337	0.00221514181437309	0.0305019875281517	0.0282868457137787
0.313122637107637	0.12601522936135	0.106872425483603	0.1362256663795	0.029353240895897	0.0171720078978782	0.00395701177896991	0.067169187941159	0.0896968428213019	0.0225276548801429
0.264428649604742	0.125845328552678	0.079640140154444	0.150384092957046	0.0707439528026023	0.0131741392213775	0.00423368344959315	0.0275224489950472	0.112049063503101	0.0845266145080536
0.296208941889034	0.12901189714408	0.0607215262288094	0.106407359825456	0.0456858335966464	0.0223752001218466	0.00486901117600935	0.0345175283960467	0.0895597774861708	0.0550422490901241
1.75807370326226	0.469414781158015	0.260934297203241	0.257057343533967	-0.00387695366927332	0.295465192362692	0.0247730651539845	0.344539083500136	0.322051726762456	-0.0224873567376803
0.100961121672576	0.080513855260461	0.00782446796209116	0.0513193334646533	0.0434948655025622	0.00274640016042188	0.00214769913431132	0.000686268581219213	0.0305342398490342	0.029847971267815
0.140190624175301	0.106523586413424	0.0261166286068256	0.112691062932392	0.0865744343255666	0.00188877550509026	0.0037132742757777	0.000720941359544142	0.070089289110791	0.0693683477512468
0.295173317475477	0.112349332133555	0.111942200264467	0.192950282396694	0.0810080821322267	0.0153714192139361	0.00386467338541384	0.0371416873948303	0.130082144323428	0.0929404569285974
0.209927552925104	0.0925441702799115	0.0450309053161517	0.0853710819485104	0.0403401766323587	0.0161962956751214	0.00391264640544562	0.0291426911358937	0.0788126494707138	0.0496699583348201
0.289812276454974	0.120042377284615	0.0884384155209268	0.121224444148963	0.0327860286280357	0.0184442849947853	0.00407767868960454	0.0385148061069179	0.0659208083633168	0.027406002256399
0.238399393697451	0.0953642082280517	0.035357376585171	0.0573157129649956	0.0219583363798246	0.0112626425812785	0.00186314519074146	0.0088280148807321	0.0182019544779483	0.0093739395972162
0.383787680534499	0.146460433061796	0.0410945560901375	0.0693263098203115	0.028231753730174	0.0186063567254804	0.00330051644133107	0.0107389139171782	0.0295887342234867	0.0188498203063084
0.746584993430004	0.244985476230804	0.241348630578786	0.285896039890459	0.0445474093116733	0.0588734516715444	0.00705668654536591	0.154786066917541	0.188176963598049	0.033390896680508
0.203535770886071	0.143818283004405	0.0173614716673576	0.0720937794886947	0.054732307821337	0.0102253434684204	0.00385322428150129	0.00828980045583572	0.0352794363160578	0.0269896358602221
0.208436731869068	0.118652699105923	0.0685867734289873	0.173265121742427	0.10467834831344	0.0102645872194651	0.00411203540450076	0.0227187159294614	0.101468927836837	0.0787502119073756
0.321555847303745	0.104444445776465	0.111747932848118	0.107670666482346	-0.00407726636577249	0.0225291000876152	0.00345251245321454	0.101337127209109	0.0995326551102594	-0.00180447209884987
0.223829536932302	0.162744936534596	0.0355645897703262	0.172340857340109	0.136776267569783	0.00701891489619576	0.00657087290086076	0.0050018813820191	0.149294122476235	0.144292241094216
0.320596731510812	0.113354125887584	0.118104129398958	0.156112312973613	0.0380081835746546	0.0376886136049719	0.00427688256723004	0.132538027241971	0.156149195420534	0.0236111681785629
0.698390890952187	0.199309595396157	0.208967293084873	0.275082012686297	0.0661147196014236	0.0738429866856008	0.00635319848074265	0.157322722268727	0.234617729288538	0.0772950070198109
0.637267780172083	0.235760183496092	0.141935568281664	0.163859045067704	0.02192347678604	0.0435585206527588	0.00800924201297936	0.097737858978281	0.0996639670561702	0.00192610807788923
0.153664862447312	0.104124003905558	0.0220583570447477	0.0843716195066026	0.062313262461855	0.00448362410860346	0.00282662379408029	0.00318676062984148	0.0402179906029272	0.0370312299730857
0.0925602541965757	0.0651561990313501	0.008561143705812	0.0441110659977826	0.0355499222919706	0.00392883827732124	0.00124410744422832	0.00198805462080516	0.0171638687034881	0.0151758140826829
0.126773503954277	0.0919752370906146	0.0190819623836384	0.0952501090823313	0.0761681466986929	0.00410115917457199	0.00328027423051034	0.0026903049764949	0.0767842499856546	0.0740939450091597
1.19430707230556	0.367552078088086	0.112781980981409	0.098802914478884	-0.0139790665025252	0.0895381110859562	0.0120448334269071	0.0905315088277303	0.0629075150280805	-0.0276239937996497
0.332688940733694	0.0916406186935966	0.0529866263930787	0.039429068909582	-0.0135575574834967	0.025054460004301	0.00295752815548538	0.0258698491738874	0.0248843585783998	-0.000985490595487623
0.433149796341101	0.156562023869262	0.140219798294934	0.199173195169577	0.0589533968746429	0.0264342436550787	0.00560548456849623	0.0483048473241973	0.146059241721652	0.0977543943974544
0.152358893148366	0.0888612606778171	0.0439247237624991	0.120505781523743	0.0765810577612441	0.00582235078546535	0.00303085525859144	0.00815454095379828	0.0766217492195788	0.0684672082657805
0.309705374604127	0.118629252518784	0.107336650427921	0.161018017754757	0.0536813673268361	0.0174544970797822	0.00410264984243344	0.0385689532051491	0.125580287829128	0.0870113346239789
0.268379969560112	0.130328243933084	0.0547883056343002	0.152573395437212	0.0977850898029118	0.0115810802372659	0.00394475427398902	0.0122086129797907	0.0906861404476475	0.0784775274678569
0.101488868019019	0.0998452175654445	0.0115373265908444	0.0952001035963299	0.0836627770054855	0.000249191809529567	0.00335971924222456	6.77768133694095e-06	0.0479723546395084	0.0479655769581714
0.164111094875569	0.0894611276576188	0.0241530326493347	0.0710578419173631	0.0469048092680284	0.00601236638908853	0.00265107159854513	0.00354430990303551	0.0363105341478545	0.032766224244819
0.24082036341979	0.123149797927068	0.0771719368970139	0.207777735715859	0.130605798818845	0.00652733725507043	0.00423554572129212	0.00871935815089905	0.146873843454629	0.13815448530373
0.361138786277079	0.232207644540544	0.0341480530791566	0.146008158114884	0.111860105035728	0.0142127821068886	0.00549885672794129	0.00507781989461312	0.0637676713211817	0.0586898514265686
0.371411324292757	0.141769979476612	0.190056635081437	0.325345976827913	0.135289341746476	0.0171778371080962	0.00442646061487222	0.0595525838017522	0.253124835512723	0.19357225171097
0.196238743089117	0.125039478363549	0.0361142577692703	0.128148362912327	0.0920341051430569	0.00489523171674251	0.00352763413452517	0.00348613560446284	0.0717121819649903	0.0682260463605275
0.234467730741615	0.155327869978242	0.0388353506642625	0.14952481544981	0.110689464785547	0.00923729372347645	0.00639116586655129	0.00922212877728185	0.187905083595599	0.178682954818317
0.456352759715493	0.174333787160426	0.18455666268876	0.310353896500069	0.125797233811309	0.0239415809842719	0.00540419007641599	0.062531627989925	0.220039151656849	0.157507523666924
0.390109905944494	0.200304412452312	0.0828426060210463	0.217315179738273	0.134472573717227	0.0160240704247204	0.00594357500227836	0.0174069366892088	0.129655012667198	0.112248075977989
0.24470110214977	0.124121368140903	0.0653027196028801	0.132238292911117	0.0669355733082373	0.01394024802498	0.00445039790317638	0.0390846713329124	0.107221293744362	0.0681366224114499
0.115246650795375	0.0801309812157053	0.012990293738299	0.0598324610796433	0.0468421673413443	0.00442264345758019	0.00203515756810718	0.00264283863583071	0.0319396796750426	0.0292968410392119
0.347611416825675	0.170834567472199	0.0707444274720528	0.177953495945974	0.107209068473921	0.0205605742380074	0.00590806714836958	0.0228260349483934	0.156556931633049	0.133730896684655
0.221390702438226	0.125673501882991	0.0595807250051063	0.196591484802873	0.137010759797767	0.00722339560530799	0.00367314891252434	0.00709666745570127	0.104563372112367	0.0974667046566655
0.369322718693583	0.164199435345997	0.115447769868549	0.187498970857457	0.0720512009889083	0.0154563883590346	0.00641476684747492	0.0238363490570933	0.118594268905844	0.0947579198487503
