LR_coefficients_null_raster	LR_coefficients_Elevation_16_k10_R	LR_R2_null_raster	LR_R2_Elevation_16_k10_R	LR_Q_Elevation_16_k10_R
10.8108729987704	30.9669082448895	0.00820278239687626	0.0976395641093892	0.089436781712513
21.0389978654505	82.3685598268575	0.00696497969535051	0.154875627834959	0.147910648139608
0.402774703742673	17.8039989415515	4.38344279799473e-05	0.124255730461277	0.124211896033297
2.59811761441131	27.3874257753915	0.000815093395752136	0.131396128305117	0.130581034909365
16.3403963647341	39.9568390734663	0.0135825382882133	0.117822551006676	0.104240012718463
25.6636418316979	101.687537707443	0.00604186207242381	0.137613203998544	0.13157134192612
90.3569860309745	66.1379365734898	0.222841225539696	0.17320631955615	-0.0496349059835456
23.9799135059335	51.5233376320252	0.0114091453535954	0.0764110631026885	0.0650019177490932
10.9530434679115	22.4820980625432	0.0121986415430762	0.0745599997963516	0.0623613582532754
14.8279984053995	56.3242718036315	0.00495413578619566	0.10370134274979	0.0987472069635948
19.9497636051623	25.1772181582896	0.0723751780865348	0.167232268172265	0.0948570900857306
1.17658729707598	16.1273896529655	0.000216960493079202	0.0591358645188159	0.0589189040257367
21.2447401502267	51.72995566695	0.0193205939303303	0.16618513841204	0.146864544481709
10.5717959732187	24.558574771207	0.0220672104146099	0.172761387958543	0.150694177543933
97.1853156698206	54.8261461722506	0.368811396404601	0.170282078764153	-0.198529317640448
7.63596518655394	32.2437944248742	0.007259574889009	0.187787209390749	0.18052763450174
0.694636767544036	9.2571773617351	9.54732653913689e-05	0.0245987965337743	0.0245033232683829
173.758080944131	112.514901161895	0.320065414368826	0.194696955024953	-0.125368459343873
167.391426743085	105.541859354208	0.247207525210923	0.142572283503289	-0.104635241707634
22.9088658083821	87.7024757491162	0.00626615831280063	0.133231924837537	0.126965766524737
14.1586856876123	30.8737185505247	0.00174359691100208	0.0120273083939812	0.0102837114829791
6.56093406158252	24.9547035074192	0.0037222133161064	0.078120514225184	0.0743983009090776
40.7576093037683	29.1530480321258	0.134702960526747	0.0999811308137794	-0.0347218297129674
4.79768595215722	31.2946365838751	0.00196736301973777	0.121437020917243	0.119469657897506
9.42312046972891	32.1418094406562	0.00698251993483488	0.117856554043305	0.11087403410847
9.89293158648334	40.1665712940213	0.00368514128923203	0.0881300544625966	0.0844449131733645
37.4877673966482	23.7607395447656	0.12975563181266	0.0756236034365918	-0.0541320283760686
6.90764016883676	20.5028667355802	0.00744441178704827	0.0951459927004548	0.0877015809134065
85.5448326826841	52.8999885799127	0.319569353739423	0.177287871149994	-0.142281482589428
78.3300525614303	52.8804705524212	0.301342061691719	0.199243426817764	-0.102098634873955
0.0415608868395759	4.40713016463941	1.36643169094492e-07	0.00222905285260383	0.00222891620943474
15.5624291690361	49.6812757365969	0.00478494934370601	0.0707454398299798	0.0659604904862738
7.57369775153248	45.4920902309358	0.00358208061787579	0.187491499577995	0.183909418960119
47.8454812518108	173.74327680123	0.00770800426521072	0.147457401114755	0.139749396849544
30.4791406145871	49.8887355944413	0.0248955021737448	0.0967633319052503	0.0718678297315055
20.3028153052446	93.2464673189065	0.00389016956599787	0.119045008675486	0.115154839109488
5.57887695932498	28.7351798926284	0.00486338375591255	0.18718159730612	0.182318213550208
54.019140719055	43.2619529282947	0.194253472579134	0.180749102600092	-0.0135043699790419
203.987570945055	118.574857751158	0.257792975805971	0.126368633064586	-0.131424342741385
9.59903861663262	40.5548767692879	0.00491428278256005	0.127256835389814	0.122342552607254
8.19746040973432	30.3159807466401	0.00508461892559516	0.100886581000434	0.0958019620748385
16.2378260285996	35.6874449634574	0.00403571445943607	0.0282804300481848	0.0242447155887487
41.8597454646193	37.6258937565106	0.16470622536066	0.193054918980063	0.0283486936194035
10.4921984679916	46.5815777800444	0.00491998130274175	0.140685487527035	0.135765506224293
0.576569640324539	-12.2117039968478	6.73353552922664e-06	0.00438210262498409	0.00437536908945487
5.19045479151609	14.2306769119568	0.00315413325210375	0.034396221647262	0.0312420883951583
8.2659450324365	22.8092827200804	0.0127184595022368	0.140495751892841	0.127777292390604
-0.364685405028544	6.17493997208589	1.39061270230059e-05	0.00578395989218368	0.00577005376516067
3.2588690401145	18.5109772019643	0.00302699038512893	0.141685790094775	0.138658799709646
82.9274063698692	53.241749168025	0.283910512867996	0.169777594995713	-0.114132917872283
12.5100302199596	32.9404026148808	0.0142146904305146	0.142977872259311	0.128763181828796
31.7432556407084	35.5195278097172	0.108817720150929	0.197661195021978	0.0888434748710493
7.22536484460289	3.07665152267277	0.00171837831450919	0.000452008204581962	-0.00126637010992723
76.6202263892533	57.3062880161205	0.262467889938906	0.213002274260536	-0.0494656156783698
45.8869917167881	37.0170514198718	0.229471715492662	0.216642639738678	-0.0128290757539843
3.49703302545656	17.4601020485601	0.00225644575660027	0.0816036073429867	0.0793471615863865
18.5828631055863	-11.8127881151548	0.00161248415699121	0.000945290918821961	-0.000667193238169245
15.8166617922813	67.4971150261904	0.00549828638565652	0.145264136615375	0.139765850229719
2.35572029856945	20.098178432624	0.000803966066839092	0.0848973337145699	0.0840933676477308
1.34084915728844	15.1644205435241	0.00047772286605591	0.0886457980968311	0.0881680752307752
54.376568961841	28.0806377451657	0.182823878405451	0.0707316162133906	-0.11209226219206
6.11936800937253	14.3365460640316	0.00146020619492743	0.0116273433036938	0.0101671371087664
11.751424041444	21.3695731269207	0.00436902083834434	0.0209597062060999	0.0165906853677555
119.579740315053	74.5650083958741	0.282863579713025	0.159559389126232	-0.123304190586793
8.1647899944091	19.1177506526995	0.0104573290602148	0.0831753714286515	0.0727180423684367
81.3466448817688	52.2157778389367	0.299898643499844	0.179262361957576	-0.120636281542268
6.88529648107953	24.0201949761985	0.00544260403648311	0.0960958986385991	0.090653294602116
38.0806294396165	150.691377031839	0.00636046941017324	0.144493423628321	0.138132954218147
11.296325399408	35.870269664463	0.00889671563380426	0.130141229315169	0.121244513681364
26.8757946773716	71.6095953824406	0.0110319925327226	0.113622445407548	0.102590452874826
19.5402118230686	76.3104169711062	0.00942483867228082	0.208532342593776	0.199107503921495
78.4922644471384	55.8069332310449	0.226016379143533	0.16574971448387	-0.0602666646596637
113.679565469542	77.7315781449963	0.25990174443089	0.176290837248054	-0.0836109071828361
4.67822362440892	31.8643211966301	0.00224637122171354	0.151188709704736	0.148942338483022
2.83480513798742	17.3169186119977	0.00212931088423945	0.115272100092554	0.113142789208315
2.97490238416161	28.0326304195455	0.00087847616704594	0.113162497119325	0.11228402095228
130.571896374345	88.4205112108603	0.212971063462523	0.141682943563126	-0.0712881198993962
20.7574850293205	49.5338124157887	0.0162684517639042	0.134397329276339	0.118128877512435
1.4146154403125	8.25541739128063	0.000279710788496408	0.0138197724488058	0.0135400616603094
3.7582350571116	29.0438851078682	0.00210599007795335	0.182468659385713	0.18036266930776
25.9150329569368	61.2317998287388	0.0200819700118927	0.162647458750142	0.142565488738249
20.8954534147763	88.7056235131727	0.00561792937416118	0.146880912021571	0.14126298264741
8.89789342959725	30.0687467324711	0.00431965869572188	0.0715642405834652	0.0672445818877433
9.99288499213537	18.8034923518993	0.00412508131415885	0.0211893751476496	0.0170642938334907
5.03959718469267	13.155824385962	0.00139587338290953	0.0138000598460333	0.0124041864631238
26.6214914219345	75.1328184756631	0.0165065279606633	0.190739497347581	0.174232969386917
317.967205854356	183.17456311842	0.212145669978263	0.102138677773249	-0.110006992205013
-2.85308061822612	-11.041587209116	0.000448238423607395	0.0097394482422596	0.00929120981865221
16.773585059139	9.20286975283873	0.00551071120622619	0.00240653837860686	-0.00310417282761933
2.99271523136545	21.3836952123524	0.00146125835773018	0.108231113832664	0.106769855474933
16.1461752413295	47.957687955342	0.00671124140482679	0.0858954962993276	0.0791842548945008
2.63966647674949	16.5137420510252	0.000919355687296573	0.0521995575834053	0.0512802018961087
59.5855466970701	44.3629417653405	0.182513067602667	0.146772000882586	-0.0357410667200818
5.75194666768219	28.4275287542973	0.00401610153022423	0.142312665122579	0.138296563592355
125.043332970072	80.7532141208383	0.333314308793126	0.201670766937226	-0.131643541855901
2.05539637167932	12.3159916344413	0.000943524499147839	0.0491463491700287	0.0482028246708809
67.869759633635	41.92787249782	0.228672894074796	0.126607105770608	-0.102065788304188
28.0504737306794	63.1585047948062	0.0136095781056069	0.100096364635899	0.0864867865302917
6.90217483632891	23.1117714214176	0.00336589503512833	0.0547501769728361	0.0513842819377078
80.5644475889498	49.3838739201475	0.173165156927599	0.0943918051644372	-0.0787733517631614
