LR1_coefficients_null_raster	LR1_coefficients_Elevation_16_k10_R	LR1_R2_null_raster	LR1_R2_Elevation_16_k10_R	LR1_Q_Elevation_16_k10_R	LR2_coefficients_null_raster	LR2_coefficients_Elevation_16_k10_R	LR2_R2_null_raster	LR2_R2_Elevation_16_k10_R	LR2_Q_Elevation_16_k10_R
3.5193459787943	0.666866841258577	0.328726879338922	0.15352990816422	-0.175196971174702	5.75287518045638	0.365074548663935	0.499448530587995	0.218239965919845	-0.28120856466815
5.5577905696066	0.745169122423931	0.471052777886985	0.154142674280505	-0.31691010360648	8.7820294465931	0.350150769466841	0.69781927373486	0.199178147135065	-0.498641126599794
3.6312571924004	0.779175669313815	0.327665099148157	0.189857225418105	-0.137807873730052	4.77858533930656	0.33756025228009	0.408260437239552	0.242700832761017	-0.165559604478536
2.79075224999784	1.01152478595234	0.292560807731507	0.318843935685134	0.0262831279536269	2.39358196165569	0.498561176405793	0.272372679226851	0.539242124910997	0.266869445684146
3.61287447009822	0.672063776619861	0.356052711164945	0.158677163425863	-0.197375547739082	4.66784281824654	0.274371900882791	0.465349422599318	0.189937146029049	-0.27541227657027
2.83617681105736	0.609086885409499	0.253993481455854	0.137091743265017	-0.116901738190837	3.89037419766623	0.269801854184787	0.331734528051615	0.177486762947555	-0.154247765104061
3.29816970058128	0.593984011989515	0.297707205820829	0.13573133145456	-0.161975874366269	4.88498731995455	0.280462876577931	0.413896564376027	0.179597517974391	-0.234299046401636
3.0837130504646	0.701843084047976	0.25809905474051	0.163224095414554	-0.0948749593259558	4.40180836776458	0.353202559174381	0.336160804506707	0.229307378756753	-0.106853425749954
3.98656237541538	0.766794961409419	0.448237979037798	0.19579400092854	-0.252443978109257	5.62057299924652	0.373984243549185	0.702323246272373	0.270631572377982	-0.431691673894391
3.82775832689143	0.750250712188524	0.36851539305682	0.171006589927421	-0.197508803129399	5.26886545257107	0.34973066611456	0.491362088622417	0.225499697011681	-0.265862391610736
3.68112725777897	0.639465673490023	0.292642022949926	0.132365674188009	-0.160276348761918	5.20849247236462	0.295267780788843	0.350205970417645	0.161707215966246	-0.188498754451399
3.76207998775908	0.751802214112051	0.307270065698869	0.162994496473702	-0.144275569225167	6.46570795443623	0.42830162694431	0.462817286705097	0.23604487387591	-0.226772412829188
3.06647429272668	0.655217508318822	0.289312005468761	0.159696127894207	-0.129615877574554	3.64147356758823	0.311836201180222	0.322956827508843	0.211561752064771	-0.111395075444073
3.83963619290783	0.746828906893275	0.353239708721563	0.189501991452847	-0.163737717268716	5.10283893361767	0.289524524278524	0.448761627710793	0.226972837672237	-0.221788790038556
3.43226833189956	0.680667324284165	0.326575602769848	0.160721381205504	-0.165854221564344	4.77823331703251	0.331930763385114	0.432458592881984	0.218345535278255	-0.214113057603729
3.81412558245853	0.662771576959245	0.336737962859497	0.141463925430676	-0.195274037428821	5.48429594834174	0.32956394139421	0.452682455262129	0.192967146826999	-0.25971530843513
2.85356414293199	0.578336333453424	0.260135741991066	0.134551880925975	-0.125583861065091	4.13375833391601	0.288235195742321	0.353984651073195	0.18668896829831	-0.167295682774885
3.80977825005913	0.86772234662053	0.385156493055788	0.245401470931978	-0.139755022123811	5.33939395296157	0.343888603319526	0.548326820528737	0.309322936754084	-0.239003883774653
3.93146767967581	0.656669014958867	0.362505677550187	0.150641924118353	-0.211863753431833	5.8039336310896	0.27021305122611	0.508136429726818	0.178510057094879	-0.329626372631939
3.09538717013958	0.62790231101202	0.278629149484285	0.15068318967895	-0.127945959805335	4.339112672646	0.269428795041229	0.347716908752523	0.184791346019112	-0.162925562733411
3.97955601577181	0.713808865132982	0.333448741645996	0.147565925078358	-0.185882816567638	5.7307571104445	0.329643001972766	0.428155099653014	0.18730618131743	-0.240848918335584
3.40756313870751	0.772913846420328	0.298206929566994	0.186054471182246	-0.112152458384748	5.13279921555229	0.413656732773089	0.400416929881136	0.272014201859803	-0.128402728021334
3.1128280037313	0.572001397049703	0.324411956451997	0.144187934555625	-0.180224021896372	4.36298152282605	0.245195125831878	0.452649333035239	0.177189520862601	-0.275459812172638
3.12383002887157	0.696803051832082	0.295501879278202	0.165591225909029	-0.129910653369172	4.71707493566833	0.374371647419171	0.408949128923272	0.236428807509426	-0.172520321413847
3.37502332719114	0.698570022345918	0.30926179080114	0.169073399168958	-0.140188391632182	5.33220527541655	0.358191595585689	0.449969155645546	0.232640980422914	-0.217328175222632
3.31253596365221	0.725332274892647	0.304998079881561	0.16073536394616	-0.144262715935402	4.34922217553201	0.362810657957404	0.380285622551074	0.21868514813772	-0.161600474413354
3.66541949792082	0.685208383586646	0.317845432274226	0.14898872343607	-0.168856708838155	5.84709541926135	0.348125098010729	0.452623261712616	0.200451318032413	-0.252171943680203
3.62750531339175	0.78929693862031	0.33942255245074	0.183913097758112	-0.155509454692628	5.44526284410935	0.392853219354364	0.486160232854943	0.253770949046458	-0.232389283808485
3.52660888144699	0.712809149737463	0.321831274434103	0.168456749824387	-0.153374524609716	4.63967872354814	0.324584797734637	0.404986950024847	0.218089603614357	-0.18689734641049
3.42266144328066	0.792161861033269	0.292192455659734	0.194146187150831	-0.0980462685089029	5.28316378514356	0.409670417204679	0.404554484544833	0.281523077619518	-0.123031406925315
2.74051714438753	0.676762391520331	0.238379903346988	0.153713939520544	-0.0846659638264441	3.62310827336642	0.382817107019252	0.282188342826856	0.240744580430244	-0.0414437623966122
3.4938663076764	0.664239644447625	0.300837214996908	0.150664701155913	-0.150172513840996	5.09927481516898	0.284791079890798	0.407658668183328	0.193409197714516	-0.214249470468812
3.27218664314528	0.792677005314733	0.292531710183033	0.196329940689896	-0.0962017694931376	4.57861337059821	0.374050883810237	0.38470255585486	0.26779197544268	-0.11691058041218
3.41845133452252	0.722780300671666	0.318054273245804	0.182378913415623	-0.13567535983018	4.77207702226753	0.300082362702617	0.423361623142169	0.223316027297009	-0.200045595845161
3.21995276233119	0.64192158117166	0.293570774681035	0.143999193477886	-0.149571581203149	4.4667647663436	0.322871238589997	0.376123116818023	0.202457925687431	-0.173665191130592
3.206343244658	0.61041350389151	0.272718758422566	0.131567645050827	-0.141151113371739	5.67664907850784	0.327058551472943	0.412641026045319	0.178499058178189	-0.23414196786713
3.19047821488897	0.716311433281696	0.429964978289226	0.22213742179959	-0.207827556489636	4.44242359826893	0.350296335470046	0.728789772103847	0.340295508498116	-0.388494263605732
3.59721088606778	0.646167368231512	0.301669481874477	0.142653236023836	-0.159016245850641	5.16694199231863	0.305907298377588	0.389521473325327	0.179675556974575	-0.209845916350752
3.26991071177257	0.65118744863606	0.274928001321778	0.150799362958939	-0.124128638362839	4.32616131167107	0.306863111589732	0.319842603406174	0.19965918195622	-0.120183421449954
4.06219997543263	0.784394529530919	0.369179104606414	0.193308788780245	-0.175870315826169	6.15423206217124	0.392246017291388	0.53641944557607	0.282986367259944	-0.253433078316125
3.19589994630489	0.612449818602282	0.256432695028418	0.131586542210906	-0.124846152817512	4.84681476411413	0.244167747808962	0.334424459755488	0.143314567275224	-0.191109892480263
3.47664686996201	0.709129487052412	0.322648048697601	0.169982868299289	-0.152665180398313	5.51215966444807	0.396523790123443	0.478340977443064	0.268990356948778	-0.209350620494285
3.76644631350319	0.765542538299914	0.333882801985978	0.197816317608781	-0.136066484377197	4.64012203283042	0.293259527635415	0.384428763306782	0.224770091393553	-0.159658671913229
3.09160853063098	0.610173054782857	0.254521279868807	0.128670368359767	-0.125850911509041	4.85207569043181	0.334723083120204	0.345617522304593	0.180463544632449	-0.165153977672144
2.97045467057403	0.648331928651616	0.273419369713682	0.154830871631771	-0.118588498081911	4.10525841752267	0.282736971991092	0.345605625630097	0.182808385325437	-0.16279724030466
3.49273569986679	0.760646142585015	0.319342968975425	0.171028144650338	-0.148314824325087	4.55592372244319	0.363216006166284	0.387854388356918	0.23062281491252	-0.157231573444398
3.52934729513268	0.804209546800785	0.325021979301762	0.201566717909072	-0.12345526139269	5.4718013574005	0.426320388226622	0.46728321787212	0.300942113329393	-0.166341104542727
4.11836112912318	0.797627484096197	0.398593845069267	0.201650424259356	-0.196943420809911	6.31062364842693	0.415736472408403	0.619536554688897	0.306365391573185	-0.313171163115712
3.40402369275062	0.800107494988377	0.288942542817335	0.199117458517931	-0.0898250842994041	5.44104487662616	0.39513945653959	0.411575405906878	0.277060843742892	-0.134514562163986
3.47150877414204	0.735110020096081	0.309502955323918	0.177947042869213	-0.131555912454705	4.92323332274846	0.311150537481823	0.399163549989692	0.212534555617525	-0.186628994372167
3.450708777555	0.747764091372148	0.311047192945593	0.182981408345805	-0.128065784599787	4.4621641459741	0.367953961528966	0.374505336928873	0.256277681412425	-0.118227655516447
3.15362192837533	0.665581914430987	0.273886799853835	0.141450781404047	-0.132436018449788	4.12909202824569	0.329102391019463	0.324380193626179	0.185120419440307	-0.139259774185872
3.43692898127625	0.680150086572966	0.28096095114694	0.148708285191121	-0.132252665955819	4.46952596125799	0.267391236969956	0.32538303971115	0.169795349007319	-0.155587690703832
3.54426993493782	0.706084616604503	0.329765858780178	0.16886235435774	-0.160903504422438	5.48039648715433	0.379025757738618	0.475560500288116	0.246328791728145	-0.229231708559971
3.74685688017146	0.771279577636644	0.37012726028019	0.207532968324322	-0.162594291955868	6.60177583431947	0.439239422569046	0.620852107955857	0.33699034068581	-0.283861767270047
4.62024357078887	0.655951774973882	0.35383491239217	0.123919250693064	-0.229915661699105	6.53848769116149	0.296430773443925	0.435740817141706	0.155905414026321	-0.279835403115386
3.25193757729586	0.636667616150521	0.320664840460113	0.156345906441512	-0.1643189340186	5.4911277452262	0.306188202234151	0.513265847500803	0.206309152580316	-0.306956694920486
3.66362067918947	0.831036495721677	0.300102420652608	0.189312645676631	-0.110789774975977	5.24503483563467	0.387856087847164	0.3847102012095	0.256463303069593	-0.128246898139907
3.07043248632002	0.637946921134087	0.294466264518778	0.140252593376411	-0.154213671142367	4.61089138761333	0.299910259844381	0.423102633594877	0.18262079633411	-0.240481837260767
3.04971623442256	0.664910199683701	0.262273330961856	0.141662478724096	-0.12061085223776	4.47941569464963	0.349345776048803	0.341290000197943	0.194842006788528	-0.146447993409414
4.73462503423844	0.840422294748111	0.38407825004287	0.217629490585083	-0.166448759457788	6.93916671466424	0.403430176038548	0.524491276985663	0.346007633846338	-0.178483643139326
3.3505319781795	0.829509875775888	0.289985959607046	0.222432741381618	-0.0675532182254281	4.2620291780749	0.331390391464838	0.341727311931976	0.278885639054484	-0.0628416728774928
3.37649279971224	0.841095573021082	0.297152691367595	0.217936803386899	-0.0792158879806959	4.96203593924395	0.442265963496912	0.38786895669127	0.321009189390236	-0.0668597673010338
3.18234499542556	0.703018364158332	0.267882221287541	0.15300341296379	-0.114878808323751	3.7665824098937	0.330656662436168	0.295685607865299	0.20199848493089	-0.0936871229344096
4.14021326662264	0.699875968528458	0.369884812819151	0.151131886339324	-0.218752926479827	7.42254699853188	0.359382172913969	0.606374520060818	0.203476868610931	-0.402897651449887
3.5490662319306	0.686702855042037	0.331146648095352	0.16634052181829	-0.164806126277062	4.84168836786124	0.269997389650793	0.41245519701679	0.187247962529109	-0.225207234487681
3.29213670857256	0.702178234802392	0.296013524468435	0.169266749257078	-0.126746775211356	4.70316925718622	0.290324389871093	0.393242121988647	0.211953534472491	-0.181288587516155
2.86958161336649	0.6379993354383	0.256023512723932	0.148593368430628	-0.107430144293305	4.33563537249265	0.328591372556667	0.335882288303266	0.206328428447819	-0.129553859855447
3.26163485551154	0.729126144103306	0.277573787847486	0.168777853382399	-0.108795934465087	4.81788735156655	0.315843645847423	0.366585320431622	0.213234761621932	-0.15335055880969
3.60621118372133	0.704463164143346	0.382956164975534	0.175652686259432	-0.207303478716102	5.31310077621116	0.38007085141059	0.576320056541435	0.267180136130544	-0.309139920410891
3.63765526844208	0.71169978789073	0.366236845849729	0.174714667276511	-0.191522178573218	4.30631588044357	0.267581164337405	0.434933275480886	0.198026239715445	-0.236907035765441
3.45839515155431	0.673365967047651	0.304290370156442	0.154497786509959	-0.149792583646483	5.2760529460352	0.298244361413409	0.431032745738952	0.185874624519756	-0.245158121219196
4.02905299579536	0.807799112798311	0.332791320725074	0.183441520940502	-0.149349799784573	6.03645719217678	0.40129249908113	0.439990271682022	0.260676583183917	-0.179313688498104
3.80244680150949	0.756290715090276	0.36555867214542	0.192310505704974	-0.173248166440445	5.6513070721002	0.393656299005945	0.531702996468746	0.291146325149899	-0.240556671318847
3.35940822238079	0.54969583664696	0.271881565353336	0.113095934897127	-0.158785630456209	5.9057961530756	0.297976413793715	0.404615156488765	0.155388018103309	-0.249227138385455
1.43829938840238	0.336209405058907	0.560064820516687	0.457074395739643	-0.102990424777044	2.07657809392863	0.169350258001214	0.608767142463971	0.648850775339747	0.0400836328757757
3.30128237405971	0.688679876129402	0.291554361588809	0.160425788069788	-0.131128573519022	5.08253614633718	0.336875373528863	0.393441310752417	0.210316535330593	-0.183124775421824
0.844678018487483	0.572154943965658	0.0667324559751076	0.117328798025731	0.0505963420506235	0.257034349092671	0.28525567037589	0.0170974116871199	0.1520848927702	0.134987481083081
3.77739983915346	0.655704281280659	0.282336651277768	0.132706484661123	-0.149630166616645	5.38328649395813	0.303816679371737	0.356092239695079	0.170078274171282	-0.186013965523797
3.39683063123675	0.73437534118585	0.313225263102085	0.182611099293135	-0.130614163808951	4.7219338556455	0.318774183709242	0.40534938100452	0.226430374054045	-0.178919006950476
4.03007140170111	0.655473798509277	0.3194412496775	0.136441784660905	-0.182999465016595	5.15988377752696	0.22634051754099	0.364473893759782	0.141912219530728	-0.222561674229054
3.77887205783307	0.703068791392352	0.330172997912872	0.155258973925361	-0.174914023987511	5.65319121842666	0.371359362057837	0.448149287148426	0.229819768560701	-0.218329518587725
3.24342033776659	0.751281291371229	0.274158168974462	0.179415091993899	-0.0947430769805636	4.60856948275271	0.390294220758955	0.343808653235449	0.258901991974203	-0.0849066612612459
3.54656294615104	0.705721070425782	0.366165735257513	0.182293774647798	-0.183871960609715	5.42340765130304	0.357266460859747	0.54569349360187	0.25512718128222	-0.29056631231965
3.99434884930405	0.724244110239872	0.326711957180867	0.157844117492414	-0.168867839688453	5.60820127071798	0.352234144457839	0.419413036023362	0.212620733921921	-0.206792302101441
3.80779239798166	0.697214103934518	0.389279006006636	0.173248611923264	-0.216030394083372	5.13930993551121	0.281626050374822	0.52947433403074	0.20740107520633	-0.32207325882441
3.79366116816683	0.702107646131994	0.346148605553476	0.152692226875055	-0.19345637867842	5.49100593642604	0.311920412609243	0.468823460151273	0.187670295253902	-0.281153164897371
3.86728165605276	0.684689614392777	0.354099219091913	0.165542646040116	-0.188556573051797	5.31531020910218	0.316079788183834	0.469786775368414	0.221103669199854	-0.24868310616856
3.40966375384543	0.698854912444002	0.322240450991365	0.186793983355691	-0.135446467635674	4.52000040593414	0.27617938714647	0.404781876646562	0.22613575145508	-0.178646125191482
3.69115138379435	0.71143126304032	0.368090501768362	0.171577178342051	-0.196513323426311	5.32371325362486	0.297148395075045	0.533087186117268	0.209730389746765	-0.323356796370504
3.22870662809765	0.693081134645542	0.269984434273021	0.155397160346962	-0.11458727392606	5.14180556404682	0.354243020283958	0.363400528390387	0.214158101300753	-0.149242427089634
2.73613463706768	0.700929386792926	0.230850786298148	0.162270659848412	-0.0685801264497361	3.84090227590021	0.344676756166462	0.278811024855001	0.213440903475848	-0.0653701213791528
3.46594211507224	0.752519662562013	0.33472091362338	0.188204192088279	-0.146516721535101	5.10900114988036	0.373909456691927	0.458633917110801	0.262839653424534	-0.195794263686267
3.70421062582925	0.694716316777969	0.331684437624674	0.152391869627653	-0.179292567997021	5.65185900390112	0.356654501799514	0.470289209964429	0.20657304467612	-0.26371616528831
3.76386911610156	0.816833655592457	0.322206678046455	0.195602528583167	-0.126604149463289	5.56331158762308	0.409262870675778	0.424028257641199	0.287212828325557	-0.136815429315642
3.79169335252897	0.782776042220406	0.351696048260409	0.18957695948569	-0.162119088774719	5.32983409760359	0.384860659658081	0.477284793447653	0.277707990282287	-0.199576803165366
3.45407889566661	0.702366357239921	0.282763681043506	0.153698983598314	-0.129064697445192	5.61984904917917	0.350346947558497	0.395510935457935	0.199325045979404	-0.196185889478531
3.77792944856038	0.730553707629255	0.335952959251289	0.170783399632891	-0.165169559618398	5.87610361309291	0.36711578670288	0.472232566593062	0.240097042396357	-0.232135524196705
3.35185846867429	0.613422644741417	0.327091049937117	0.151340337976819	-0.175750711960298	4.37127350212887	0.26330066873653	0.42347325300162	0.200287417774096	-0.223185835227524
3.57671475869573	0.733252754572889	0.286878577744491	0.151748078139877	-0.135130499604614	5.02561114075202	0.355813277391283	0.35697076390198	0.201070975699265	-0.155899788202715
