LR1_coefficients_null_raster	LR1_coefficients_Elevation_16_k10_R	LR1_R2_null_raster	LR1_R2_Elevation_16_k10_R	LR1_Q_Elevation_16_k10_R	LR2_coefficients_null_raster	LR2_coefficients_Elevation_16_k10_R	LR2_R2_null_raster	LR2_R2_Elevation_16_k10_R	LR2_Q_Elevation_16_k10_R
0.359839380821759	0.0658283335007602	0.68787164708548	0.227261186244583	-0.460610460840897	0.0330149128846985	0.00234972687380741	0.958858017959369	0.226117077528066	-0.732740940431304
0.379139555657666	0.0779224833139533	0.711190981830693	0.245286580630414	-0.465904401200279	0.0338471998086883	0.00380105096770858	0.967932882413255	0.317966073106259	-0.649966809306995
0.351417019981729	0.0731137591787	0.690141423426345	0.279951206933641	-0.410190216492704	0.033390375709629	0.00280536298264938	0.972987537248826	0.3233348534901	-0.649652683758726
0.384260260700477	0.11078529007039	0.804115272635518	0.467919913179467	-0.336195359456051	0.0286401212399887	0.00449624086968314	0.990641539588001	0.644140760262409	-0.346500779325592
0.3232066473516	0.0589559438633786	0.61800934074625	0.193949627603064	-0.424059713143186	0.0332107393214001	0.00185252645855215	0.927436842203181	0.16903954607247	-0.758397296130711
0.34391799395281	0.0782740824824586	0.616850734674845	0.246892802547938	-0.369957932126907	0.0354193192456543	0.00417399369678946	0.930932538037946	0.364928962879034	-0.566003575158912
0.308395795116354	0.0590943844704851	0.529808164574038	0.190511263616885	-0.339296900957153	0.0382438339329112	0.00258587797269327	0.874324707164518	0.221824648408009	-0.652500058756509
0.362707189848431	0.0735483167201095	0.637930779484698	0.238160268893542	-0.399770510591155	0.0381077588331621	0.00361128015335155	0.940322115343882	0.317991754075384	-0.622330361268498
0.358393674737277	0.0687580995009427	0.694512410257037	0.237779942764387	-0.45673246749265	0.0328122370512896	0.00267613018184703	0.964731268061684	0.252242826287568	-0.712488441774117
0.373602875523728	0.0939605844140564	0.791191938709895	0.308599893639009	-0.482592045070886	0.0286579780935558	0.00398083816359875	0.989683685266993	0.345859191455939	-0.643824493811054
0.365515482304114	0.0658540278935115	0.598502469671747	0.203883756085498	-0.394618713586249	0.0444671516254731	0.00220746247787714	0.903089852255344	0.175628998381317	-0.727460853874027
0.385210807345634	0.0729024365535558	0.682620776173815	0.240817265090553	-0.441803511083262	0.0371983233826247	0.00287872346579967	0.956208478287385	0.26272009143984	-0.693488386847546
0.314488468004369	0.0685267452817701	0.624942273583973	0.236406443377377	-0.388535830206596	0.0324527910551144	0.00330576394164768	0.931833299415129	0.303873247723062	-0.627960051692067
0.392149638216147	0.0816499905076768	0.714038251950294	0.302785733399904	-0.41125251855039	0.0379158603252027	0.00356579801221315	0.981970240413601	0.392238274467116	-0.589731965946484
0.328516465556215	0.0730331217494824	0.676998632873073	0.274123501089474	-0.4028751317836	0.0302481711506812	0.00266357485168681	0.942696354530107	0.290337835827657	-0.65235851870245
0.380781064952569	0.0694796369720801	0.745459007425542	0.234401852431216	-0.511057154994327	0.032803702429432	0.00299209318305755	0.98681272045705	0.281287321240891	-0.705525399216159
0.326375591982146	0.0726095729178821	0.666170509780971	0.246628962215064	-0.419541547565908	0.0291545226411539	0.00358435281514667	0.96141464151228	0.347899717036525	-0.613514924475755
0.351629955116803	0.0922893095763875	0.818917348392855	0.35858866344811	-0.460328684944744	0.023258840411644	0.00445122017684461	0.988557691872723	0.522914786657235	-0.465642905215488
0.381007986382539	0.0840309203281444	0.746465473745964	0.2840432946049	-0.462422179141063	0.0329084894875838	0.00381702024320621	0.985586313601343	0.353580640522371	-0.632005673078972
0.364349364053517	0.0782665261303737	0.667285595539759	0.276766146889371	-0.390519448650388	0.039116846019608	0.00325849335810404	0.966424414921949	0.315038372811585	-0.651386042110365
0.395463528376231	0.0792295905623479	0.688187685372698	0.25312614327962	-0.435061542093079	0.0405001125448188	0.00350231224663146	0.964972312658135	0.296101918214005	-0.66887039444413
0.329460279932194	0.0669952166833833	0.628867603974188	0.251475823259553	-0.377391780714634	0.0348249474008352	0.00239772846134748	0.93744411385197	0.261038302650452	-0.676405811201519
0.291685167426929	0.0613449847338239	0.574791898712125	0.213870535764652	-0.360921362947473	0.0311975309470222	0.00221333301637663	0.853886526750765	0.209848609102465	-0.644037917648301
0.346985647649173	0.0689069222408925	0.716164428779974	0.236148164515272	-0.480016264264702	0.0302927767724506	0.0023412013631581	0.984087343483583	0.215525406004768	-0.768561937478815
0.346819259811991	0.069695079092684	0.66852211208313	0.248095977384756	-0.420426134698374	0.0326732626889422	0.00292446325696921	0.95683404653373	0.288116613638273	-0.668717432895457
0.358119001771193	0.0761884687998542	0.69148900982292	0.239324552179546	-0.452164457643374	0.0334372411825505	0.00348779621029495	0.966214124575016	0.276092935911086	-0.69012118866393
0.358834274212805	0.0816807517348432	0.686248793297538	0.277402788790836	-0.408846004506702	0.0347142790315653	0.00316089044388251	0.959772603445436	0.288386681191508	-0.671385922253929
0.351021721850682	0.0787474965772811	0.674860866484467	0.255152786620549	-0.419708079863917	0.0341159746845641	0.00369317808066048	0.969172356957303	0.31196387227239	-0.657208484684914
0.345809807288218	0.0750450610165732	0.652981270716343	0.264331063108179	-0.388650207608164	0.0346582946207262	0.00297902056726215	0.939931259362774	0.293679071644277	-0.646252187718497
0.361012844344646	0.0779480758165124	0.629626617308506	0.290349664528644	-0.339276952779862	0.0401477979437656	0.00275298520351695	0.946220229081134	0.303411306263882	-0.642808922817252
0.351471737418261	0.0763253893646267	0.648770068334322	0.26446684689082	-0.384303221443502	0.0353007791529066	0.00357778870069353	0.942743490326781	0.353547609074718	-0.589195881252063
0.358272479099097	0.0840561692724642	0.720086766541766	0.294541251977202	-0.425545514564564	0.0295477642817671	0.00366718616596374	0.955483332851274	0.382280202527657	-0.573203130323617
0.325580380206138	0.0766725425409583	0.641836833946348	0.287735702378093	-0.354101131568255	0.0315187780092554	0.00309867520631444	0.948178349849605	0.348376248993988	-0.599802100855618
0.317860797944558	0.063955871320028	0.651029486513899	0.24302626558381	-0.408003220930089	0.0303109742126776	0.0023680036664572	0.957950921945695	0.269325938588092	-0.688624983357602
0.386178170856279	0.0773383362739477	0.664814894591188	0.250883088122698	-0.41393180646849	0.0415670331282699	0.00332700685531607	0.96448737855629	0.289485548731409	-0.675001829824881
0.359536045446384	0.0724871575244445	0.662057544772547	0.217989291600251	-0.444068253172296	0.0347773238730692	0.00337618150508752	0.926881999465933	0.250560549982699	-0.676321449483234
0.348726265490175	0.0828159440324941	0.695001815180966	0.289704151819021	-0.405297663361945	0.0315511073417047	0.00366686686313883	0.963110852404633	0.354067857859236	-0.609042994545397
0.358737795500228	0.061766520006187	0.64815741067148	0.209502172846935	-0.438655237824545	0.0375387493775624	0.00239254218598266	0.951119525099766	0.221142733286907	-0.729976791812858
0.324406238245357	0.0730219187910155	0.561221650135698	0.253977349398407	-0.307244300737291	0.0396722355879102	0.00304675028020118	0.87509709766187	0.29438470974069	-0.58071238792118
0.364060930979068	0.0935208075892279	0.723234345535959	0.339258179805881	-0.383976165730078	0.0299237611631092	0.00453994402103172	0.954441094085894	0.490644129466988	-0.463796964618906
0.356059143967222	0.0661806106711843	0.586152902978613	0.202539403795461	-0.383613499183153	0.0428888285118064	0.00239823752685188	0.900894854080576	0.187540843117416	-0.71335401096316
0.370069269185583	0.094044502435188	0.759782263767622	0.306275549179239	-0.453506714588382	0.0280520644811025	0.00519598344792375	0.968281055299831	0.470614004018551	-0.49766705128128
0.354591793999548	0.0792641539482115	0.7122082939291	0.310541262350065	-0.401667031579035	0.0317723778904975	0.00318600578309298	0.97126412819302	0.370663167051518	-0.600600961141502
0.3798446958374	0.0773335457165182	0.631638076276645	0.222435492018383	-0.409202584258262	0.0424237676595184	0.00370643568244663	0.94005002674207	0.259938374835334	-0.680111651906737
0.334396365354155	0.0622062883795856	0.639714633161777	0.21114943329457	-0.428565199867207	0.0341536344140265	0.00208706589422015	0.942780127356909	0.189993095866543	-0.752787031490367
0.343580110975134	0.0746814387595565	0.692898343496058	0.274867993552433	-0.418030349943624	0.0325407464677701	0.00274561808091808	0.972956430006081	0.286746721134842	-0.686209708871239
0.324752045824865	0.0757968256872315	0.661862220882995	0.288851211597331	-0.373011009285664	0.0296271648631879	0.00288378405527589	0.941805375379794	0.325934190133406	-0.615871185246388
0.377280010469799	0.092894042933757	0.735256408041332	0.336089209109779	-0.399167198931553	0.030774302078422	0.00427247929198763	0.952736130810764	0.460586403005911	-0.492149727804852
0.34484139665315	0.0831652393122016	0.660653063809178	0.31955436579556	-0.341098698013618	0.0336919022880032	0.00381825640702941	0.949216625655758	0.442928614820073	-0.506288010835686
0.36677790275539	0.0845782715225226	0.703933219604709	0.303044075003248	-0.400889144601461	0.0352218324610687	0.00383008610654791	0.976348076913303	0.379889212375693	-0.59645886453761
0.393045594717132	0.0828191434705699	0.753197070637418	0.292918393645486	-0.460278676991932	0.0345131063876692	0.00354854099820424	0.981428526240726	0.351615652852586	-0.62981287338814
0.358450779137416	0.0803296151199932	0.670477972357053	0.250876611058717	-0.419601361298336	0.035771802882182	0.00388279078584813	0.96836978393703	0.30873320817908	-0.65963657575795
0.365198554270745	0.0700210202415252	0.596662147484528	0.217765971017908	-0.37889617646662	0.0445498196402869	0.00288207785764066	0.923720926096366	0.234650047400531	-0.689070878695835
0.357007883753672	0.0859935671801195	0.690491193936421	0.29735172975387	-0.393139464182551	0.0340346725909347	0.00423584791328219	0.971741478351394	0.40032304357278	-0.571418434778613
0.355761861216666	0.0856082362625883	0.717086048887564	0.327933016477822	-0.389153032409742	0.030698638268587	0.00459133175719302	0.977476831551333	0.524580958495128	-0.452895873056205
0.404899752725924	0.0670680510842492	0.663121129140207	0.20070776781965	-0.462413361320557	0.0449852243969039	0.00242859995307805	0.959171611517901	0.192607844403424	-0.766563767114476
0.361702906899784	0.0697952488450859	0.612257707032154	0.209677844978647	-0.402579862053507	0.0423841494800823	0.0028133166318468	0.93874865869878	0.211434779614211	-0.72731387908457
0.379386109356277	0.0782217263941084	0.672722417913021	0.277708925682151	-0.39501349223087	0.0393552321357711	0.00300705830488421	0.964095135258399	0.310959575338249	-0.65313555992015
0.318340441805536	0.0619796465414875	0.692444724756987	0.200951492119372	-0.491493232637615	0.0259946976802923	0.00208361224346504	0.966244483675731	0.185749988124984	-0.780494495550747
0.341954544299881	0.0630338642329934	0.641787679459788	0.2110232046562	-0.430764474803588	0.0342633347702074	0.0019910041119062	0.940416423038474	0.18360584795693	-0.756810575081544
0.39877581375663	0.0884404133498345	0.74236116276943	0.353804547008248	-0.388556615761183	0.0333729363606525	0.0041358982739676	0.978379051667638	0.584201985271475	-0.394177066396163
0.403472161034643	0.0981900186246264	0.70892488423655	0.374719525958814	-0.334205358277737	0.0388051778786394	0.00504413184702246	0.973774913466959	0.614837574852859	-0.3589373386141
0.356144730340815	0.0934295470439954	0.716465275290693	0.348037564013448	-0.368427711277245	0.0309945440382017	0.00475824465837524	0.967392931102251	0.515341700302306	-0.452051230799945
0.342290290677287	0.0748602349242205	0.585123976884203	0.237895349882587	-0.347228627001616	0.0383140187495659	0.00289403525792354	0.87456160557153	0.249243652764896	-0.625317952806633
0.335436402688247	0.0768154754625754	0.66010397301695	0.232810304500017	-0.427293668516932	0.0304445100022176	0.00339199220460406	0.933349963796674	0.257218691018389	-0.676131272778284
0.368467571236673	0.0829569809026601	0.718205940579326	0.28594197167951	-0.432263968899816	0.0352720578222709	0.00371871668646051	0.981170103190623	0.333529280475181	-0.647640822715442
0.365517411061219	0.0778384871456052	0.676005570468767	0.269987817675937	-0.40601775279283	0.0362144584983796	0.00317608921775882	0.967157415256712	0.315104398146074	-0.652053017110638
0.340618781347923	0.0843649438438125	0.634624715103349	0.288069259283664	-0.346555455819684	0.0373722550714159	0.00425117800514529	0.94582441734288	0.388630472551091	-0.557193944791789
0.371673967346519	0.0847427991059467	0.703781296526435	0.297764595400224	-0.406016701126211	0.0342944502073864	0.0035030771302661	0.972354344699727	0.351044936640981	-0.621309408058747
0.354702834771767	0.0864224859578993	0.739991841276118	0.292455583292472	-0.447536257983646	0.0294012066804148	0.00339066700217082	0.972750176551277	0.311969227384641	-0.660780949166636
0.33718263623617	0.071980599971767	0.721935689004431	0.255802473971943	-0.466133215032489	0.028995050915958	0.00238332949276425	0.972218502828347	0.241065134229548	-0.731153368598799
0.359289011901592	0.072402727418063	0.676992900751351	0.242931630092258	-0.434061270659093	0.0334109998092364	0.00296293528660403	0.959353340578128	0.274869547930867	-0.684483792647261
0.378213579000379	0.0853120299638476	0.661888919445163	0.297052589765151	-0.364836329680012	0.0410014811298456	0.00420510963909403	0.957805768972782	0.410479967116183	-0.547325801856599
0.363341557861061	0.0898112068757345	0.728969029433339	0.339424551238644	-0.389544478194695	0.031678034932347	0.0041215456183376	0.978755145358435	0.467308478808888	-0.511446666549546
0.36626073644815	0.066166435246077	0.590629299731448	0.190397840483612	-0.400231459247837	0.0447362442841377	0.00335762486104042	0.923133036750663	0.23545408699493	-0.687678949755734
0.139422897879914	0.0295227303602086	0.67762131118345	0.499352238459399	-0.17826907272405	0.0218708420383093	0.00108138682318439	0.689888667329387	0.483321997739164	-0.206566669590224
0.355316992676704	0.0804383852379913	0.663389832840763	0.280281268381603	-0.38310856445916	0.0359677319535807	0.00341421423573122	0.95202687952375	0.321493721747356	-0.630533157776394
0.289321438244766	0.0680538214274973	0.520775234444209	0.214074331141411	-0.306700903302798	0.0308957040147109	0.00256525443658309	0.797253204793901	0.213997743671021	-0.583255461122881
0.369612487417153	0.0656639968152699	0.575197999208739	0.199162452142261	-0.376035547066478	0.0464271435623605	0.00271090095772944	0.918748679013514	0.220639879379697	-0.698108799633816
0.356042123110538	0.0785427037524146	0.699851267991162	0.280808623101246	-0.419042644889916	0.0334151959719873	0.00305071184940015	0.972763813623033	0.300812992006965	-0.671950821616068
0.325563967484763	0.0617563907606283	0.550425749300174	0.196742037704357	-0.353683711595817	0.0391980380043864	0.00198337307494219	0.845192926623815	0.170205439903378	-0.674987486720436
0.342849949227725	0.0893431433729747	0.602612889826413	0.283429110781207	-0.319183779045207	0.0390139565143682	0.00468669398870977	0.913648880033518	0.391371664452623	-0.522277215580895
0.373756662386043	0.0858016214608261	0.639335530849524	0.294672771078724	-0.3446627597708	0.0402541054955592	0.00456278016557282	0.956164105957812	0.444779976615003	-0.51138412934281
0.35051043812567	0.0799163196685514	0.690565413267444	0.286131097319321	-0.404434315948123	0.0339611848600647	0.00387763598713401	0.977524098899399	0.377069484537847	-0.600454614361552
0.377150036511283	0.0964184407684861	0.702250817272637	0.334255803008709	-0.367995014263929	0.0336613154126278	0.00429945260424335	0.92987598977057	0.428401518935707	-0.501474470834863
0.365477992665795	0.080443517847199	0.725910926162667	0.288565823212218	-0.437345102950449	0.0328584914362948	0.00312710675197221	0.969842929704366	0.313441574069356	-0.65640135563501
0.35146074930826	0.061864701286945	0.719424572669698	0.204250978414498	-0.5151735942552	0.0306902951110988	0.00236876623487887	0.981330101698407	0.20571415417744	-0.775615947520968
0.413685773411867	0.0894545004462303	0.740714309506345	0.294729993953561	-0.445984315552784	0.0373404171985029	0.0050503788249467	0.979069030637661	0.460518852025806	-0.518550178611854
0.35650340628839	0.084507324510193	0.689956974228448	0.312658121379889	-0.377298852848559	0.0341868765373386	0.00448290125673356	0.976521594512456	0.480615630235748	-0.495905964276708
0.344194220062159	0.0734207771384706	0.710579269559021	0.232715506039052	-0.477863763519968	0.0296481791245496	0.0036686730377039	0.983007543603786	0.300330141315646	-0.68267740228814
0.363340268341038	0.0679687086655793	0.656762180327466	0.235114177806043	-0.421648002521423	0.0369820678215985	0.00219440339123592	0.945925702357519	0.217254214639934	-0.728671487717584
0.294776040150006	0.0693462179437341	0.532520745816981	0.237675845519906	-0.294844900297074	0.0340742097067252	0.00233685865741798	0.81765748217809	0.217935316812004	-0.599722165366086
0.311698901826916	0.0740473697445427	0.688466711150423	0.278873362916625	-0.409593348233799	0.0261940102544054	0.00268338618405967	0.944188883289149	0.293336839251287	-0.650852044037861
0.395368644654999	0.0839704821440207	0.749280321498322	0.257538535910647	-0.491741785587675	0.0330283827403428	0.00389551582999274	0.970297891894851	0.3030911910931	-0.66720670080175
0.361638096962665	0.0834634407571582	0.642917713509285	0.30636743186947	-0.336550281639815	0.0397442214143622	0.0034439708146413	0.948859355140521	0.376324658685779	-0.572534696454742
0.356351338941913	0.0748544454408641	0.651364132126378	0.268036192282536	-0.383327939843843	0.0370917907596142	0.00377351288634844	0.958667469956234	0.395887018496712	-0.562780451459521
0.356769213302687	0.0794375832732302	0.637434801243739	0.248681387378569	-0.38875341386517	0.0360847663425531	0.00351326666292182	0.90966218182375	0.276379800779752	-0.633282381043997
0.384006387769357	0.0765777234738472	0.730625150148003	0.280755578222169	-0.449869571925834	0.0341312842226566	0.00256129364575567	0.969857637614906	0.274787105344797	-0.695070532270109
0.342109095763157	0.0726532614752999	0.679332830623718	0.256907791393031	-0.422425039230687	0.0317174394573946	0.0032718972027154	0.957647796421044	0.337355460273888	-0.620292336147156
0.367101216550704	0.0686110644610307	0.647819623330453	0.220941230866359	-0.426878392464094	0.0380701522019764	0.00252738448460653	0.943957415963491	0.225170630255817	-0.718786785707674
