LR1_coefficients_null_raster	LR1_coefficients_Elevation_16_k10_R	LR1_R2_null_raster	LR1_R2_Elevation_16_k10_R	LR1_Q_Elevation_16_k10_R	LR2_coefficients_null_raster	LR2_coefficients_Elevation_16_k10_R	LR2_R2_null_raster	LR2_R2_Elevation_16_k10_R	LR2_Q_Elevation_16_k10_R
2.51738433343051	0.712310556830384	0.301620672208447	0.554101612902162	0.252480940693714	2.82001247560472	0.128615500887585	0.233929342809987	0.317808096204864	0.0838787533948761
2.29608829529012	0.691288345638738	0.298761527501434	0.592625666829494	0.29386413932806	2.36985442312662	0.12426450298257	0.217533029948161	0.349031559098001	0.13149852914984
2.579828271318	0.738463653065604	0.271073880742426	0.487996944835218	0.216923064092792	2.69545323955538	0.134544074891054	0.210466312844385	0.29356794969275	0.0831016368483654
2.60377470094825	0.749058965846206	0.374163919787193	0.68073708972997	0.306573169942776	2.88618896500676	0.134357023829062	0.304594287990065	0.410806459990716	0.106212172000651
2.51855607624151	0.784852212052968	0.258757938320137	0.565802880483842	0.307044942163704	3.02258984144353	0.19501221189284	0.212312305283889	0.425196868868227	0.212884563584338
2.37721012964425	0.649549482414983	0.326432373757753	0.571598662411652	0.245166288653899	2.71683037011286	0.126277753637922	0.281605907830995	0.399402112769808	0.117796204938813
2.77491962245809	0.737019578707722	0.334185979792084	0.548060753361705	0.213874773569621	2.95494611238507	0.132503226331062	0.269924991439239	0.35134697960016	0.0814219881609219
2.70219081096498	0.706850056607784	0.313482326724834	0.578539396520536	0.265057069795702	2.63958332477534	0.121571106438268	0.250887304007106	0.368667997868053	0.117780693860947
2.85353723930411	0.744387453301137	0.392185572277205	0.616553817294434	0.224368245017229	3.28689701308987	0.12852377226004	0.315798292245659	0.352503512545024	0.0367052202993657
2.58358116724074	0.589003757608969	0.241658357872322	0.357609633493408	0.115951275621086	3.12801650444109	0.111453946205288	0.221533751807583	0.239582397259252	0.018048645451669
2.45251049441737	0.694542935212746	0.320361573515098	0.555222180849287	0.234860607334189	2.56586202210859	0.125614211197228	0.251692208977601	0.357286357960166	0.105594148982565
2.64687683099622	0.726341591780667	0.280256240326733	0.505822079844905	0.225565839518172	3.13064909420922	0.126163871402817	0.242630128544862	0.301663802649577	0.0590336741047151
2.63138934341292	0.669912503742071	0.315127047736315	0.462382432136948	0.147255384400633	3.19785142872491	0.121455932199402	0.2639030666025	0.272189228571592	0.00828616196909149
2.474822565753	0.729952373507194	0.306366159616724	0.594197208194765	0.287831048578041	2.54517215713052	0.11810049400914	0.269638385370212	0.352954465388543	0.0833160800183309
2.48573221508329	0.689577683367174	0.312940585427542	0.515059296937229	0.202118711509687	2.74389687617501	0.149517353443868	0.244341562574928	0.347101560295317	0.102759997720389
2.41281083930486	0.722100704894341	0.305388586006819	0.555488883612313	0.250100297605493	2.63118923989705	0.194037424092219	0.256953639910372	0.479984750630908	0.223031110720536
2.44325050537863	0.686679187470236	0.310576752011277	0.538204222176626	0.227627470165349	2.41282050387115	0.164251747635847	0.224212683180563	0.401039060907102	0.176826377726539
2.83899838578586	0.732171964454276	0.362065567818102	0.625522031845997	0.263456464027895	3.24597767496232	0.161987604892167	0.308238787398192	0.470124652240563	0.161885864842371
2.38845307995975	0.634944830389485	0.287662872839865	0.50473016915435	0.217067296314485	2.60185725192474	0.113669464231007	0.231742991697199	0.303664948969496	0.0719219572722975
2.30690282654075	0.623672943274386	0.256281718620746	0.426800871758288	0.170519153137542	2.66736834464228	0.114030523163626	0.222150194653992	0.255932624952387	0.0337824302983948
2.48640358182515	0.663127669437335	0.29744972296574	0.518679050612436	0.221229327646696	2.51150974464316	0.112222986819917	0.246099481447947	0.320550351239065	0.0744508697911176
2.11474965344062	0.645145500919953	0.309891290636004	0.557447022252216	0.247555731616212	1.91906252393127	0.108611359687208	0.240937634152865	0.339656511735656	0.0987188775827913
2.32892225013005	0.626905732142983	0.261687902122036	0.447876150158555	0.186188248036519	2.68979234131108	0.112336642162703	0.261631924890025	0.295782481878597	0.0341505569885718
2.04433485708101	0.691632117556882	0.213697363615423	0.484283174107601	0.270585810492178	2.03289921750514	0.121550299325888	0.164572020215623	0.292228165377811	0.127656145162187
2.53973521412435	0.666444348192772	0.25562132910891	0.456334586930628	0.200713257821718	2.83697667307601	0.132856896903618	0.214192737380277	0.318762987633774	0.104570250253497
2.88281055915294	0.694288765236348	0.388968044794444	0.564896982058706	0.175928937264262	3.46688163509937	0.145119718904337	0.343067159876248	0.420456781094837	0.0773896212185891
1.98418814475449	0.601257879586666	0.234754430739483	0.453396942468763	0.21864251172928	2.13284319723179	0.0942502204405355	0.191183878189024	0.245627043116824	0.0544431649277998
2.53572571531383	0.729674942215425	0.342410417706136	0.592326972075077	0.249916554368941	2.9572057464977	0.142020678449752	0.288190778378601	0.385584932098644	0.097394153720043
2.39657624449767	0.707486584410432	0.269703368193977	0.563598592859354	0.293895224665377	2.4865679733424	0.12743822950513	0.217653815731692	0.354584276634307	0.136930460902615
2.97451767984518	0.788850181120393	0.346186498582005	0.593054077562131	0.246867578980127	3.30693604292341	0.164064989052766	0.273843983284084	0.379473605154862	0.105629621870779
2.55383621206397	0.744799613539387	0.252024767349996	0.529121193656427	0.277096426306431	2.76973740516788	0.119018409720355	0.225484544306388	0.326645175915999	0.101160631609611
2.57564901075211	0.6864783825843	0.300083523544287	0.467459270614283	0.167375747069997	2.8345144038972	0.141243892713818	0.235397980037945	0.307384347092689	0.0719863670547439
2.63133479308645	0.677404359483956	0.325276051520926	0.519554117911984	0.194278066391059	2.83904763439343	0.114401636841534	0.276457131729499	0.308356008856902	0.0318988771274024
2.17289267550389	0.758736395946526	0.286783997213163	0.648868332995371	0.362084335782208	1.83265669810224	0.193665585870558	0.158622717502422	0.511984460666757	0.353361743164335
2.48033165822636	0.687223978097776	0.277366217197451	0.509630247049626	0.232264029852175	2.50741202986673	0.123577609098272	0.225079224073887	0.318376020912639	0.0932967968387517
2.31069285965681	0.714769261843728	0.256589554738473	0.594842316008739	0.338252761270267	2.68802053056725	0.136929596864722	0.221652923388107	0.414802306847571	0.193149383459464
2.22468231227475	0.608488188610284	0.248921717698821	0.466779699293176	0.217857981594355	2.45075532868781	0.0879008994119844	0.220283823545218	0.258965931457212	0.0386821079119934
2.63140778845322	0.677116470735794	0.35864899594241	0.557258798113824	0.198609802171414	3.1480727173019	0.117302762260862	0.315913668090058	0.349192063655814	0.0332783955657557
2.46494041850914	0.639674806849702	0.292244082901588	0.503799401204791	0.211555318303203	2.76813210938412	0.109967685905692	0.234157560547395	0.309426201827687	0.0752686412802916
2.23406488314016	0.725537646632238	0.306639069336106	0.582958725540435	0.276319656204329	2.49673014029767	0.144133912409441	0.24438168435189	0.37292373713332	0.12854205278143
2.5216365878786	0.684906650344143	0.304859608189739	0.533044326975523	0.228184718785785	2.72027557408083	0.11013236696998	0.253273671669395	0.298804964745332	0.0455312930759365
2.27125001931501	0.616276728285478	0.269111789991606	0.519760751256024	0.250648961264417	2.72839426802472	0.109967843133059	0.22436080892396	0.30331083480568	0.0789500258817205
3.10729432903271	0.740501542886198	0.347291121078725	0.561995697826195	0.21470457674747	3.61930167887896	0.148880482622046	0.307699875822141	0.368803907762449	0.0611040319403081
2.73916111458853	0.719397807794183	0.3170457105774	0.560817227748806	0.243771517171405	3.07755788806372	0.14017471219915	0.262849263906005	0.347400931827262	0.0845516679212571
2.27481619343216	0.722966274461946	0.219323207474342	0.514537483445347	0.295214275971006	2.29061406094578	0.135234706951644	0.182577961213331	0.312040862773131	0.1294629015598
2.73590408560108	0.789271854626201	0.305406752120918	0.576712824199652	0.271306072078734	3.17688584802877	0.206276176963203	0.238642919566865	0.446076528992535	0.20743360942567
2.51535750968518	0.697694710428813	0.323876882003472	0.577927100621165	0.254050218617693	2.74791440720165	0.11571973305034	0.25810132646692	0.340795925672685	0.0826945992057655
2.54794667622952	0.683492699069075	0.265749075019384	0.522832507873582	0.257083432854198	2.81074915550164	0.112307214488287	0.22314743978374	0.313669755298009	0.0905223155142687
2.05855260058623	0.533546273793278	0.246885770764852	0.407824367368525	0.160938596603673	2.18776345475134	0.0998785424834192	0.205195347996845	0.270872625290409	0.0656772772935639
2.33043737118831	0.660243753301704	0.273933306534897	0.493736259085603	0.219802952550706	2.55925578641079	0.120414964453902	0.230621136411885	0.312288891932336	0.0816677555204513
2.55024237193809	0.701139658639637	0.337008088426639	0.594300089581685	0.257292001155046	2.91266388619944	0.140167582897802	0.261272043615585	0.405060075412036	0.143788031796451
2.30891298123899	0.692531163571186	0.300984189754385	0.560601340210412	0.259617150456027	2.51637086321167	0.132351558142691	0.23555164684681	0.348612614437834	0.113060967591025
2.59381720952426	0.717724207267356	0.323860863316475	0.58747589594654	0.263615032630065	2.52450879819637	0.129171672707532	0.245275428938149	0.372171147217735	0.126895718279586
2.31809856863056	0.638663833208927	0.324693306391268	0.51568039915207	0.190987092760803	2.62630254358722	0.106105357164761	0.25986341466736	0.28922161937928	0.0293582047119196
2.36427810912007	0.685264689550354	0.237270119815924	0.482700404862345	0.245430285046421	2.61026043792965	0.138059802790504	0.188149877249511	0.297294481739433	0.109144604489923
2.49571114234702	0.670317632674579	0.282937339433388	0.471767184918655	0.188829845485266	3.172117880492	0.138705801708886	0.2448795156495	0.313260965949658	0.0683814503001587
2.86102411110302	0.688427029582998	0.427660391042631	0.602697465239783	0.175037074197152	3.01932399083475	0.121193961704476	0.352603161405692	0.370093201567118	0.0174900401614265
2.61252654318649	0.695078032728106	0.314707288255331	0.522965650722879	0.208258362467548	2.66721799060565	0.142281790488035	0.232143189590237	0.354696153259133	0.122552963668896
2.55266632760739	0.677240972364732	0.287659294697717	0.517123658053002	0.229464363355285	2.74671504726118	0.108815263450537	0.239169413880254	0.297187208737642	0.0580177948573886
2.23720826000045	0.716788352848593	0.254295073558294	0.563816990200294	0.309521916642	2.47448581779965	0.140261660983375	0.22201577891286	0.382859553372652	0.160843774459792
2.76665639879833	0.707874747296558	0.326285167800325	0.538944943369546	0.212659775569221	3.05012206648675	0.135812153795642	0.270125764311657	0.377713891190592	0.107588126878935
2.337269723186	0.648374869364144	0.257337257998269	0.489205988336558	0.231868730338289	2.45847757919234	0.107465467302961	0.210501998299504	0.284671949360956	0.0741699510614515
2.65085792131643	0.653367547108511	0.379943793470015	0.547696691053915	0.1677528975839	3.08309206716665	0.117893565569892	0.317447120016413	0.346173134625879	0.0287260146094659
2.09331954640319	0.652862510006764	0.219125984927315	0.468493401468777	0.249367416541462	2.12582248542491	0.120187435619177	0.159396969047719	0.287321850852341	0.127924881804621
2.83188239432388	0.663507901531056	0.331335418048893	0.481869226577558	0.150533808528665	3.37775366766701	0.117520906027447	0.272211033282083	0.283108651106068	0.0108976178239847
2.38535239560274	0.673440609906987	0.273745242364174	0.482374511110377	0.208629268746203	2.68640364507048	0.126974372937606	0.219206696912943	0.299148648678531	0.0799419517655886
2.39013516223746	0.680646057363471	0.334853791256709	0.558396073866385	0.223542282609676	2.35150270557603	0.122622200488815	0.269758071133223	0.347158445014334	0.0774003738811107
2.37600401643033	0.703633456517045	0.273075794690664	0.590802110341519	0.317726315650855	2.75176530833196	0.128345845553336	0.227528568905448	0.365725490521336	0.138196921615888
2.68602304882631	0.762299497986719	0.357069766150493	0.624373579099379	0.267303812948887	2.8515623063954	0.144095340321808	0.282907780011029	0.43779864944324	0.154890869432211
2.60948789576196	0.674613269872436	0.313636712423714	0.540115101720253	0.226478389296539	2.68593279812417	0.127320776419807	0.242759844872996	0.343426044107821	0.100666199234825
2.91298236187086	0.625051268373249	0.405002139401005	0.506962483696868	0.101960344295863	3.48720464126357	0.101471080405379	0.350516744163667	0.286312976156169	-0.0642037680074986
2.56151625788849	0.777223774953702	0.346766515037397	0.712751556618311	0.365985041580914	2.90253815899391	0.153275119332291	0.289218207601055	0.506276689965889	0.217058482364834
2.72212905137593	0.727961476998862	0.353232320377087	0.591297521480868	0.238065201103782	2.89643986027867	0.121402041305402	0.290573086007718	0.341980951971217	0.0514078659634992
2.22919484401354	0.644890060454308	0.260601259225198	0.478833799371741	0.218232540146543	2.78861104332811	0.122699502692439	0.232216210042338	0.316592535707767	0.0843763256654295
2.46436508123297	0.684683128742241	0.283375184200997	0.503098124670903	0.219722940469905	2.83894157431367	0.128498932691974	0.241635985686029	0.30650566690619	0.0648696812201602
2.57378144261769	0.713866795023497	0.306847035556191	0.505977994517801	0.19913095896161	2.91703568101822	0.131334050594254	0.225406251410658	0.287670013509152	0.0622637620984946
2.04058253583768	0.633040550158437	0.228565178430521	0.509270653334064	0.280705474903543	2.36673089277271	0.118467192333208	0.203185958266219	0.323484845417764	0.120298887151545
2.57231232694592	0.688990902748093	0.293653718550167	0.517036783801094	0.223383065250927	2.71739645794148	0.118753199991722	0.244250522629213	0.317999373723897	0.0737488510946842
2.55171824395287	0.66213443369748	0.280140591678336	0.473463305097742	0.193322713419406	2.80429927475145	0.113330864795485	0.237732031229558	0.281381220455321	0.0436491892257635
2.74738007061697	0.724728094322593	0.330638699874237	0.624491605366395	0.293852905492158	2.7711384827402	0.128151539000436	0.246257761667424	0.37277068765502	0.126512925987596
2.54562020187509	0.691716645342023	0.360666369905998	0.597257290408321	0.236590920502324	2.68668153955462	0.11416230131344	0.279359168059185	0.335157685941295	0.0557985178821092
2.60596444286968	0.710554978800251	0.334843957433333	0.560217366078669	0.225373408645336	2.68439865410697	0.121336165059764	0.251103229611937	0.318925102113879	0.0678218725019417
2.32335747748657	0.670827484605055	0.319057624318808	0.57668255252075	0.257624928201943	2.47408027261814	0.111291146344881	0.263456841372814	0.326551795833614	0.0630949544608001
2.4295034419696	0.732334554788797	0.32156738857076	0.647081750194114	0.325514361623353	2.64621729939647	0.146146197273968	0.253944878089609	0.442754422571232	0.188809544481624
2.457101880276	0.716906022336918	0.32122724605757	0.647020734202336	0.325793488144766	2.62484525821182	0.148005326030369	0.25591568683083	0.435655704543257	0.179740017712426
2.6445590044173	0.707970623517908	0.443887501844851	0.667857320004015	0.223969818159164	2.82917511639066	0.139295211446108	0.39800741059405	0.477083646245008	0.0790762356509576
2.69039068517044	0.712564436344105	0.322141416161927	0.539792854695817	0.217651438533889	2.83179848381018	0.181799905833104	0.240553248184689	0.405394603415258	0.164841355230568
2.65671204372313	0.715795294318168	0.292253115993176	0.545569460520621	0.253316344527444	2.9775790663264	0.14685986655914	0.238798218270254	0.369199162883949	0.130400944613695
2.31318516244384	0.618229619902995	0.278741801489097	0.481308575463363	0.202566773974266	2.87148845617394	0.105377835413646	0.267040693874658	0.308678085573056	0.0416373916983982
2.42819079808013	0.669780883631472	0.333570524328116	0.541562536657546	0.20799201232943	2.4623002505385	0.122582316301727	0.234631879685295	0.337462394022452	0.102830514337157
2.23919853237746	0.692587952824584	0.304846591426256	0.601986393802611	0.297139802376355	2.0563148286367	0.127896703598741	0.217616780160142	0.396448724474284	0.178831944314143
2.44892949293871	0.649274436592406	0.273173384397617	0.453210027446739	0.180036643049122	2.84676745860885	0.131420660350611	0.233341349170054	0.301866376339522	0.0685250271694677
2.66903035924112	0.733812403687647	0.328146412128988	0.591760075743428	0.26361366361444	2.78521291495386	0.128872789894639	0.255169354394236	0.360265640127639	0.105096285733402
1.45320990026818	0.647795331832707	0.17355496207097	0.510850854814528	0.337295892743558	1.23369949323246	0.109231784682788	0.108113844303561	0.293598541921551	0.18548469761799
2.87883005145328	0.755325676848507	0.385152869594571	0.584247337612849	0.199094468018279	3.20227871370504	0.142990890618124	0.309421323176182	0.394715524228332	0.0852942010521497
2.6314206590435	0.637318098939042	0.300902209489182	0.455142062901302	0.15423985341212	2.89976986464174	0.105453519919134	0.238636184814649	0.256460595977031	0.0178244111623816
2.28388978543759	0.660417131004818	0.236657687382221	0.438272299657749	0.201614612275528	2.44207946244989	0.133123275998121	0.177627602292039	0.27176856559392	0.0941409633018814
2.93394508191389	0.719248119161734	0.368651068752598	0.596418296605946	0.227767227853348	3.63409855832643	0.119966307301169	0.331472808681085	0.353571799044064	0.0220989903629782
2.23855581389227	0.664323310094425	0.27981624250412	0.552936532646862	0.273120290142742	2.32008415623677	0.130803686340457	0.215659867245237	0.36287834680793	0.147218479562693
2.68376599288172	0.696209372433606	0.342773273386325	0.534532557281437	0.191759283895112	2.98792763022712	0.163396532917655	0.286201874870072	0.412474378372212	0.12627250350214
