LR1_coefficients_null_raster	LR1_coefficients_Elevation_16_k10_R	LR1_R2_null_raster	LR1_R2_Elevation_16_k10_R	LR1_Q_Elevation_16_k10_R	LR2_coefficients_null_raster	LR2_coefficients_Elevation_16_k10_R	LR2_R2_null_raster	LR2_R2_Elevation_16_k10_R	LR2_Q_Elevation_16_k10_R
0.164389470721349	0.0718642778111317	0.128865551244433	0.253047933836625	0.124182382592192	0.0125822517094184	0.00371870379118113	0.0458090622428398	0.200972079028539	0.1551630167857
0.156004438548863	0.0675492139585875	0.108937706625019	0.215325294695852	0.106387588070833	0.0126572833369053	0.00381540949734884	0.0373154014214596	0.192275438358059	0.1549600369366
0.158889131393125	0.0570643289227225	0.0983329929666674	0.1625829807839	0.0642499878172326	0.0151222227578602	0.00283362020031157	0.0428787912550154	0.128732785948126	0.0858539946931108
0.142944979686134	0.0615301486017859	0.0963251751621283	0.186168434916101	0.0898432597539729	0.00931824950023987	0.00281131425387546	0.0284068047272753	0.122211868641248	0.0938050639139732
0.167879258660728	0.0705243009339252	0.166838423400258	0.234713099078721	0.067874675678463	0.0160044208322013	0.00437097334615935	0.106207531146591	0.233094682225913	0.126887151079321
0.10765734668419	0.0488456723878946	0.0556636341391619	0.11885012039493	0.0631864862557682	0.00989289726610172	0.00291585951982933	0.0283735728685641	0.123380746203225	0.0950071733346613
0.110583617522707	0.0505061687212971	0.0618148086044757	0.134955695259623	0.0731408866551472	0.00723372659107611	0.00254121074365365	0.0175763109806117	0.103030876968513	0.0854545659879008
0.181641675446849	0.0758843234630053	0.150113403280399	0.273781394688168	0.123667991407769	0.014689585804034	0.00382794817853979	0.0533299693420911	0.198362137851761	0.14503216850967
0.139849535820053	0.0644724857610336	0.104385470791867	0.20832636949782	0.103940898705953	0.0122149644332482	0.00351299541053866	0.0449131504781267	0.167819697944675	0.122906547466548
0.185531850272693	0.0785289022750348	0.151871382165535	0.295264905041585	0.14339352287605	0.015701745206504	0.00467401724714085	0.0530571439587745	0.251981632468073	0.198924488509298
0.124955124877428	0.0617168805569042	0.0760046193849393	0.19826052988736	0.122255910502421	0.00837827687860656	0.00310594448153264	0.0216146916680636	0.169698924649667	0.148084232981603
0.174563293081951	0.0659556987379643	0.119648590961203	0.202449902684866	0.0828013117236632	0.0173066089547327	0.00387296560004655	0.0473916557210339	0.167194996562728	0.119803340841694
0.170261535672245	0.0681735147222208	0.124991657231604	0.228459962189015	0.103468304957411	0.0186627798443271	0.00388371464942851	0.0582827935449836	0.196497501306172	0.138214707761189
0.193180539566945	0.0642375546932383	0.16938121716878	0.240288442893488	0.0709072257247083	0.0227487369744784	0.00280434274162157	0.115740736410306	0.20389420928818	0.0881534728778739
0.170051876664775	0.0629693026905335	0.124005577351839	0.201529947244058	0.077524369892219	0.0185029525788387	0.00358785203963421	0.0610989937567331	0.183535477788703	0.12243648403197
0.182753947546278	0.0671138814433624	0.136407088266051	0.230750322739477	0.0943432344734259	0.0169975794286366	0.0031898757518651	0.0492924427820844	0.162438837275247	0.113146394493162
0.198284264392943	0.0710229139320548	0.154633932402864	0.227380325778172	0.0727463933753077	0.0253457214152022	0.00382836450899862	0.085698327676538	0.179498924711513	0.0938005970349751
0.173817506371235	0.0642581425215956	0.117566751303095	0.196205786547582	0.0786390352444866	0.0180857601286726	0.00359035852948352	0.0536345222937937	0.174830846602508	0.121196324308715
0.177637530340018	0.0586267369381483	0.119440910517772	0.1716166982749	0.0521757877571287	0.0265112264562747	0.0036039096761618	0.0729812894245791	0.172599627580034	0.0996183381554552
0.171809019999426	0.0575073352530088	0.12601238708539	0.186716996891367	0.0607046098059764	0.0204384295699851	0.00256419342348705	0.0641452898555967	0.129263490435773	0.0651182005801763
0.133186461780963	0.050095109201528	0.0889657568024898	0.153520861632421	0.064555104829931	0.0142318587075174	0.00220711577007464	0.0516954494526486	0.125630043625914	0.0739345941732651
0.151614765391237	0.0614763348354952	0.109061855395792	0.187351357326572	0.0782895019307796	0.0127621989544939	0.00317247680938224	0.043050177320157	0.141325498508901	0.0982753211887443
0.171883957167912	0.0620576856471952	0.13724999892406	0.207291276118433	0.0700412771943728	0.01792220197455	0.00282469066371136	0.0566480333885087	0.127009677109472	0.0703616437209637
0.145765783200672	0.059171440259774	0.0958291171794766	0.175264718927651	0.0794356017481749	0.0120596626118568	0.00283427653845183	0.0367746819357358	0.125450600820494	0.0886759188847585
0.168935558298303	0.0679762566367873	0.116608496853108	0.21775624257303	0.101147745719922	0.0181472296927833	0.00349039595757	0.0519524891903618	0.174473184526377	0.122520695336015
0.177290016959489	0.0718762952955687	0.150386466035624	0.267059461657346	0.116672995621723	0.0141541547812918	0.00364311387506437	0.053509519719561	0.200345498329407	0.146835978609846
0.131562103556984	0.0453956526857295	0.0974330971715037	0.152154390018633	0.0547212928471292	0.00846713532660925	0.0013817443501291	0.0296125804597287	0.0758205463405215	0.0462079658807928
0.164833830340046	0.0581320628270089	0.135499532615925	0.181406406273329	0.045906873657404	0.0179557131252607	0.00284553483961088	0.081929656152423	0.127234471278895	0.0453048151264716
0.156293430347269	0.060815910665477	0.116214006725503	0.209138991646988	0.0929249849214854	0.0135512189968301	0.00285485550169682	0.0449156940741808	0.14654295892335	0.101627264849169
0.157457836453451	0.058322441700361	0.112214462059153	0.181302151784638	0.0690876897254855	0.0143785711373992	0.00295266477603221	0.0463083290930196	0.145057480832615	0.098749151739595
0.179581091250504	0.0664549858376886	0.172913762306043	0.26507901096283	0.092165248656787	0.0180705567939942	0.00300559550351725	0.0864166224403102	0.193157025368036	0.106740402927725
0.153642630779838	0.0618860718558735	0.10204195444461	0.191274623054971	0.0892326686103616	0.0158326527025494	0.00344517769328903	0.0462737235972467	0.166282989961669	0.120009266364423
0.157420793629243	0.0627412043149964	0.111490106879224	0.215365177188473	0.103875070309249	0.0137028178947678	0.00324749707987032	0.0418554857193583	0.162990888219636	0.121135402500278
0.18085086758543	0.0595900412214724	0.135542588595157	0.178130608259207	0.0425880196640509	0.0219119240936715	0.00335258187805409	0.0727710378268063	0.147117281543721	0.0743462437169142
0.155446285554658	0.0640872222210627	0.11559318084804	0.207569230348494	0.0919760495004536	0.0145776821952547	0.0036269102569338	0.0518245744481182	0.186936383456932	0.135111809008814
0.168184020375212	0.0686434569293775	0.113011383729106	0.220087858129888	0.107076474400781	0.0156852332834542	0.00366986251915885	0.044285284555542	0.185313202919756	0.141027918364214
0.167892211732473	0.0694520779074368	0.120350411207645	0.234900638519879	0.114550227312234	0.0178640173335557	0.00410190556943493	0.0558126933975486	0.226783085136194	0.170970391738645
0.204338640170784	0.0691196062874514	0.156597048334225	0.234266869369761	0.0776698210355365	0.0315481409074294	0.00429148841601301	0.0936070240448858	0.215327870158593	0.121720846113708
0.159810216240159	0.0613373974050403	0.102784617252832	0.172107596954256	0.0693229797014239	0.0164365102700369	0.00370696551657774	0.0463804352994816	0.15911235907958	0.112731923780098
0.210986427066035	0.0734273825627649	0.163828677847147	0.25538294111358	0.0915542632664326	0.0311724632758779	0.00441725894829979	0.100626077536981	0.233041076635167	0.132414999098186
0.197621622404879	0.073137686821279	0.151129928714041	0.241251421575544	0.0901214928615036	0.0241443410959328	0.00445324228583157	0.0797182637487739	0.233747696848073	0.154029433099299
0.151050962351284	0.066127139052709	0.107951081277458	0.211230507805693	0.103279426528235	0.0119367770883239	0.00391057210877827	0.0382199358189847	0.185245575533462	0.147025639714478
0.092988645471405	0.048527814358898	0.0652354338409999	0.143825176503964	0.0785897426629637	0.00349560702682148	0.00197012946065156	0.0117336106934524	0.0879429617829102	0.0762093510894579
0.179211433396408	0.0776939653930504	0.133909434210586	0.253859510499184	0.119950076288598	0.0166192620822939	0.00446870306164098	0.0463945657480156	0.216100452130661	0.169705886382645
0.18518302869457	0.0602904041171172	0.143928485444847	0.181187781622499	0.0372592961776522	0.0251134843020059	0.00331288493059023	0.0929270602721053	0.152514840615954	0.0595877803438491
0.182136105132055	0.0688559831565345	0.139745074969946	0.246736223451151	0.106991148481204	0.0151259054010536	0.00375438387754632	0.0359327444622069	0.186805272825645	0.150872528363438
0.169717423133412	0.0593943220133414	0.12889669782737	0.196522623478403	0.0676259256510331	0.0201864352313862	0.00327806098889802	0.0734230525321384	0.190536660395728	0.11711360786359
0.196455503295828	0.0684754429821108	0.155871870473096	0.225563837174357	0.0696919667012608	0.0216353532861582	0.00381032401159985	0.0713782909031952	0.187679588049079	0.116301297145884
0.121183727188093	0.0572954662922833	0.0682579984176999	0.16402129919031	0.0957633007726105	0.0086129457389978	0.00300894545351416	0.0205799542518901	0.130838179881416	0.110258225629526
0.164346102281204	0.0672756099270032	0.122950540008769	0.223924735968079	0.10097419595931	0.0149118186157435	0.00366608765312695	0.0503328392043226	0.18783967849513	0.137506839290807
0.157639489919408	0.0692667497973086	0.128597905736896	0.250835813923113	0.122237908186217	0.0135755809683689	0.00417660474503942	0.0452120530014511	0.229049735680296	0.183837682678844
0.172856339487479	0.0661747159261584	0.138167415552237	0.236491459393735	0.0983240438414982	0.0169715979352741	0.00348544598226127	0.0508020615162244	0.179193949785891	0.128391888269666
0.186893327326683	0.0622593316728588	0.16627227186458	0.238439812448861	0.0721675405842805	0.0227177559016404	0.00305236029360967	0.0903061297392137	0.193513333926478	0.103207204187264
0.194112970498937	0.0686736702823646	0.164653873466705	0.256140879890036	0.0914870064233311	0.0218921891372491	0.0040311646460213	0.078849157405718	0.233267464824808	0.15441830741909
0.179435706945178	0.064294979003368	0.13614911497522	0.196942352350856	0.0607932373756366	0.022728440609958	0.0039052355520691	0.0818553187314086	0.189390393294415	0.107535074563006
0.130344799934872	0.0587310623950981	0.0769484226881673	0.151247259318052	0.0742988366298847	0.0126021386209462	0.00350416096758939	0.0377668970591185	0.145504529519702	0.107737632460583
0.167088421318318	0.0634249621879421	0.136604899490343	0.228935471772719	0.0923305722823762	0.0183174424850781	0.00298066111064901	0.0783403780798229	0.186024915734908	0.107684537655085
0.122753937932304	0.0569045898467446	0.0696358003739974	0.161536683670621	0.0919008832966232	0.00772058179835974	0.00275192177528901	0.0189817824868221	0.116641964707497	0.0976601822206752
0.180605337608604	0.0755547708192255	0.148467274824663	0.273633261136545	0.125165986311882	0.0148978550350028	0.00436750909051747	0.054438582810243	0.230429634179081	0.175991051368838
0.190900279525285	0.0664604203172305	0.15495261910588	0.221702156923772	0.0667495378178926	0.0299329733637841	0.00366278477262582	0.112948465633021	0.196624972294438	0.0836765066614172
0.15542862276972	0.0626039838215934	0.111152403554381	0.210352759315237	0.0992003557608565	0.0122989782205569	0.00317960518748404	0.038867802959724	0.155313408502137	0.116445605542413
0.149725396486037	0.0640103222296985	0.0968911831543931	0.201559406822066	0.104668223667673	0.0127984082495636	0.00354377758764039	0.0349705021618945	0.164678265788974	0.129707763627079
0.188399167785937	0.0721485381521534	0.146116682983501	0.248560740148297	0.102444057164796	0.0183854657332052	0.00408017608440318	0.0575170378448513	0.199910305122394	0.142393267277543
0.154664249233633	0.0635462445715258	0.118999563880184	0.233393663557475	0.114394099677291	0.0136704085742705	0.00282435165197885	0.0563005086162063	0.203883896070271	0.147583387454064
0.143860213605069	0.0671996214964891	0.0888952547189036	0.194256852756656	0.105361598037752	0.0113694342591834	0.00412539879070542	0.0273176825601222	0.174291047944788	0.146973365384666
0.159527853248052	0.0530721756071138	0.121164126158204	0.167223770760242	0.0460596446020382	0.0202751285090015	0.00257932632438157	0.0742075842794543	0.13142162390844	0.0572140396289856
0.175889883382954	0.0683872230261372	0.147594089657804	0.241942810431372	0.0943487207735686	0.0157707234492329	0.00377292998357689	0.0601741304181333	0.206714506211371	0.146540375793238
0.161826825103847	0.0647514478988427	0.135831319569265	0.22088058381141	0.0850492642421452	0.0102499385243025	0.00315074526026152	0.0403478724157188	0.152580943603953	0.112233071188234
0.141188263143103	0.0607727444496267	0.0978190094664356	0.199590649900764	0.101771640434328	0.0116066135023555	0.00241160163647544	0.0352035294413897	0.118149367526137	0.0829458380847477
0.199411241693028	0.0807828998727497	0.148298496398886	0.281001177746273	0.132702681347386	0.0217095498997214	0.00526740345979399	0.0637919532663122	0.271322299234285	0.207530345967973
0.177223679031307	0.0633789365772378	0.147150892200071	0.216329955425384	0.0691790632253134	0.0199564998711828	0.00305832452668754	0.0797950036702081	0.174646495815719	0.0948514921455111
0.148266764955635	0.0674738290449746	0.107844155151129	0.221736361500182	0.113892206349053	0.0130642152837866	0.00377672713322666	0.0457539618982324	0.192770859695696	0.147016897797464
0.198441833836313	0.0763929870722151	0.173265541608945	0.287522546757547	0.114257005148602	0.0208587636601632	0.00439802375304037	0.0817198778825668	0.269350629117217	0.18763075123465
0.171597585835221	0.0628193787108693	0.127184901453452	0.217727277726124	0.0905423762726719	0.0224398386774518	0.00330861677890145	0.0737650457803424	0.196223760912635	0.122458715132292
0.112641249492289	0.0584606773361096	0.0630780983468125	0.171195250874447	0.108117152527635	0.00698272433213727	0.00298944622899434	0.0167411223999026	0.126196154192532	0.109455031792629
0.187347930015043	0.0757652750695324	0.147586364727614	0.266361519829609	0.118775155101995	0.0159330227637827	0.00403218049362884	0.0504707002868906	0.203329502411753	0.152858802124862
0.138187701176206	0.05945420060298	0.0932203535376965	0.182359952901509	0.0891395993638125	0.0109604169860493	0.00319838931232191	0.0374973952912578	0.155446286374089	0.117948891082831
0.190899688349455	0.070432840881693	0.151991445336605	0.267750839079466	0.115759393742861	0.0185360556887285	0.00373641661251371	0.0602911110531643	0.217888498412217	0.157597387359053
0.149638189824927	0.0617898049523602	0.100812908398627	0.187970323340372	0.0871574149417451	0.0123433608124136	0.0033734229068792	0.0344249419725278	0.141225943045833	0.106801001073305
0.127132431560271	0.0547333512542086	0.0797917635093143	0.174921561660855	0.0951297981515407	0.0102941169185822	0.00237431018574972	0.025171086758657	0.117248915944275	0.0920778291856177
0.150783326036283	0.0589706086547692	0.0995634990879851	0.180782801854531	0.0812193027665459	0.0162758628784636	0.00301167987319293	0.0453475201735965	0.147460004540058	0.102112484366462
0.145969431876129	0.0576222825989967	0.10057020990253	0.188717258923906	0.0881470490213758	0.0141224993703619	0.0029632193143743	0.0419061043131144	0.148293797593584	0.10638769328047
0.164739251183487	0.066222975905688	0.12959582145127	0.243414886679311	0.113819065228041	0.0140951988332642	0.00349698862388872	0.0517305687845351	0.211580856232488	0.159850287447953
0.137754611973403	0.0587625259894574	0.0919705531950072	0.166778685179953	0.0748081319849462	0.011342350474366	0.00327910648469852	0.0361844219216086	0.138191422900571	0.102007000978962
0.199189882493834	0.0692809198524624	0.18780235956136	0.286372421911246	0.0985700623498852	0.023194092656712	0.00367357208983538	0.101139554313675	0.255387886456037	0.154248332142363
0.117529918900173	0.0503823509846548	0.0683882225421813	0.133571935606429	0.0651837130642472	0.00901136650183306	0.00244626107921735	0.0271012236331269	0.101121806316753	0.0740205826836265
0.165275033107178	0.0703852129371141	0.123098615104139	0.245756961860781	0.122658346756643	0.0119124548329557	0.00359075426260244	0.0382471889082442	0.189382146054342	0.151134957146098
0.183069814513666	0.0620483391978665	0.152974536681284	0.199082610714409	0.046108074033125	0.0207862766121217	0.00335213768947259	0.0858841688407762	0.167903491505528	0.0820193226647515
0.210692527936498	0.0728550905483259	0.178785194534545	0.271147452994862	0.0923622584603165	0.0279522099107675	0.00377377842353662	0.105007529726604	0.226289856489432	0.121282326762828
0.142572777760288	0.0559800143424964	0.0853070606771708	0.164671804535821	0.0793647438586498	0.0112960389800088	0.00289622005391512	0.0289027334804148	0.12765495834206	0.0987522248616447
0.171957282705908	0.0736750746506933	0.12796482156458	0.246918920256731	0.11895409869215	0.0169963707674957	0.00479397389620271	0.0562595765748924	0.256585739607784	0.200326163032892
0.136126399766263	0.0628619639980162	0.0923318454121302	0.192742713128317	0.100410867716187	0.0103754093261954	0.00338631850464636	0.0284015424869224	0.164933808563542	0.136532266076619
0.158343452895763	0.0590365687958508	0.122211630426826	0.219195718299679	0.0969840878728524	0.0160741716446643	0.00263172270788705	0.0490660674275887	0.169123841120551	0.120057773692963
0.159954181222327	0.061610584006807	0.116201027907057	0.201563444920329	0.0853624170132722	0.012873463674662	0.00310520110624297	0.0406608169431028	0.151737156699314	0.111076339756212
0.156212537678954	0.062407483329492	0.121686180114829	0.217843453455824	0.0961572733409947	0.0136700446622233	0.00341420195830777	0.0505078105922021	0.189423012756529	0.138915202164327
0.165628210099136	0.0676324548971984	0.114081053319037	0.220429450837033	0.106348397517996	0.0135928101625012	0.0033519587353124	0.0386612389637824	0.153289994691651	0.114628755727868
0.155978064310038	0.0628700554022484	0.118113020551131	0.226991228676129	0.108878208124998	0.0111832989565191	0.00282627417010043	0.0390139871577589	0.162714570668969	0.12370058351121
0.172115487809061	0.0668669512632247	0.140560220654608	0.256005951854185	0.115445731199577	0.0127301714591641	0.00255896735945797	0.04517466440957	0.151402628230861	0.106227963821291
0.190059765633035	0.0740031537662047	0.161606941204658	0.297217512569726	0.135610571365069	0.0170864537324311	0.00384858902292845	0.0603657750410314	0.246359672244431	0.185993897203399
0.138000394800426	0.0488054966348465	0.079488055806592	0.12574204779266	0.0462539919860684	0.0169652716610429	0.0027924552541259	0.0414513809142438	0.109986006664625	0.068534625750381
