collection_date	latitude	longitude
17	1982.25	36.5913801034591	-79.5902689487189
8	1982.33333333333	36.4605730725425	-79.1560232282874
41	1982.41666666667	38.6747343567542	-79.8926634547371
47	1982.5	36.9418130711137	-79.7283893363951
25	1982.91666666667	38.7783605979717	-78.3423301459267
18	1983	36.1957981057145	-78.4518821083416
26	1983	36.6392816162639	-77.7871517349251
35	1983	35.7143934605335	-79.671388891243
36	1983.33333333333	37.8252816676053	-79.7014583475742
13	1983.66666666667	37.2642720095602	-79.8668096141214
56	1983.75	39.0055197760977	-77.5046224472295
50	1983.83333333333	36.3552833553451	-77.0063740389691
64	1984.08333333333	37.8745991549355	-78.8178292750854
43	1984.16666666667	38.4858283356542	-78.5651840828489
74	1984.58333333333	35.5660747991632	-77.2962076329285
79	1985	37.2989037506228	-78.6494209447909
86	1985.08333333333	37.9729655697521	-78.3285355270092
57	1985.33333333333	39.3881472813277	-77.8536077147143
82	1985.5	37.3390741142256	-80.7643118722848
73	1985.58333333333	37.0041312463199	-81.2046281533306
87	1985.75	37.8745991549355	-78.8178292750854
69	1986.25	39.4374292737927	-80.5287238504306
106	1986.25	35.2545793341509	-80.2729057648761
91	1986.41666666667	37.5176247121233	-79.9283839317579
16	1986.5	37.4430907627348	-79.830324752931
62	1986.5	38.8135671549551	-80.0405627648198
98	1986.5	37.735653558223	-81.1608411317288
109	1986.5	39.5607137503798	-80.3049078695168
111	1986.58333333333	36.2178084918584	-77.4686779966896
105	1986.66666666667	39.4374292737927	-80.5287238504306
44	1986.75	38.8135671549551	-80.0405627648198
108	1986.75	39.8414786038905	-80.3035492814033
107	1987.16666666667	34.8439941285917	-80.4255329450429
113	1987.33333333333	39.7222073581188	-79.8786126707748
112	1987.58333333333	38.9005720901561	-79.8723377325352
96	1987.66666666667	38.3147951706032	-80.5152401872725
102	1987.75	39.022176588592	-79.1742196255051
120	1987.83333333333	36.0363367114915	-77.4342749706761
54	1987.91666666667	36.3835375993673	-78.873859045735
123	1988.08333333333	37.5435356227608	-79.8028017104865
70	1988.16666666667	37.3557517157101	-80.2156985762352
126	1988.83333333333	38.9746999946542	-80.2717698301158
127	1989	39.2575422975925	-80.3016689866553
38	1989.08333333333	38.2478279434707	-79.3609631255131
124	1989.16666666667	35.9892300383094	-77.7973975627013
128	1989.16666666667	37.097245065345	-79.552605976467
132	1989.41666666667	38.2349997469393	-79.9484507901378
97	1989.5	39.1475720234171	-79.6328929189472
140	1989.58333333333	35.4653200664083	-78.133612630905
139	1990.25	39.5827943151494	-78.9483591241672
136	1990.5	37.6298443328239	-79.9076027121852
137	1990.58333333333	36.9418130711137	-79.7283893363951
101	1990.75	36.3835375993673	-78.873859045735
150	1990.75	37.5759347820145	-79.581504692498
130	1991	35.700744618621	-76.8675894158906
157	1991.75	37.4299913720954	-79.3630235216859
114	1991.83333333333	36.8038654945223	-81.4577080833346
155	1991.83333333333	39.9391814410684	-76.9540912074333
156	1992	37.5420147037004	-79.2514503808091
99	1992.41666666667	38.0018951740459	-79.378868240373
166	1992.83333333333	38.0540297050388	-80.4063379761752
176	1992.83333333333	39.2352232642518	-79.407998609537
160	1992.91666666667	39.757153499363	-79.2047936250829
163	1993.33333333333	36.9696571270532	-79.1289568031175
116	1993.41666666667	35.6524061753349	-77.9541204703797
164	1993.5	34.3267822836398	-79.5117844185331
169	1993.75	36.1957981057145	-78.4518821083416
182	1993.83333333333	40.3114552228763	-77.9863215720724
167	1994.08333333333	38.1526147919954	-80.5182048984078
131	1994.16666666667	36.3552833553451	-77.0063740389691
152	1994.58333333333	38.4678714042126	-79.5146788765086
162	1995.16666666667	36.8436586941847	-80.5306847975288
195	1995.16666666667	40.0361788656886	-78.5784112944689
180	1995.25	37.0626876668133	-81.4808649364553
200	1995.25	39.7222073581188	-79.8786126707748
201	1995.25	39.4017869614556	-79.8800557749527
174	1995.5	39.5331258560304	-80.0639750319621
192	1995.83333333333	39.8414786038905	-80.3035492814033
172	1996.58333333333	40.0641698043761	-76.6129277859101
213	1996.75	39.9097748648878	-77.9210904773563
222	1996.75	36.7156681472519	-78.339224223262
210	1996.83333333333	37.3931116420744	-81.1293699377351
221	1996.83333333333	35.2586004860477	-79.7354268877676
193	1996.91666666667	40.5930745895614	-78.6599643883674
212	1997.25	39.8123744411158	-77.1767991183598
219	1997.25	36.3400157204936	-77.9605162410368
189	1997.5	39.260912210947	-80.0627975753234
143	1997.66666666667	39.1880969236156	-81.1301688563097
227	1997.66666666667	38.4072770260786	-80.2357167225859
230	1998.5	38.4650639612486	-79.2859246839639
197	1998.58333333333	38.7576635720909	-79.2567409366794
241	1999.08333333333	36.8571625621982	-77.4929864683106
199	1999.83333333333	38.4509145945755	-77.2330150950298
233	2000	39.022176588592	-79.1742196255051
220	2000.25	36.402441728583	-79.3906079723932
208	2000.33333333333	36.2584193370726	-79.8878060494459
238	2000.41666666667	40.7742100749175	-80.1813983770321
235	2000.66666666667	40.2607215648221	-75.8654569195535
188	2000.75	39.5331258560304	-80.0639750319621
229	2000.75	37.9729655697521	-78.3285355270092
244	2001.08333333333	39.149567681906	-78.6437718266592
243	2001.5	35.8039590237993	-78.5655434624834
258	2001.5	38.0431764961892	-79.6279311980211
261	2001.5	39.3028696662163	-79.0762390671144
224	2001.75	39.5827943151494	-78.9483591241672
247	2001.91666666667	37.0155083812366	-80.2876691367662
249	2002.08333333333	38.0426617419336	-79.8048033033504
239	2002.58333333333	40.9018670001498	-77.6338119796551
259	2002.58333333333	38.6827690646905	-79.684744506843
265	2002.91666666667	37.0811779472264	-81.2294447091168
226	2003.08333333333	39.014417247904	-80.0562851149231
205	2003.16666666667	37.767910525311	-79.1675846216317
246	2003.33333333333	37.1325941199737	-81.3733828927495
158	2003.41666666667	36.5791262545371	-81.0475104233732
234	2003.41666666667	41.2775077286235	-77.6066512307408
260	2003.41666666667	39.3028696662163	-79.0762390671144
250	2003.5	36.5880181262685	-78.8343407482932
266	2003.5	36.4054644109279	-77.6381986750701
268	2003.5	36.9202087583602	-80.9223686380377
263	2003.66666666667	35.9792338654731	-79.8482346624694
245	2004.08333333333	38.4650639612486	-79.2859246839639
277	2004.25	36.3835375993673	-78.873859045735
214	2004.41666666667	37.4061645002929	-78.150057376373
161	2004.5	39.2787906819855	-76.1485345805777
237	2004.66666666667	39.1475720234171	-79.6328929189472
252	2004.7	34.8170169246098	-76.6462818439326
