collection_date	latitude	longitude
65	1982.41666666667	40.6515679581173	-79.5988438536326
126	1982.41666666667	41.2993729710039	-78.9101232076506
79	1982.66666666667	38.7897517977419	-76.3894446364111
121	1982.66666666667	38.1491733890956	-77.102564481196
101	1982.83333333333	38.7542301928399	-78.5371326428812
63	1982.91666666667	40.6940106336751	-79.6417132410812
90	1982.91666666667	36.7414733493455	-77.1686722699321
94	1983	41.6035871147525	-78.9207750408829
100	1983.25	38.9882190475139	-78.5604683937813
59	1983.5	37.5966374112038	-76.8284228550157
113	1983.58333333333	40.7352640026256	-80.1900702664697
122	1983.58333333333	41.2475660243369	-77.9935701994325
73	1983.83333333333	40.5852679841919	-79.6573351771894
77	1983.91666666667	39.2050856795627	-78.8614534862867
111	1983.91666666667	41.540784441965	-79.2119306969887
141	1984	41.4450465381973	-79.7402782152604
142	1984	39.6762017933611	-77.1068327230748
112	1984.08333333333	41.0542921658818	-80.4171735296663
145	1984.08333333333	37.2967894131315	-78.8413709885694
58	1984.16666666667	38.4073909989277	-77.1670591707333
104	1984.16666666667	40.7748746869805	-79.4112370609631
178	1984.41666666667	39.8777623710284	-78.6776836713859
105	1984.5	40.694797224519	-79.7203352804539
16	1984.58333333333	41.4991255875823	-80.6190918495285
92	1984.58333333333	37.0015450790786	-77.5283914181115
164	1984.58333333333	40.9487483031393	-80.0854667853746
124	1984.66666666667	40.6182092990732	-79.3531071309875
64	1984.75	41.6437787891443	-79.0400955074105
109	1984.75	40.7344377697749	-79.7555895902349
156	1984.75	36.4889609514804	-80.6069285655239
134	1984.83333333333	41.2290476367551	-80.2665362543438
103	1984.91666666667	40.5276829413928	-79.3894538433028
192	1985	41.0033865148816	-78.7185673139417
160	1985.08333333333	36.7472692980648	-79.822901518611
191	1985.08333333333	38.6435308635607	-80.0316411249666
102	1985.16666666667	40.4248333802771	-79.3251448441568
22	1985.25	37.3753146792302	-78.6571669626378
173	1985.25	40.9000068333048	-79.5951218424935
74	1985.41666666667	36.7303286046185	-77.7098539827227
174	1985.41666666667	36.7758090289786	-78.8457104912466
207	1985.41666666667	38.6275101234086	-78.0230316047794
161	1985.66666666667	37.0180855835124	-79.6424756150673
135	1985.75	41.7028781229963	-80.8889455902875
184	1985.75	40.7014475483921	-79.5489136699085
86	1985.91666666667	36.7414731279475	-77.1686722371675
193	1985.91666666667	41.4011688347519	-79.2013531364871
167	1986.16666666667	41.6437785094333	-79.0400955201203
75	1986.25	38.8937676392404	-77.181171714968
179	1986.25	40.1361405983603	-78.773647353597
136	1986.41666666667	36.6542033647953	-77.6826638783211
157	1986.41666666667	36.5175843933872	-80.2903884783811
218	1986.58333333333	41.5188374828873	-78.4996479358253
115	1986.66666666667	40.5442538492679	-78.4897462096572
196	1986.66666666667	41.0652633414258	-78.3591298301612
129	1986.75	40.7387497298724	-80.1603827457575
87	1986.83333333333	38.0923181505085	-76.2380588819916
117	1986.83333333333	39.6777947626367	-78.982537159973
152	1986.83333333333	40.0668699108087	-78.1159137336938
209	1986.83333333333	36.9018953770292	-79.5463389248969
220	1986.83333333333	40.0435389374122	-78.3294858601938
213	1987	40.9011654578515	-80.1673223238202
194	1987.08333333333	41.4987644814811	-79.1437478203838
200	1987.08333333333	39.1306400480272	-77.6487598802191
212	1987.08333333333	40.9093136248205	-80.235772805569
224	1987.08333333333	41.2471479245121	-79.1741623787249
230	1987.25	41.2641677332558	-77.8198706051971
225	1987.33333333333	41.5188374618529	-78.4996479402261
143	1987.41666666667	37.1069681097088	-76.6342324729705
130	1987.5	40.2193443426278	-78.5044705939355
171	1987.5	41.0652632922169	-78.3591296898774
25	1987.75	37.6711265344545	-78.5990636171132
35	1987.75	41.0840517665394	-79.8917605648908
217	1987.91666666667	40.9787843333593	-78.9445957133018
234	1987.91666666667	40.7746335350378	-77.4230028937686
229	1988.08333333333	41.1550611456662	-79.7742339492926
146	1988.16666666667	40.7991820527208	-80.365439951951
252	1988.16666666667	36.700765789934	-78.9077237896785
165	1988.33333333333	40.9068574631202	-79.7752492532958
208	1988.41666666667	36.7414729817389	-77.1686723513261
257	1988.41666666667	41.1687642101736	-79.5818723387581
239	1988.5	40.7477272356017	-77.3421978861542
216	1988.58333333333	41.1233856048356	-79.1502612019538
205	1988.66666666667	40.4941494937293	-79.2709956586829
78	1988.75	37.5966371895302	-76.8284231335603
268	1988.75	40.1560042031718	-77.6770265304368
116	1989	40.1896966571359	-77.3802962959566
259	1989	36.9218400641878	-80.226782615407
163	1989.16666666667	37.0447707957225	-77.3824876122697
227	1989.16666666667	40.7170035524692	-78.9769009110977
221	1989.25	40.1117452635048	-77.9124455828457
226	1989.25	40.4849958029332	-79.4671718543203
147	1989.33333333333	40.8438036388326	-81.0423078150591
247	1989.83333333333	41.2155749509649	-78.6393242001608
250	1989.83333333333	41.2641675892456	-77.8198705949484
232	1989.91666666667	40.219344392388	-78.5044705849025
276	1989.91666666667	37.5066614277094	-76.4021304348704
203	1990.08333333333	40.7913441132622	-80.0017068413177
169	1990.41666666667	39.9897457118672	-77.0519946834077
284	1990.58333333333	39.1603406378028	-80.9660596201455
186	1990.66666666667	41.0010203681331	-79.3014215283165
264	1990.66666666667	36.5732415259304	-78.0871018888433
265	1990.66666666667	36.5668852608089	-77.5664178978696
289	1990.66666666667	37.7162696258472	-77.9256234843545
269	1990.83333333333	40.7746332954459	-77.4230028195878
282	1990.91666666667	36.6865712641553	-79.6501425039403
187	1991	38.7307290502864	-77.090358459837
295	1991.25	36.7501331103172	-77.0778361691953
277	1991.83333333333	38.7897514281985	-76.3894446463025
241	1991.91666666667	38.8344138754021	-79.5302865236724
294	1991.91666666667	36.7156688614244	-78.5769035454728
303	1991.91666666667	36.685495066156	-80.4949829715906
317	1992.08333333333	36.9891696355868	-82.0530949514018
321	1992.08333333333	39.5366003450652	-77.9774185177861
319	1992.16666666667	36.8072952539624	-81.4496277192862
331	1992.25	39.9897457694124	-77.051994397403
312	1992.33333333333	37.4210805733702	-82.5994191896763
336	1992.41666666667	36.7303281216626	-77.7098541553066
328	1992.5	37.1157314633182	-80.9231550557576
182	1992.58333333333	40.5451184225864	-81.0069733039211
315	1992.66666666667	39.8009922476449	-77.423266263948
159	1992.91666666667	41.3626463652667	-81.518746964698
318	1992.91666666667	36.7646733907783	-81.0881623095474
350	1992.91666666667	37.1069679412758	-76.6342327266557
309	1993.08333333333	41.4850893212824	-79.5976079625909
334	1993.16666666667	36.700765611973	-78.9077240018529
308	1993.25	40.1580597144312	-79.9063751341848
210	1993.5	38.9006757398244	-81.7646059687842
270	1993.5	39.3462978141722	-77.3121912008604
278	1993.5	36.4582032646296	-80.9358154523124
281	1993.66666666667	41.2993717774249	-78.9101229961922
288	1993.66666666667	39.6762008724516	-77.1068331254555
326	1993.75	37.3122862995778	-82.5620351950736
329	1993.75	37.1372457187606	-81.3196535257032
311	1993.83333333333	39.5118152373535	-76.9212044722278
376	1993.91666666667	37.9214040870083	-77.7013777504893
149	1994	41.0682304482969	-80.2945945057856
345	1994	39.1603405068667	-80.9660600495909
366	1994	38.0999375200627	-77.1864253625152
287	1994.25	41.4088887297296	-78.6265660848821
375	1994.25	40.4556827042108	-79.4218585345227
368	1994.41666666667	36.914419661583	-77.9633419662859
355	1994.5	36.5762288592258	-78.478435743079
344	1994.91666666667	38.9095843724756	-80.5394228302642
395	1994.91666666667	40.5865386065951	-77.7109594173788
392	1995.08333333333	40.7477274900711	-77.3421973221443
412	1995.33333333333	36.7414727625149	-77.1686726234326
337	1995.41666666667	36.5248497909085	-78.0385236517307
400	1995.41666666667	37.1069678422286	-76.6342327785869
414	1995.41666666667	36.8039687429447	-79.0431305793775
410	1995.5	38.9931511142443	-76.8008511225079
198	1995.58333333333	37.6625391504153	-76.3734926949306
397	1995.58333333333	39.4280985978309	-78.8301496766814
347	1995.66666666667	38.8937666519347	-77.1811707664767
416	1995.75	36.8304765163919	-79.239798113923
418	1996	36.8650797452071	-79.9441320957871
393	1996.08333333333	38.1491728558352	-77.102564614149
423	1996.08333333333	37.6625391446354	-76.3734927199985
407	1996.16666666667	37.6625391446354	-76.3734927199985
417	1996.16666666667	36.5732413228063	-78.0871021087972
358	1996.33333333333	36.7156688658534	-78.576903936801
403	1996.33333333333	37.851736627593	-82.4293740557376
411	1996.33333333333	38.5076327423999	-76.7208919499478
389	1996.41666666667	36.7042841865088	-79.5221034080674
404	1996.41666666667	36.4629964652928	-80.4092387981219
430	1996.41666666667	38.8308180835702	-77.9821691282345
340	1996.5	36.5545028652962	-78.4856614023597
401	1996.5	37.160835615826	-78.1908128901509
363	1996.58333333333	37.2046714504931	-77.0923379118878
442	1996.58333333333	39.6132907219692	-78.7413230737163
452	1996.66666666667	37.5066613232062	-76.4021306358045
455	1996.75	40.4103143628902	-79.413440534331
381	1996.83333333333	37.0447704489145	-77.3824879077853
449	1996.83333333333	41.3531135765517	-80.166783370921
236	1996.91666666667	36.8415940739913	-79.3487193455005
405	1996.91666666667	36.4183892938145	-80.4524872017555
384	1997.5	40.9809531343349	-78.4274827428666
408	1997.58333333333	37.1157308740055	-80.9231549700869
370	1997.66666666667	37.8269658979435	-82.2634744950783
413	1997.66666666667	36.8039688123963	-79.0431307871165
438	1998	36.8938813144256	-81.2278921583168
454	1998.08333333333	40.5410988295937	-79.5857266746168
354	1998.16666666667	40.9809529243726	-78.4274830164347
470	1998.16666666667	39.7956776483966	-78.8378356477834
386	1998.41666666667	41.4204635184384	-78.7995234843088
483	1998.41666666667	37.965776130828	-81.6316858542648
490	1998.41666666667	37.4256588519727	-82.5026047529836
468	1998.5	40.7772471892418	-80.9616855835657
352	1998.58333333333	37.7545945441708	-77.2847571437268
302	1998.75	36.7848106915278	-80.3598810476243
474	1998.91666666667	41.445160529	-81.146817362968
504	1998.91666666667	37.439250609631	-82.6044348364566
422	1999	38.4073918327685	-77.1670582803699
463	1999.08333333333	39.2050852268997	-78.861454373867
500	1999.08333333333	41.454099209638	-81.2865441359767
473	1999.16666666667	41.4156583852695	-80.9857104607135
482	1999.16666666667	37.9657762515157	-81.6316859492464
501	1999.33333333333	41.3322071422151	-81.1630303533222
286	1999.41666666667	40.5451186150349	-81.0069746036697
427	1999.41666666667	37.9214049057352	-77.7013768551419
394	1999.58333333333	40.4764095745478	-79.119131856306
492	1999.58333333333	40.7746318735697	-77.4230041878542
458	1999.83333333333	37.6881858190091	-82.2502156705836
529	1999.83333333333	38.092318815145	-76.2380563359831
511	1999.91666666667	39.4218681920444	-78.942422013657
406	2000	36.5545028214395	-78.4856616447033
524	2000.08333333333	38.0461334695557	-76.7488835226843
323	2000.25	41.1687637938337	-79.5818745576774
505	2000.41666666667	37.54798010265	-82.7095481843352
510	2000.41666666667	39.4198375645924	-78.9616281414875
516	2000.5	37.5066614748389	-76.4021307071464
537	2000.5	40.2843769119752	-79.067328644576
552	2000.75	37.603546171759	-81.6302877527848
496	2000.91666666667	37.5014251936193	-82.6044676051533
558	2000.91666666667	39.2396767976677	-76.6637563802815
508	2001	41.1440763227315	-79.9951593584936
459	2001.08333333333	36.6452093277766	-80.9637864077953
506	2001.08333333333	37.9510380946045	-81.5212774637308
527	2001.16666666667	36.7153536176576	-80.2078215223031
398	2001.25	41.0971832726112	-80.1564645047087
460	2001.25	38.215129823926	-81.7886367872242
382	2001.33333333333	40.8490083163624	-79.7135720967187
494	2001.58333333333	39.8135456472325	-79.1121733758724
551	2001.66666666667	40.5545759104115	-79.5254947990306
572	2001.75	39.0566647532617	-78.8530687090983
499	2001.83333333333	39.278529103294	-77.9322685326509
532	2001.83333333333	40.7893513561801	-80.0981763585901
556	2001.91666666667	38.9932469435918	-78.6480196242243
564	2001.91666666667	37.6530637583734	-80.6051190146235
535	2002	38.6772819279337	-78.0178423110462
465	2002.08333333333	40.5118860094503	-78.7290024301674
543	2002.08333333333	40.7803737533308	-79.4930485849397
544	2002.25	38.78975292372	-76.389440751843
566	2002.25	39.5366003863895	-77.9774194797294
559	2002.33333333333	38.4178016672329	-76.3293750086713
570	2002.41666666667	37.224297162744	-83.0723257435822
432	2002.5	41.1233843970939	-79.1502619736478
461	2002.58333333333	37.4084574524742	-82.1122764400951
520	2002.66666666667	36.9325114149671	-78.8981885069715
549	2002.75	38.199698927839	-78.314564655262
596	2002.83333333333	37.3581096167651	-81.5583343889427
600	2003.16666666667	37.5341321784559	-82.7747948252651
553	2003.16666666667	37.7180413904687	-81.5887454972945
599	2003.25	40.7628140023223	-78.1480142749241
539	2003.33333333333	37.8932674839037	-81.167289409481
614	2003.58333333333	39.4280985278794	-78.8301505021045
578	2003.58333333333	38.8531528997131	-78.1982337977931
562	2003.58333333333	40.9787825501809	-78.9445975022051
610	2003.66666666667	38.7346809375434	-81.5228693302084
471	2003.66666666667	40.7130454596947	-78.817533610722
530	2003.66666666667	41.0130530076795	-80.6527687089112
607	2003.75	37.1889848817011	-79.3756932206184
486	2003.75	36.7758087340965	-78.8457118493039
521	2003.75	36.7501328542403	-77.0778366939285
399	2004	39.3692363904302	-78.5790740773648
533	2004	40.4217707694347	-79.3732892276993
612	2004	39.6907099539805	-78.9327447599938
528	2004.08333333333	38.4178017010172	-76.3293749768397
555	2004.08333333333	37.2741183991445	-79.7299479039604
587	2004.08333333333	38.8804829770648	-78.5871866963612
613	2004.08333333333	40.2654380883139	-79.2810903668781
588	2004.16666666667	36.4375936913014	-81.4438229582856
595	2004.25	38.880482971291	-78.5871866979706
489	2004.25	36.589179917882	-80.0409553126463
620	2004.25	37.408457303466	-82.1122765871338
554	2004.33333333333	38.2389974102309	-80.2200286549918
624	2004.33333333333	37.5052053961955	-82.431331422377
629	2004.33333333333	38.2704713491591	-78.9392688673394
627	2004.41666666667	37.5744337692861	-82.6314472902395
518	2004.5	37.9198276255253	-79.0062998922097
592	2004.58333333333	39.8486838050788	-78.9363730109385
561	2004.66666666667	40.6683075755261	-78.3011448133456
565	2004.66666666667	37.8726397812453	-81.0081207087192
619	2004.7	38.2704713576281	-78.9392688551683
