collection_date	latitude	longitude
28	1982.25	38.5662663458609	-82.6267043553813
50	1982.33333333333	41.2850079459891	-78.2257824315617
49	1982.5	38.1463973255221	-79.9321958628968
20	1982.66666666667	38.1858605449671	-80.2981290064899
8	1982.75	39.2149782892272	-79.8816394356369
55	1982.75	38.6132417923919	-81.1962223853594
18	1982.83333333333	38.0029940104481	-81.0856650693044
40	1983	37.7554448093765	-77.1924392622249
22	1983.16666666667	37.5339456074155	-80.652696300146
52	1983.16666666667	38.6735765355967	-77.351351887278
66	1983.25	38.7605062138451	-81.6554844623382
30	1983.33333333333	38.8069439398736	-82.9371491427696
75	1983.75	37.7041780606937	-81.5570678081068
57	1984	39.7691477038535	-78.9490384524634
69	1984.25	41.9718084229563	-77.8560850090063
70	1984.58333333333	37.8497506246521	-81.2122686235273
34	1984.66666666667	38.2002576522538	-78.1311339288064
38	1984.83333333333	38.1242632613682	-83.447709186976
91	1984.83333333333	40.3634301950932	-78.1361106039579
83	1984.91666666667	39.3546761494087	-78.6759051488389
95	1984.91666666667	39.3765441671978	-79.997258591308
85	1985.08333333333	39.0067240616246	-78.010623405433
29	1985.33333333333	38.2519488781385	-82.2926453320735
54	1985.58333333333	38.7748381453084	-80.6679165938103
93	1985.58333333333	40.4546719474859	-78.9958575170461
68	1986.08333333333	40.5522660506937	-77.2603235214792
104	1986.08333333333	39.8053632034927	-79.6370370518168
63	1986.41666666667	39.7849513447146	-78.4080067035399
64	1986.75	38.0104884794699	-83.1891580939717
84	1987.16666666667	37.6397642966526	-77.3191522434472
58	1987.25	39.8936051950432	-75.9433823268615
112	1987.33333333333	39.7637356540328	-80.5063761223441
113	1987.5	40.3822033981686	-79.7389056381574
89	1987.66666666667	37.6956996855543	-81.7708000716846
116	1987.66666666667	40.0575452345795	-77.4153892332877
107	1987.83333333333	37.6242612941651	-80.1648908763141
132	1988	39.8926718910816	-76.8778910593016
48	1988.41666666667	38.611079815126	-78.05747490097
67	1988.41666666667	37.186714713055	-82.2795810362133
130	1988.66666666667	40.4024229389451	-76.5999986597452
131	1988.66666666667	40.3634301214958	-78.1361105828316
82	1989.25	38.3233807227369	-79.7029554627957
149	1989.5	37.4079282568831	-82.8181235871188
147	1990.08333333333	37.3237955862489	-77.803368675263
62	1990.16666666667	37.8238167610219	-80.6683322959845
99	1990.25	37.0975530681621	-77.0193363005238
139	1990.33333333333	38.8066525136304	-82.5290283616065
136	1990.66666666667	37.9326454690735	-76.1302717692523
153	1990.91666666667	39.3962416468487	-79.6431685965251
160	1991.08333333333	38.6108880673719	-80.2266465192477
118	1991.16666666667	38.754194666931	-79.6124200592913
120	1991.25	38.779106418782	-82.1761984971326
140	1991.25	40.8343438489363	-78.3852129982389
144	1991.41666666667	41.0370944745793	-78.032148231155
169	1991.58333333333	37.9041856560747	-82.1204177522421
125	1991.75	36.9493894521972	-77.5004827989556
126	1992.08333333333	37.1383440819298	-77.5380719095294
177	1992.25	38.3862758120322	-80.7468747555945
156	1992.58333333333	39.2240789656472	-78.8988562979487
163	1992.58333333333	39.5518733252718	-79.7616498412111
145	1993	39.5703281471202	-78.2730657591894
161	1993.25	38.9870928939183	-80.4614498566716
185	1993.25	38.1346228294128	-82.3885889880532
167	1993.75	38.0029952371135	-81.0856646783495
152	1993.83333333333	38.9093124942232	-80.7587937149715
135	1994	39.5492720943445	-76.1699888016937
189	1994	38.2539157315802	-78.7003139202122
176	1994.16666666667	37.8052620541158	-80.333026997931
186	1994.16666666667	38.1227743640099	-78.9313133326046
137	1994.66666666667	40.0988224979289	-79.615516949746
204	1994.66666666667	37.5601346488115	-76.3761005359371
195	1995.08333333333	36.8187472931107	-76.7221649230008
182	1995.41666666667	38.2093963042395	-82.790772522107
201	1995.41666666667	36.7887344626552	-80.8335109275923
191	1995.83333333333	37.6763181826659	-80.8190385496724
211	1996	36.8220549687789	-80.7435945618812
150	1996.41666666667	40.5488458240465	-78.5217483138493
77	1997	38.4063436942799	-77.7466364026145
146	1997	37.3237959798427	-77.8033686190918
226	1997	35.9472049606137	-77.6050060489033
210	1997.16666666667	37.0492317053	-81.5403817063057
208	1997.25	39.4206747046619	-77.1447515124304
178	1997.41666666667	37.4309592387918	-79.0974365297411
193	1997.83333333333	36.9031162303601	-80.2595985014054
164	1998	39.8103788518849	-77.5431187879024
162	1998.16666666667	39.096111197648	-80.9078645981896
190	1998.16666666667	38.6108884522693	-80.2266465176498
213	1998.5	37.3915628007035	-79.6498571601181
245	1998.5	37.283525174854	-81.4817926048917
231	1998.58333333333	38.1463977129408	-79.9321963426037
222	1998.75	39.2079744276599	-80.6328488699398
214	1998.83333333333	37.75544590036	-77.192438654801
247	1998.83333333333	37.391562806425	-79.6498571788363
203	1999	37.5664952497737	-79.8113709253969
244	1999	37.3075718287178	-81.6879003335749
235	1999.16666666667	35.6524463638331	-77.9038362749384
240	1999.33333333333	38.806652674121	-82.5290280830749
264	1999.5	36.013281759345	-77.6258436707944
183	1999.58333333333	38.9870929334709	-80.4614498417252
258	1999.58333333333	37.4613420688411	-78.329037572697
232	1999.75	39.5360092350163	-79.4046726556896
237	2000	37.5739451881794	-83.0417810195004
205	2000.16666666667	38.2504970212446	-76.8008801501431
277	2000.33333333333	37.8098845144095	-81.8624221604952
278	2000.5	38.0812123188169	-79.5464093198597
243	2000.66666666667	37.483483027295	-81.7436809544599
256	2000.66666666667	37.6763181934371	-80.819038462772
229	2000.75	39.5703277725317	-78.273066045336
268	2000.75	37.5662694883898	-83.1520185494354
280	2000.75	38.894838589078	-77.0665215109924
286	2000.75	36.0132817295326	-77.6258435733669
248	2001	35.9581550979287	-78.5375375783048
276	2001.25	38.3016635171738	-81.2741778240177
215	2001.33333333333	38.019051832981	-76.5024380154015
281	2001.75	37.9892918195767	-77.0250377958518
287	2001.75	35.8621886246669	-77.8401454052139
285	2001.91666666667	37.1383445342594	-77.538071800001
290	2002	35.9503218348478	-75.9369381614431
223	2002.41666666667	38.6108887161043	-80.2266465191479
270	2002.58333333333	36.9999899322376	-75.8077418268331
252	2002.66666666667	37.6178079445409	-78.663799096337
298	2002.83333333333	38.4063436220325	-77.7466361972229
228	2003.08333333333	38.0190090553051	-77.2625594915953
293	2003.08333333333	35.8955650364042	-75.9132144201898
246	2003.16666666667	38.1858617274764	-80.2981285101459
249	2003.25	35.7177030817166	-78.2129716384524
292	2003.25	36.0706652215636	-75.906365749439
273	2003.41666666667	38.1026953758111	-77.639300677333
274	2003.66666666667	38.3006509300236	-77.3559035644996
209	2003.83333333333	39.1761961270472	-79.5117223586236
315	2003.83333333333	37.7599424031497	-79.9780233430994
307	2003.91666666667	37.7508771585857	-83.3577863855103
310	2003.91666666667	38.3812345910754	-78.474638051684
311	2003.91666666667	38.7980914378094	-78.3958277451735
305	2004.08333333333	36.5513078243896	-77.4563514133546
295	2004.08333333333	36.8709569983686	-77.8704022539721
300	2004.16666666667	37.6938621770634	-83.576808694399
302	2004.41666666667	37.1383442823869	-77.5380716692941
294	2004.58333333333	36.9493894812969	-77.50048248908
254	2004.66666666667	37.8238173617571	-80.6683322032069
319	2004.66666666667	37.8362241854876	-76.4684157213652
