collection_date	latitude	longitude
30	1982.41666666667	38.480603434595	-79.6243031761954
33	1982.41666666667	38.4349122142041	-79.0650596723695
41	1982.41666666667	39.1692146526297	-78.8205228975889
24	1982.75	38.1189556158895	-80.0089824235135
3	1982.91666666667	36.8645856843951	-80.317836761318
31	1983	38.480603434595	-79.6243031761954
32	1983.08333333333	38.7546634509749	-78.4345724337352
45	1983.25	38.6586353269083	-78.5675839452611
42	1983.66666666667	38.9343046195487	-79.3106451918047
28	1983.75	38.0384664855589	-79.670537999725
26	1984	38.8269974822283	-79.2228862066738
39	1984.75	38.6471501791229	-80.0402965842331
40	1984.75	39.0530760411001	-78.7298762406762
54	1984.91666666667	38.6748391220037	-79.8118118900319
48	1985.58333333333	39.1641877911723	-79.2602757963717
51	1985.75	38.8269974822283	-79.2228862066738
59	1985.91666666667	39.1641877911723	-79.2602757963717
38	1986.25	38.8947731035817	-79.7622031504258
67	1986.25	36.6093291054149	-78.8434915722729
43	1986.41666666667	39.5116002266466	-80.0345969909912
63	1986.5	36.9866456566904	-79.5232621769433
68	1986.91666666667	34.2388825848127	-78.996114748849
66	1987.58333333333	35.3705693405163	-79.4629256913798
75	1987.66666666667	38.6078380146915	-80.2711875149448
74	1988	38.4819504542052	-80.4098214105246
72	1988.58333333333	38.7127077490537	-79.3579810340983
97	1988.91666666667	38.6586353269083	-78.5675839452611
56	1989	37.5815778170815	-79.6771137990115
86	1989	39.1735979822303	-79.0388192216965
46	1989.08333333333	39.4114021396138	-79.2027770313133
108	1989.66666666667	38.2124622310344	-77.3533472444051
96	1989.75	38.399279126613	-78.2658343312734
80	1990	39.9254909766932	-78.8642727385946
92	1990.41666666667	39.2791784819655	-78.6870850236287
127	1990.75	38.0810744274052	-76.4670099252155
124	1991.16666666667	38.8947731035817	-79.7622031504258
111	1991.41666666667	37.2181125418511	-79.0110016251421
85	1991.5	39.157146381603	-78.5967697906391
99	1991.5	38.4733815103471	-78.6001425262549
102	1991.5	35.8292593159579	-78.7196330853167
119	1991.66666666667	37.0960425208961	-81.355242658699
134	1991.66666666667	39.1495483820476	-79.4815767747404
88	1991.75	38.2633929368683	-78.8642433613849
84	1991.91666666667	39.1692146526297	-78.8205228975889
118	1992.16666666667	36.4236997189213	-82.3691855205309
109	1992.33333333333	38.0014541963353	-80.1340265692992
141	1992.33333333333	37.6594720114348	-77.6360314502607
136	1992.75	39.086215914069	-79.9349882768341
104	1992.91666666667	38.8269974822283	-79.2228862066738
143	1993	38.6342836486961	-79.0317488152172
90	1993.16666666667	37.9936522969071	-77.9959345532926
146	1993.16666666667	39.1237252733346	-79.7065633837067
130	1993.66666666667	39.3209107374636	-79.8729646806341
152	1993.66666666667	39.0556327416276	-78.953836418074
117	1993.83333333333	39.1735979822303	-79.0388192216965
161	1994.08333333333	38.3796785814668	-79.5268310041219
148	1994.33333333333	38.306334187534	-76.9515965821091
133	1994.41666666667	38.4925035472111	-76.1796115428043
135	1994.83333333333	38.9343046195487	-79.3106451918047
166	1995.08333333333	38.5219316033301	-73.0081830095595
149	1995.25	38.3178191574918	-78.1645415812488
164	1995.25	38.6342836486961	-79.0317488152172
172	1995.5	38.3618873025416	-79.7550885557412
107	1995.66666666667	39.3623294365669	-79.6443008710895
114	1995.66666666667	39.7936096418193	-79.000270921242
115	1995.75	40.5099414004343	-79.1707864771917
171	1996.33333333333	38.4900766471613	-73.165515134569
94	1996.83333333333	39.1495483820476	-79.4815767747404
159	1996.83333333333	38.3728731603192	-78.7332370753677
194	1997	38.5964900042872	-79.4917460834669
131	1997.08333333333	38.6471501791229	-80.0402965842331
163	1997.33333333333	39.0401113683475	-80.1670922538603
195	1997.33333333333	38.9164831249468	-79.5365985992451
192	1997.41666666667	35.79704753305	-79.4464453040705
188	1997.5	38.4558562739622	-78.8336504568231
167	1997.66666666667	38.2171225246416	-75.1726886100129
187	1997.75	39.1237252733346	-79.7065633837067
202	1997.83333333333	38.5770621075673	-72.5870219636772
193	1997.91666666667	37.6481765424082	-78.3804261368984
207	1998	38.9800615569493	-80.401504130631
215	1998.16666666667	38.9012906483902	-80.3124363469858
179	1998.41666666667	38.6961073806097	-77.3674574238432
219	1998.41666666667	38.6121282053002	-79.264392368504
165	1998.5	39.2933032545942	-78.9043932971102
211	1998.83333333333	39.1788114686228	-80.0205289921032
228	1999	38.7944812415925	-79.674440414681
229	1999	38.6974224762147	-79.5833155913657
191	1999.41666666667	38.3698517985079	-74.1205465865339
216	1999.41666666667	39.0401113683475	-80.1670922538603
198	1999.66666666667	38.9164831249468	-79.5365985992451
196	1999.75	38.9343046195487	-79.3106451918047
217	2000.08333333333	38.6471501791229	-80.0402965842331
140	2000.16666666667	37.5292791552605	-77.766861620518
238	2000.16666666667	38.8341360197263	-78.996333654437
235	2000.58333333333	37.395208896484	-81.509900046699
222	2000.58333333333	38.7944812415925	-79.674440414681
212	2000.83333333333	38.5914311355237	-72.6131294590948
205	2001.5	35.9086349151696	-78.5370343215038
230	2001.5	39.1237252733346	-79.7065633837067
224	2001.75	38.7500590288714	-71.3693801771335
190	2001.83333333333	38.4222103130617	-73.8429082282322
242	2001.91666666667	38.5585817166869	-80.834701900785
265	2002.41666666667	38.3465796310051	-78.9651469592181
248	2002.58333333333	38.0741427347563	-77.2857025832947
239	2002.75	38.4853761032468	-78.3665087545272
247	2002.75	39.1237252733346	-79.7065633837067
232	2002.83333333333	38.6586353269083	-78.5675839452611
132	2002.91666666667	38.0312515932088	-77.1842639142778
266	2002.91666666667	38.9012906483902	-80.3124363469858
277	2003	39.3609627024674	-78.336982980231
237	2003.08333333333	38.8307427956405	-78.0684792674044
255	2003.25	40.0114594443753	-79.3515253708181
281	2003.25	38.5232856429411	-79.1648200370634
278	2003.25	38.0572645195165	-78.8889654262342
251	2003.58333333333	38.5829772827646	-72.6333885217328
258	2003.66666666667	39.4664238025774	-79.7246098344682
285	2003.75	39.0401113683475	-80.1670922538603
262	2003.83333333333	39.0559205967439	-80.4895195982349
276	2003.83333333333	39.4968172854207	-78.4272110972439
253	2003.91666666667	38.3044732573609	-78.3993120836361
279	2004	38.4349122142041	-79.0650596723695
244	2004.08333333333	39.1735979822303	-79.0388192216965
289	2004.16666666667	38.7127077490537	-79.3579810340983
283	2004.25	38.3083318718724	-80.2144285718268
268	2004.41666666667	37.4643221710105	-79.0188874615232
263	2004.5	38.6696554391006	-81.01885359793
304	2004.5	38.6931022951447	-80.6916616943433
260	2004.7	39.0839648001685	-77.9089819275161
