collection_date	latitude	longitude
60	1982.33333333333	39.459751836698	-76.4542794715081
67	1982.33333333333	37.0108670369379	-79.0668136189496
94	1982.41666666667	39.0886357888272	-74.6428081447642
34	1982.5	40.4473112393347	-78.6092752518453
10	1982.58333333333	37.893089948546	-76.3483073242378
73	1982.83333333333	36.385597240911	-77.4243385432364
29	1983	39.1721845408064	-78.2547314683446
89	1983	37.1778723494023	-75.0407101056991
92	1983.25	40.5872991554907	-77.6273367098875
72	1983.33333333333	36.0862254415709	-76.8100667064157
78	1983.33333333333	36.4107628954031	-80.1459137486507
56	1983.41666666667	39.5426445199348	-75.4535402355774
14	1983.5	38.8354332271254	-78.4262927546379
81	1983.5	38.8089103861418	-77.5510389646479
83	1983.83333333333	37.6844784055588	-79.4186778284156
84	1983.91666666667	38.8414881805471	-78.9914962803404
47	1984.16666666667	39.0055322779287	-81.3802707250091
116	1984.33333333333	36.3893524960822	-78.7208045302576
48	1984.5	38.2878486477864	-77.5928616428369
76	1984.5	41.2228423949718	-76.3514542871855
46	1984.66666666667	37.0308561116665	-80.6567408177564
55	1984.75	38.8511350199245	-78.190712327387
127	1984.75	39.1721845408064	-78.2547314683446
93	1984.83333333333	41.4119926947596	-76.8204099547739
114	1985	41.3118127859504	-76.6606092937912
128	1985.08333333333	36.280800786196	-77.1173676854811
129	1985.16666666667	35.9969734809667	-75.0143114069416
68	1985.25	35.9016509438086	-76.4929664669899
82	1985.25	36.4107628954031	-80.1459137486507
122	1985.25	37.6844784055588	-79.4186778284156
133	1985.5	39.1051776595744	-78.9846764363328
143	1985.5	40.8591630571048	-77.1249618568988
101	1986	38.4574471301255	-80.8772144459412
99	1986.08333333333	39.5637334355603	-76.1947227631309
155	1986.08333333333	37.4303158197126	-76.6765852248391
97	1986.16666666667	39.0232836942814	-78.4810945170092
142	1986.25	40.7764413529018	-76.6658260571081
123	1986.33333333333	37.7077761735889	-80.8924694513009
154	1986.5	38.2821199440934	-77.1358982286605
163	1986.75	38.2197662591434	-76.8325921642321
170	1986.75	38.8089103861418	-77.5510389646479
100	1986.83333333333	38.537063493914	-79.4466467012867
156	1986.91666666667	40.9019008958285	-76.4308376709063
145	1987.16666666667	40.0446357466618	-79.482985890806
157	1987.16666666667	40.6290949384342	-77.3083215551924
158	1987.16666666667	40.2101228138888	-81.0138043752444
152	1987.25	37.423991897625	-80.3532911329847
61	1987.41666666667	40.1688699258574	-77.1390529022836
161	1987.66666666667	39.2887861816116	-80.8272393099053
98	1987.83333333333	37.544481307652	-75.464070458065
172	1987.91666666667	37.6426938213957	-78.5587029497396
177	1988.08333333333	40.1644267296737	-78.4964099090674
160	1988.16666666667	39.9584468618074	-81.3427649559792
182	1988.16666666667	38.537063493914	-79.4466467012867
110	1988.25	36.0530376762735	-75.6356463269637
36	1988.5	40.0518616971576	-80.7847479186804
162	1988.58333333333	38.2821199440934	-77.1358982286605
185	1988.58333333333	37.9332737839008	-82.2650626189261
9	1988.66666666667	37.6202044935586	-74.8467983025868
168	1988.83333333333	41.5188975938042	-76.7272134761242
95	1989.41666666667	38.3027028820185	-76.4672825639535
197	1989.41666666667	39.4747748063556	-82.5169309412993
195	1989.58333333333	39.0412110620309	-80.5003176214113
212	1989.66666666667	39.3166464772952	-81.3247693643515
121	1989.75	36.8382202970931	-77.7529303819214
199	1989.91666666667	38.5834607625695	-79.1279437184043
213	1989.91666666667	37.2356375565118	-82.6912144693772
186	1990	36.5768757573962	-81.0062330929438
151	1990.25	39.6015328158637	-80.6043413853787
183	1990.41666666667	38.007024556678	-80.6072527810438
211	1990.66666666667	37.7077761735889	-80.8924694513009
241	1990.75	40.0565060453376	-78.6741461854131
243	1991	41.1804856152732	-80.3838029023534
248	1991	38.5508032635229	-76.9499369498593
193	1991.08333333333	39.1315229222065	-77.724575174762
220	1991.08333333333	38.6067394303205	-79.833822830716
217	1991.16666666667	36.385597240911	-77.4243385432364
251	1991.16666666667	37.4165528177546	-75.7990801729722
204	1991.41666666667	38.1446640245288	-82.6163442873997
206	1991.5	40.0694262534195	-76.6366177132756
196	1991.75	41.2466272041715	-79.7234111316447
202	1991.75	36.7087624276659	-74.7391254591334
226	1992	39.6968996377197	-80.2662888253183
245	1992.08333333333	38.3489376522091	-78.1167695068161
252	1992.08333333333	40.0518616971576	-80.7847479186804
135	1992.16666666667	40.8043259532635	-77.4135971707192
239	1992.25	39.1865057752047	-76.5712820669987
237	1992.33333333333	39.1598388949455	-78.0556073519725
258	1992.33333333333	37.5971017231528	-77.0120817039784
218	1992.41666666667	38.0619398863226	-79.751487478202
124	1992.58333333333	41.2728758317859	-75.7347791243811
181	1992.75	41.0960644719074	-80.2668116551278
236	1992.75	37.8388559557768	-78.9723580542415
254	1992.83333333333	35.8765636495923	-80.4671233853247
207	1992.91666666667	39.4640652974036	-78.4577692282222
250	1993.25	38.9191015960227	-75.6297610421735
137	1993.33333333333	35.2331798325775	-79.0493226009494
270	1993.5	38.5783977742589	-77.6586595591304
228	1993.58333333333	40.4231756133738	-77.2032866671406
210	1993.75	35.2438363751311	-80.7122870651128
280	1993.91666666667	39.7118446891962	-81.6925875498815
247	1994.08333333333	38.007024556678	-80.6072527810438
171	1994.41666666667	41.0656011655035	-74.2955561536746
281	1994.5	40.4843765746607	-81.245973562477
198	1994.66666666667	37.6844784055588	-79.4186778284156
297	1994.66666666667	39.5637334355603	-76.1947227631309
246	1995	39.2887861816116	-80.8272393099053
285	1995.16666666667	38.537063493914	-79.4466467012867
266	1995.25	39.876658786278	-79.6158191971575
312	1995.25	38.8511350199245	-78.190712327387
272	1995.33333333333	40.3063405375549	-79.8134106082499
287	1995.5	39.8100096921577	-79.0255831098478
291	1995.5	39.1051776595744	-78.9846764363328
307	1995.5	41.3241383561897	-75.4759410037516
311	1995.91666666667	41.2324445027872	-79.7098198161864
321	1995.91666666667	36.6033770441654	-79.3141233996141
325	1995.91666666667	37.8388559557768	-78.9723580542415
330	1996	42.1348861954584	-74.7201341000139
292	1996.08333333333	39.698043967792	-79.2172092955549
293	1996.08333333333	39.6196760027241	-78.8957779404904
296	1996.25	39.3107576956769	-76.279414344683
303	1996.33333333333	38.1446640245288	-82.6163442873997
343	1996.41666666667	36.8923958399425	-78.6175555971745
344	1996.66666666667	36.6033770441654	-79.3141233996141
340	1996.75	38.8872492677804	-79.6750595726834
203	1996.91666666667	39.8511618232895	-75.3632915537323
268	1997.08333333333	36.3035905490544	-75.3373246709562
271	1997.08333333333	38.3273741524622	-77.8325350394163
351	1997.33333333333	38.0327872859101	-78.4748163499669
359	1997.33333333333	40.4197528316542	-79.3479315444956
356	1997.66666666667	40.7836211688606	-77.2497408870245
358	1997.66666666667	39.6954507048151	-79.7337096474073
361	1997.66666666667	41.3239722865234	-76.3195383356704
339	1997.75	40.1590016044508	-77.9067586948993
310	1998.08333333333	40.434119319913	-79.7145943371358
365	1998.16666666667	41.0117864448253	-77.0412449080721
269	1998.25	39.6352660236074	-74.1954764046082
324	1998.25	37.2740048721402	-78.1463539723822
348	1998.33333333333	39.4354623890229	-79.6202725158045
377	1998.75	38.4574471301255	-80.8772144459412
364	1998.91666666667	40.9019008958285	-76.4308376709063
381	1999.75	39.2688062982048	-79.1602216403491
366	1999.83333333333	37.6844784055588	-79.4186778284156
347	1999.83333333333	38.8526437887987	-79.393459739619
329	1999.91666666667	35.8169727393834	-83.1901940478052
425	1999.91666666667	37.3968152636461	-81.2359068169211
288	2000	39.0115446554979	-78.2396856535973
370	2000	41.0058242053209	-81.5457727608085
426	2000	37.423991897625	-80.3532911329847
392	2000.08333333333	40.2636164285376	-80.5301128792024
429	2000.08333333333	39.4997410841593	-84.0838555920368
407	2000.16666666667	41.7273370458516	-76.5403367974993
416	2000.16666666667	34.8058729086513	-79.2374924951205
357	2000.41666666667	40.6184921933614	-76.4631749653164
265	2000.5	40.1062922144758	-81.6084637888517
353	2000.5	40.5446985638971	-82.1548714403025
395	2000.58333333333	35.8169727393834	-83.1901940478052
443	2000.66666666667	37.618414674345	-77.8196848405924
444	2000.66666666667	41.0785406926355	-75.9801891091098
372	2000.75	37.0308561116665	-80.6567408177564
440	2000.83333333333	36.0201025196511	-81.2952543638752
326	2000.91666666667	35.6001635697443	-76.8471032845781
337	2000.91666666667	40.0702598240482	-79.3055433118773
391	2000.91666666667	41.0246070760096	-76.243865007255
394	2000.91666666667	36.9006906171598	-82.9563363417815
380	2001	38.0539986864848	-79.3406301892212
418	2001	39.4514837915748	-77.0787223609583
434	2001.08333333333	37.4834987848282	-76.205172660201
456	2001.08333333333	40.3774301609055	-82.2378870083532
383	2001.16666666667	38.007024556678	-80.6072527810438
432	2001.25	42.3577289727245	-75.3718869209011
446	2001.25	40.1590016044508	-77.9067586948993
461	2001.41666666667	41.0549248252144	-83.3480973926351
278	2001.5	41.6220321790701	-81.2114071333453
378	2001.58333333333	39.3222906032176	-79.4576670638748
454	2001.58333333333	42.0978091668569	-82.9760682303468
408	2001.83333333333	39.5915080016639	-78.3319222489076
290	2002	35.2331798325775	-79.0493226009494
413	2002	38.208974604185	-81.1231189043497
410	2002	40.7461470718176	-81.4344511665548
389	2002.08333333333	39.8852853023108	-77.5920016386189
450	2002.08333333333	41.1267159913782	-76.7005569739919
471	2002.08333333333	39.7090449087348	-81.9203091560582
464	2002.25	40.6096046197034	-77.2539919001984
477	2002.33333333333	36.0006139605827	-79.4410394476273
489	2002.5	41.8029166058363	-82.3736414526226
386	2002.58333333333	41.8583658693895	-82.290407723609
411	2002.75	40.2878442464647	-81.6143156381934
427	2002.75	35.4218351313309	-79.7537212454693
379	2002.83333333333	38.4338962775062	-78.8088331594313
431	2002.83333333333	40.7228107210814	-83.3176983308852
478	2002.83333333333	38.91958254182	-81.6852694493598
385	2003.16666666667	36.8600418749624	-77.1234220720585
393	2003.16666666667	39.8167741006433	-79.7212450105106
452	2003.16666666667	39.1865057752047	-76.5712820669987
499	2003.16666666667	40.3339666934008	-82.9942298930009
439	2003.25	35.755098257653	-78.8123501945877
453	2003.25	38.47364322948	-75.7600309405838
350	2003.5	38.6461161140117	-78.1317968115138
388	2003.5	40.0398652655139	-76.9953491286814
430	2003.5	41.0289128010469	-81.9205165786916
466	2003.58333333333	43.9751245908364	-74.5810476544772
481	2003.58333333333	37.336536189739	-77.2084264934376
406	2003.58333333333	42.2140758830594	-76.0303610637214
490	2003.66666666667	40.62963375664	-82.3579924712152
513	2003.66666666667	37.2370229417597	-79.5292292803843
485	2003.66666666667	41.3118127859504	-76.6606092937912
505	2003.75	36.2653645512002	-78.1898348669947
509	2003.75	40.3339666934008	-82.9942298930009
435	2003.83333333333	35.8932865997523	-76.0102181085251
517	2003.83333333333	41.6388530385206	-74.9240741119166
503	2003.83333333333	36.8382202970931	-77.7529303819214
508	2003.83333333333	40.2329562737763	-84.0406328475795
405	2003.91666666667	39.8582894686216	-79.2758084768731
465	2004	39.8520308330731	-77.7874805383059
494	2004	38.5783977742589	-77.6586595591304
483	2004	39.7574801810116	-80.7402378555954
507	2004	42.2178182180244	-82.4219525318809
511	2004.08333333333	40.0509776378944	-77.1855947848046
487	2004.08333333333	41.6830201780903	-83.0009227264341
518	2004.08333333333	36.2242767139005	-77.7711025796039
468	2004.16666666667	40.9019008958285	-76.4308376709063
536	2004.16666666667	36.2242767139005	-77.7711025796039
457	2004.25	39.9462731683021	-82.2593400236838
523	2004.25	37.8388559557768	-78.9723580542415
469	2004.33333333333	40.8281791894433	-75.6981643441812
484	2004.41666666667	40.841758099625	-77.0149052956425
537	2004.41666666667	35.6321746748266	-77.8485548610758
421	2004.58333333333	34.3434126860157	-80.0571403366777
538	2004.58333333333	41.6830201780903	-83.0009227264341
437	2004.58333333333	40.7228107210814	-83.3176983308852
460	2004.7	40.3339666934008	-82.9942298930009
