collection_date	latitude	longitude
34	1982.33333333333	38.8383742666735	-77.8460844548989
41	1982.58333333333	38.0776667199571	-80.2266536375654
43	1983.16666666667	37.7245618882003	-79.7420598227066
53	1983.58333333333	37.3348700610119	-77.6996971950978
35	1984.66666666667	38.5290899428936	-78.9941633666964
56	1984.66666666667	37.4862236919766	-80.8031665881535
51	1984.83333333333	40.3656759102123	-78.6090161949587
42	1985	37.5047582172047	-79.4318662380044
64	1985.25	37.9556570912692	-80.7753301161274
16	1985.33333333333	38.0532226908675	-80.3404231018791
31	1985.33333333333	37.5612022953152	-80.7726757019484
62	1985.33333333333	38.9054565607569	-78.0433576166618
60	1985.58333333333	39.9632029691929	-78.5146285771659
47	1985.91666666667	38.5290898924782	-78.9941633798586
77	1986	38.8346690112343	-78.9952370624021
63	1986.41666666667	38.3823842972699	-78.0668842019077
72	1986.41666666667	38.1726765667379	-79.523294585077
67	1986.5	37.9603652856052	-80.8932171558344
55	1986.75	37.1887696989081	-77.7176067392372
57	1986.83333333333	37.5013944974603	-80.7642571643363
79	1986.83333333333	38.4792069128713	-79.53057915675
89	1986.91666666667	38.2351665322145	-79.1848169965035
80	1987.5	38.4707319889453	-79.710494232177
94	1988.25	37.8182330184916	-79.8173328751869
40	1988.33333333333	37.9913216836406	-79.0205934774512
99	1988.41666666667	37.5398607997986	-79.837885933665
105	1988.41666666667	37.9376887125477	-80.0103878864785
61	1988.91666666667	37.6751310368111	-79.3187648597034
88	1988.91666666667	38.0985479554349	-79.9744051976225
90	1989	38.1416369079469	-80.4798306003757
66	1989.08333333333	38.3105243090247	-80.3431535099521
113	1989.08333333333	37.758386915131	-79.8991980920244
91	1989.16666666667	37.8186643162861	-80.5706538760897
48	1989.91666666667	40.2869151724816	-78.4631805630691
101	1989.91666666667	38.0620557261277	-78.3001693337426
71	1990.08333333333	38.4413404187431	-79.8691125457373
96	1990.16666666667	37.9689953760609	-77.8146509183412
132	1990.33333333333	38.1025043777131	-80.7830884837849
100	1990.41666666667	38.3465844808262	-78.7207531558554
103	1990.66666666667	37.7767596416551	-80.1486602828593
37	1990.75	38.4792068813799	-79.5305792064637
98	1990.75	37.5845733595494	-79.9492017308367
114	1990.75	38.4160386720924	-78.6042360036036
143	1991	37.7016188576934	-79.5371258172305
145	1991.16666666667	39.0509939057921	-79.4807054590129
142	1991.25	37.6751310120551	-79.3187648961956
123	1991.66666666667	38.5449010237677	-79.7566574550111
150	1991.83333333333	37.3921609579744	-78.7021146869522
151	1991.91666666667	37.3921609579744	-78.7021146869522
155	1991.91666666667	38.796877899013	-78.8101668047893
110	1992	38.965634131294	-78.7533814723786
146	1992.33333333333	40.4526393636966	-78.4950523782687
160	1992.5	37.4091198164512	-77.8770299302875
140	1992.58333333333	39.4655140156989	-78.2435942610527
130	1992.83333333333	37.7114105970759	-79.9566745072624
168	1992.83333333333	37.4574298071815	-77.9939891970442
148	1992.91666666667	38.1652482721771	-82.0417174584417
135	1993	37.8182329092717	-79.8173329359713
185	1993.16666666667	37.2260836191303	-78.2918041316776
193	1993.16666666667	39.665604193022	-79.1290664733489
171	1993.33333333333	37.7245617165359	-79.7420599437777
191	1993.33333333333	37.9962487237451	-79.7673860555738
182	1993.41666666667	37.3391266001342	-77.6343058921515
157	1993.58333333333	38.219070937252	-77.855660896758
195	1993.66666666667	39.3503011037383	-77.9674213073406
192	1993.75	39.7683911499088	-79.1323481796972
154	1993.83333333333	39.5468917316945	-78.8305600258934
177	1993.83333333333	37.3234989215809	-78.0176887936974
196	1993.83333333333	37.8746595482852	-80.0735422837117
207	1994	38.7742490595075	-78.2081968973152
147	1994.08333333333	40.2614587466368	-78.5586692281345
20	1994.5	37.3154329575547	-78.7422825044328
167	1994.5	37.1426929189013	-77.7878510927587
174	1994.58333333333	38.5826414780112	-78.3033563239538
197	1994.91666666667	37.6321075327157	-79.8834823300261
194	1995.25	41.7838588739609	-77.88427246662
219	1995.41666666667	37.2130086398048	-78.3952637072474
235	1995.5	37.2535098234825	-77.9781039827108
201	1995.66666666667	37.6727298952669	-79.8234097066703
237	1995.75	38.5697391989161	-79.5862407208447
214	1995.83333333333	37.1141262504632	-77.9119403006384
221	1995.83333333333	37.9859507233508	-78.1597148197172
108	1996	38.193536411829	-77.8852028845103
213	1996	37.187840379702	-78.2545314850323
243	1996	37.4220918463783	-78.5880667074137
149	1996.08333333333	38.0178724007759	-80.6619507431546
204	1996.08333333333	38.9310452338287	-79.051133554503
244	1996.16666666667	37.8085824839011	-78.7190925953123
245	1996.25	37.8702850321226	-78.6011221465714
122	1996.41666666667	38.774249033722	-78.2081969114654
224	1996.41666666667	37.5119966330859	-78.1302957315138
229	1996.41666666667	38.4845633214256	-80.1021302813106
242	1996.66666666667	37.318608753909	-78.6277583260664
183	1996.83333333333	37.5719666723086	-77.6137301408057
247	1996.83333333333	37.4473790132794	-77.6645152164431
227	1997	37.2130086588766	-78.3952637579426
246	1997.08333333333	37.2882054064904	-77.6399667526908
257	1997.16666666667	38.1142607464025	-79.1051478205797
248	1997.25	37.290142282229	-78.3452145467805
181	1997.33333333333	38.677025717261	-78.7451271759016
230	1997.33333333333	37.5682185829695	-78.5531959613167
253	1997.58333333333	38.071015842211	-78.5684138923838
162	1997.83333333333	37.7735747860567	-80.4667386907162
136	1998.41666666667	37.5630762630405	-79.7927156459451
236	1998.75	37.7932407599015	-79.6293010582916
265	1998.83333333333	38.1936147108714	-78.9734317716329
233	1999	37.9359158005776	-78.4923082029308
250	1999	37.2705754405802	-77.6443073116234
228	1999.25	38.0532228438212	-80.3404234747728
210	1999.5	37.6203208993473	-78.445323470173
259	1999.66666666667	37.1996021585131	-77.7569337208965
268	1999.66666666667	37.6203209019674	-78.4453234729548
273	2000	37.9350602283272	-78.8050676769412
212	2000.16666666667	37.2500091142694	-77.7966238081301
263	2000.41666666667	37.3816963894761	-79.644273756294
269	2000.41666666667	37.3694439378121	-78.4081529828109
276	2000.41666666667	39.0564714766357	-78.5423861051994
256	2000.5	37.643904613223	-79.6435334232867
272	2000.5	38.4771036612537	-78.4964028516282
239	2000.66666666667	37.446369665375	-79.3288473448077
238	2000.91666666667	37.7682590160957	-79.4152112514988
261	2001.08333333333	37.4313773941854	-79.6499235639523
266	2001.75	38.5826413837274	-78.3033563834683
277	2002	38.3068476030919	-78.1950455786647
282	2002.16666666667	38.7475439682965	-78.2803122323179
270	2002.16666666667	38.8398668437746	-79.3641305051154
289	2002.58333333333	37.0932056655869	-77.994665370223
280	2003.16666666667	37.2851246404664	-77.7368153583593
284	2003.16666666667	37.1141262009589	-77.9119403816239
291	2003.5	37.5643543805489	-77.7515867843536
241	2003.66666666667	37.2270129816073	-77.7183512598006
281	2003.66666666667	37.2705754332377	-77.6443073481739
297	2003.91666666667	37.3119863409433	-79.3743790161526
293	2004.16666666667	39.3549657123587	-78.3617760921791
296	2004.58333333333	37.3119863256438	-79.3743790215425
285	2004.66666666667	37.0955436599905	-78.080167782947
298	2004.7	37.4475490845958	-79.592275555303
