collection_date	latitude	longitude
52	1982.25	38.6443526343855	-78.9116441503878
20	1982.33333333333	38.1183660616809	-77.0346310181132
38	1982.41666666667	38.5440938255931	-80.963265105443
45	1982.5	36.8496991775578	-79.6376444708015
50	1982.66666666667	37.9383154068847	-81.3737850801847
61	1982.66666666667	38.2784399410124	-78.8955316911079
23	1982.75	37.7190361905041	-78.6363146570512
66	1983	37.9703857870254	-82.4748174349295
53	1983.25	39.2407217289457	-79.4203725208562
63	1983.25	38.4585600655847	-77.9631483896799
22	1983.33333333333	37.6348846574063	-78.2176940923931
56	1983.33333333333	38.3842806578213	-78.3685042178655
26	1983.5	38.3960672480422	-81.7690318009315
79	1984	40.5420635912803	-79.4740838845902
80	1984.75	36.7973821162274	-81.1115552412331
88	1984.91666666667	39.8336644268051	-81.6109017934182
74	1985	38.4170899389825	-80.085231375071
55	1985.08333333333	40.4344187302747	-78.9006308809735
60	1985.08333333333	38.0656569837857	-80.4777181163947
69	1985.33333333333	36.7973820933156	-81.1115552364134
37	1985.5	38.1459955163093	-77.460852086039
84	1985.66666666667	38.0656569844185	-80.4777181162765
91	1985.75	41.6725147758719	-79.8916313818889
25	1985.91666666667	40.5420635833856	-79.4740839113769
90	1986	40.542063583272	-79.4740839114042
97	1986	37.7549565054833	-77.6417224605816
34	1986.16666666667	38.5022269306381	-77.62565658526
42	1986.25	40.0337332595543	-78.4145815845632
109	1986.25	38.2682844527062	-78.7248705160898
112	1986.33333333333	38.5440936296516	-80.9632651385248
121	1986.33333333333	37.7917668072079	-77.5272005439718
128	1986.66666666667	37.6282890932164	-80.8203608308285
81	1987	37.3968602827061	-82.1513569668978
103	1987.08333333333	38.264021159666	-77.4385573439516
100	1987.16666666667	35.7181421643699	-79.7443468959655
117	1987.16666666667	38.1700852854128	-78.0057719979652
130	1987.33333333333	38.2352288799198	-76.5948575004317
111	1987.5	41.6725147797297	-79.8916314416695
133	1987.58333333333	38.9102272974827	-82.1677236698728
142	1987.66666666667	38.1209783959816	-77.7402677640536
132	1987.83333333333	38.2115040473748	-82.3847108454175
67	1988.08333333333	36.1061342985368	-81.6756894178652
115	1988.5	38.2115040274327	-82.384710862987
135	1988.5	35.0333464117541	-79.2864532337272
136	1988.75	36.3032049514056	-80.2414610223617
137	1989.08333333333	36.2805027244586	-80.780580536045
152	1989.25	38.211503952901	-82.3847108919993
131	1989.33333333333	38.0355942287395	-76.8546850325494
149	1989.33333333333	37.6774735751273	-77.5903066827302
145	1989.58333333333	35.2593661352801	-79.1583064037855
101	1990.5	35.9839114127364	-79.5605417605599
106	1990.5	40.5810106857887	-80.9156181206644
155	1990.58333333333	38.370438738071	-77.509088994341
164	1990.58333333333	36.7875615194278	-80.9903048765296
73	1990.66666666667	37.0775119414652	-82.3904640918305
158	1990.83333333333	38.2895006277928	-77.3173896038746
175	1990.91666666667	39.7011600364419	-78.9794923419242
161	1991	37.1337279780408	-81.341178427898
170	1991	35.9847336157642	-80.1370864307132
99	1991.33333333333	36.9685539799662	-79.6042340016639
167	1991.33333333333	37.6849795864126	-77.7547069904071
153	1991.41666666667	38.9102270510211	-82.1677236754405
173	1991.66666666667	37.9383148594396	-81.373785124865
182	1991.66666666667	40.0228432261457	-78.2544327666134
162	1991.75	36.2478347907913	-81.8948765865202
123	1991.83333333333	35.6728483092094	-79.0165892275446
154	1991.83333333333	37.6994523984198	-77.430851993768
168	1992.41666666667	35.8767634721418	-79.4035903094897
174	1992.5	38.9371766420764	-78.1361788411913
160	1992.58333333333	37.7830863778224	-80.9678903194059
189	1992.58333333333	40.5810106175149	-80.9156181765162
191	1992.75	37.872096100975	-77.3777479590021
194	1993	36.4976856328679	-79.5302211972113
198	1993.16666666667	39.7539998577689	-80.7321591650022
151	1993.5	39.2222965931407	-77.1252090748027
203	1993.58333333333	37.8377116391707	-76.5199548955498
201	1993.75	37.9703850082502	-82.4748173329053
195	1994	36.182513388873	-80.1948785807565
184	1994.16666666667	41.5382183711853	-80.6098157944123
163	1994.33333333333	36.7973816043751	-81.1115553139654
202	1994.41666666667	37.9001192651878	-76.647326499214
181	1994.58333333333	40.9376448738964	-79.4096887761752
169	1994.83333333333	35.2232786379181	-79.5729427236548
180	1995.58333333333	37.6647414177997	-78.9719517920422
221	1995.58333333333	36.2478345018756	-81.8948765202172
215	1995.66666666667	37.4201348892622	-80.3528327795111
224	1995.66666666667	37.385977894644	-81.4407210913151
213	1995.75	37.6406991005674	-76.3648691026474
196	1996	36.2478344948535	-81.8948764847893
222	1996	37.6794046299289	-76.5500351406296
144	1996.33333333333	35.4828588351731	-79.3852447737503
211	1996.33333333333	41.6725145696195	-79.8916320695773
234	1996.58333333333	39.3935020002955	-77.7685143726142
218	1996.75	37.699363991555	-77.9375531863628
238	1996.75	39.1784440037284	-78.9399334648233
208	1997	37.7845424345139	-77.2371514854435
225	1997	35.9433404675489	-81.5858473685403
199	1997.25	36.1219948036549	-81.1632418684564
220	1997.5	36.1061336514725	-81.6756892561369
232	1997.5	37.6282883621463	-80.8203605826201
237	1997.58333333333	37.7507624664428	-77.2159871899021
242	1997.58333333333	38.4538567852992	-78.5276284835667
223	1997.75	37.7430366857343	-76.9719577059322
206	1997.83333333333	40.5720635824011	-81.1965988202754
235	1997.91666666667	38.7507217733522	-77.6579754022972
259	1998.5	36.2327510179216	-79.2603590482392
230	1998.58333333333	39.0816950102243	-77.6554646960212
261	1998.75	39.2049746102285	-77.3176875882073
253	1998.83333333333	36.6770142869588	-79.9153326509294
255	1999.41666666667	38.7004851430284	-79.3018000164075
250	1999.58333333333	35.6510835064942	-79.3397371628905
240	1999.75	39.2407215571406	-79.4203725164083
252	1999.75	37.272333092671	-79.5476637748238
246	2000.16666666667	37.7755432277855	-77.1445986040823
266	2000.16666666667	37.4741807700692	-75.6464406350112
248	2000.5	35.0329043653873	-79.331580096084
274	2000.83333333333	37.535875752434	-75.8842980017185
262	2000.91666666667	35.0329043702425	-79.3315801184168
264	2001.08333333333	37.699277435924	-76.4989786411504
270	2001.08333333333	37.4245702700923	-75.5006386465973
272	2001.66666666667	38.6409486757554	-79.9204644860379
257	2001.75	40.2205162094036	-78.8942536773329
273	2001.75	40.4561669998096	-79.7319219722233
217	2001.83333333333	37.1435336445693	-78.8784538618778
236	2001.83333333333	37.7447514024874	-76.7032534817951
228	2001.91666666667	39.9235933249198	-78.5179011879171
226	2002	41.1428916768798	-79.2575532651062
268	2002.25	39.753999663906	-80.7321592397222
289	2002.33333333333	38.6443525927635	-78.9116440286882
297	2002.66666666667	37.9133162394467	-77.5471668399342
288	2002.75	38.2502573607579	-78.5724826367822
299	2002.91666666667	34.8101546094284	-79.0676116755529
285	2002.91666666667	37.8043398619758	-76.5213869167318
269	2003.08333333333	41.53821850418	-80.6098162807064
296	2003.08333333333	37.7577864232879	-77.9671921207827
286	2003.25	37.6302993623743	-76.1919669803973
277	2003.75	40.7250227993487	-80.1199971559517
303	2003.83333333333	37.2925288308039	-74.9967434453412
293	2003.83333333333	37.8382073315977	-77.143053295849
281	2004.16666666667	37.6329197416736	-75.9340867617285
294	2004.16666666667	37.2272643621475	-74.5472917410392
287	2004.25	37.3398849191954	-75.1692810142937
219	2004.58333333333	37.1435337010903	-78.8784538670578
295	2004.7	37.4488689818331	-75.5854450570483
