collection_date	latitude	longitude
86	1982.25	38.4696151603482	-79.1099527767357
71	1982.33333333333	39.0243819662665	-78.5371152814135
90	1982.33333333333	39.6937787826103	-79.1793299455876
59	1982.58333333333	38.1732555719706	-79.3066227479668
60	1982.58333333333	39.3397363032507	-78.40221040437
61	1982.83333333333	39.2282637559692	-78.8116327165592
53	1983.08333333333	39.2282637559692	-78.8116327165592
85	1983.25	40.7370152271116	-77.8932939002773
48	1983.5	39.0548403648422	-76.9362343418719
74	1983.5	37.5103489583155	-79.2214736671635
78	1983.5	39.8273843995283	-79.2255456542907
65	1983.58333333333	39.1403789123324	-78.9286067362507
66	1983.66666666667	38.6845417393316	-79.39663093672
52	1983.75	38.9984691581579	-78.8528509731153
97	1983.75	38.6288065480347	-78.8315897063331
103	1983.75	38.5095896175763	-78.4043340037601
87	1984.16666666667	38.1212085548394	-78.7621996808015
108	1984.16666666667	38.7319822985349	-78.3616189821244
98	1984.25	36.8583076805772	-78.9210383392354
112	1984.33333333333	38.897222336134	-79.3334750200782
111	1984.41666666667	39.0243819662665	-78.5371152814135
30	1984.5	38.7710620719493	-78.9051320939455
119	1984.83333333333	38.2498380526289	-79.1743967352673
54	1985.16666666667	38.4680244818565	-79.4542063551196
75	1985.5	37.7627768069038	-79.7010617664246
115	1985.58333333333	41.8517531617673	-78.427109208353
93	1985.66666666667	40.5294902146378	-79.2756499623806
73	1985.83333333333	38.6519645353479	-78.4886583873608
121	1985.83333333333	36.9077215447844	-77.8290239820373
84	1985.91666666667	38.9570142442522	-77.9934201679232
109	1985.91666666667	39.5585414625157	-77.8097500735202
80	1986.08333333333	36.2821338242518	-78.8062504606954
127	1986.08333333333	38.4155435837172	-77.4278836927867
122	1986.33333333333	40.3990941877099	-79.0731713005337
131	1986.33333333333	38.1830048620686	-78.9724363263735
56	1986.41666666667	38.8853133034263	-78.1110179259705
63	1986.91666666667	40.0286770115482	-78.627279582247
82	1987	40.2668426169456	-78.5827341892901
99	1987	34.7496954897252	-79.4566015352558
133	1987	39.1708909951049	-78.6217566407353
134	1987.08333333333	38.1830048620686	-78.9724363263735
105	1987.25	38.2498380526289	-79.1743967352673
33	1987.41666666667	37.8383374651624	-78.6485193542219
116	1987.66666666667	39.2824181267725	-80.7755576331431
128	1987.66666666667	38.0645837428194	-78.5518912463461
124	1987.75	41.0852307540712	-78.9187264068122
142	1987.83333333333	39.1356060399967	-80.0208107382749
136	1987.91666666667	39.0496515089329	-80.3094840571497
114	1988.08333333333	40.9567415259199	-78.7666457627912
151	1988.16666666667	39.2524879671313	-81.1799339996626
57	1988.25	39.1708909951049	-78.6217566407353
139	1988.25	40.0942168544541	-79.5170310032484
32	1988.58333333333	38.1830048620686	-78.9724363263735
132	1988.66666666667	38.6630430642065	-78.139116198146
150	1988.75	38.784088497481	-80.8634454515718
160	1989.08333333333	39.8799285502032	-78.5639967000037
102	1989.25	39.3172182216582	-78.7033167323136
163	1989.25	38.6519645353479	-78.4886583873608
161	1989.33333333333	39.5754566870966	-78.3979173463568
153	1989.41666666667	35.9190145342062	-78.0568780160367
165	1989.41666666667	40.0745951174969	-79.3049692131637
167	1989.41666666667	38.5466535987016	-78.9686864221125
170	1989.41666666667	39.9571146032408	-79.2605347767958
118	1989.91666666667	38.5404347508924	-79.3189801436914
169	1989.91666666667	38.8512503449342	-79.8476657734605
140	1990	39.1403789123324	-78.9286067362507
174	1990	38.7555982195966	-79.2566221905586
166	1990.33333333333	38.1212085548394	-78.7621996808015
183	1990.41666666667	38.2498380526289	-79.1743967352673
159	1990.5	38.6140329204239	-79.5345484802375
177	1991	39.5368080450412	-80.2714260139475
184	1991.16666666667	39.0243819662665	-78.5371152814135
123	1991.75	39.9571146032408	-79.2605347767958
149	1992.25	34.6905241668623	-79.5196900749734
200	1992.75	38.8512503449342	-79.8476657734605
206	1993.08333333333	38.3262552300869	-79.0381650136624
175	1993.16666666667	38.8276494749864	-79.476419488991
191	1993.5	36.0733160064985	-78.3440471014485
198	1993.58333333333	38.2498380526289	-79.1743967352673
193	1993.75	39.3332470809399	-79.1986267530351
211	1994.25	39.2730147433975	-80.1053298152997
218	1994.33333333333	36.1404969960179	-78.7846496663401
202	1994.58333333333	39.6526173296097	-79.0146939279755
209	1994.58333333333	38.2498380526289	-79.1743967352673
195	1994.91666666667	40.9714017409145	-78.8928040950482
223	1995.33333333333	39.0171967680539	-80.4489863250797
234	1995.33333333333	39.281431762373	-79.0020587914642
219	1995.41666666667	35.0539197637117	-79.2640144335115
239	1995.58333333333	39.1356060399967	-80.0208107382749
204	1995.66666666667	38.2053712760432	-78.6139217501468
229	1995.75	37.4570597497188	-78.0779593317165
244	1995.91666666667	36.8532221583591	-74.6481089891295
225	1996.25	39.0496515089329	-80.3094840571497
224	1996.5	38.9690495544818	-79.5581974308616
230	1996.5	38.5466535987016	-78.9686864221125
231	1996.58333333333	38.7957576611717	-78.5721384420347
240	1996.66666666667	36.8460393558407	-77.5289696222553
235	1996.83333333333	39.0373993785676	-79.4115637058637
253	1997	35.6043503577695	-77.6213344788003
214	1997.08333333333	36.5826145873793	-78.2271803237322
222	1997.5	38.1978505204712	-79.6365952981456
246	1997.66666666667	39.7356197856156	-79.3687345908426
259	1997.66666666667	40.2575011778162	-78.9052764512151
260	1997.66666666667	38.8276494749864	-79.476419488991
257	1997.91666666667	38.9498686472296	-80.0745707502736
205	1998.16666666667	37.731889680882	-79.1360861677166
228	1998.16666666667	37.8712484455738	-78.2663448397434
249	1998.33333333333	39.0373993785676	-79.4115637058637
171	1998.41666666667	39.8870013674485	-78.9505121622697
227	1998.58333333333	38.3205624201192	-79.3803335467084
255	1998.58333333333	38.897222336134	-79.3334750200782
264	1998.75	38.9690495544818	-79.5581974308616
176	1999.08333333333	38.6140329204239	-79.5345484802375
266	1999.08333333333	38.8276494749864	-79.476419488991
272	1999.08333333333	39.3131225856051	-79.5623374489962
282	1999.83333333333	35.5149652894349	-79.2959427884268
256	2000.16666666667	38.2943618929275	-79.8401616468057
265	2000.16666666667	38.7588827798517	-79.6175280236979
273	2000.33333333333	39.0373993785676	-79.4115637058637
288	2000.5	42.1844387142088	-77.9453787386406
280	2000.58333333333	39.9571146032408	-79.2605347767958
277	2000.58333333333	35.234115217216	-79.4648306986283
274	2000.66666666667	39.7067455046117	-79.7556168589392
220	2001.33333333333	39.9571146032408	-79.2605347767958
268	2001.33333333333	38.4696151603482	-79.1099527767357
251	2001.91666666667	37.3125811687468	-77.0477163924645
269	2001.91666666667	39.3863832871666	-79.4077162556041
299	2001.91666666667	41.9041664189352	-77.9927833620231
207	2002	37.2136294376005	-79.1562037633795
284	2002.08333333333	38.520880512307	-77.1595368416249
250	2002.25	34.6558062442283	-79.2269408182254
302	2002.41666666667	42.779494432832	-77.9149925793501
309	2002.5	38.9957932995098	-79.9326957317746
283	2002.83333333333	35.4694730798783	-78.7434515246807
293	2002.83333333333	40.5833553548186	-78.7259665813155
294	2002.91666666667	38.1089834484194	-79.439464320897
305	2003.08333333333	41.0709554875911	-78.1609087203178
310	2003.08333333333	34.7889714624034	-79.4929287408908
296	2003.33333333333	39.7356197856156	-79.3687345908426
306	2003.33333333333	37.4701270659932	-78.7231977311632
278	2003.41666666667	39.3131225856051	-79.5623374489962
285	2003.66666666667	37.5948657830056	-78.140807792115
320	2004	40.4378387085976	-79.9569852107078
315	2004.08333333333	39.5791040080938	-79.6959776616301
313	2004.16666666667	42.4341526124534	-77.970385318363
307	2004.25	37.5856697586297	-79.3780348366786
304	2004.5	38.9305689500372	-77.6486420477428
324	2004.66666666667	38.7319822985349	-78.3616189821244
298	2004.66666666667	42.3292999367107	-77.9916575038976
311	2004.66666666667	34.0089295567405	-79.711526211202
279	2004.7	39.9797420994858	-79.4639800438486
