collection_date	latitude	longitude
54	1982.41666666667	40.6329596368701	-79.4056829749945
45	1982.5	40.3846382372906	-77.2474082704354
30	1982.58333333333	39.9424493490819	-79.1057307130133
13	1982.66666666667	38.3642898148362	-79.5624748285753
40	1982.66666666667	40.0671967987632	-77.3290615302621
48	1982.91666666667	40.3711913543132	-78.5503329268835
37	1983.16666666667	39.4308009945034	-78.1553329886924
50	1983.25	38.2110489986409	-77.9542583253125
59	1983.33333333333	38.5893300055855	-77.6146555656202
47	1983.41666666667	38.0247395191613	-77.901401550371
36	1983.5	39.2027704594954	-79.1126429469128
16	1983.83333333333	38.529727926535	-80.3068379709942
73	1984.58333333333	39.3521439070596	-78.9125321634764
60	1984.75	39.1583651521258	-78.8332217425934
78	1985	40.048943562242	-78.6815132864553
20	1985.08333333333	39.1583651521258	-78.8332217425934
77	1985.08333333333	39.8082084716251	-78.3407564067025
22	1985.25	38.6008090991697	-78.3318892636875
57	1985.33333333333	37.866099647598	-76.6908909600843
21	1985.5	39.3521439070596	-78.9125321634764
27	1985.75	37.3054603652528	-77.3014752600834
84	1986	38.6729901198929	-79.169778779045
55	1986.16666666667	39.4595065367901	-78.4386321165904
81	1986.16666666667	37.1203124021424	-78.2023973443538
46	1986.75	38.4124498360894	-77.1771515176552
76	1987	39.8534587038706	-78.6083904693631
80	1987.25	37.2804286768797	-77.4195897381945
52	1987.41666666667	39.8174685898587	-76.5740356095667
100	1987.75	39.4595065367901	-78.4386321165904
91	1987.83333333333	39.7034779791772	-80.2287695056029
75	1988.08333333333	39.0110461722733	-79.0397599938741
97	1988.08333333333	39.9770070549899	-79.3202555100999
63	1988.16666666667	38.6851110662942	-76.4567170394759
105	1988.16666666667	39.2729360555879	-78.3468501366736
109	1988.5	40.083240381224	-77.5234941950241
87	1988.66666666667	40.7095661770582	-80.31714668359
102	1988.83333333333	35.2479130949664	-76.877107757059
113	1988.83333333333	38.7873077902166	-78.6773353300828
104	1988.91666666667	39.6976501957586	-78.7970133945283
125	1989.25	35.8168109630997	-76.3232931129808
110	1989.5	39.3527893420249	-80.0101830063701
94	1989.91666666667	39.4458749651423	-79.4305497197997
121	1990.58333333333	36.3507457386189	-77.82063613471
119	1990.75	38.4117333786722	-76.846520552726
137	1990.75	38.7683006683569	-77.2691775930404
141	1990.75	39.5485061445799	-78.986733250915
147	1991	35.461715282163	-77.605781688185
132	1991.25	36.1510536205962	-76.5494422900521
129	1991.58333333333	40.4311307227772	-77.6584145834206
140	1991.91666666667	40.4292902027777	-78.9896438747131
160	1992.25	35.6114538594382	-76.3606362970641
164	1992.25	38.2110489986409	-77.9542583253125
167	1992.5	37.2564031403899	-77.75433603691
118	1992.83333333333	39.9079709097996	-77.464319553578
134	1993	39.897244508638	-78.8678249080881
152	1993	40.7440386920622	-80.838813599808
136	1993.25	38.5863231842649	-77.4009549594235
116	1993.41666666667	34.7783832826026	-78.5577073848793
130	1993.41666666667	39.4595065367901	-78.4386321165904
145	1993.41666666667	40.4615661417946	-77.8875737761845
173	1993.41666666667	38.945201372247	-78.4633382797536
150	1993.5	38.6008090991697	-78.3318892636875
158	1993.75	40.3053635133179	-78.0557693467475
146	1994.33333333333	35.0342074385561	-77.378908450572
156	1994.41666666667	36.1366517935039	-76.640923904949
179	1994.5	38.424113630624	-78.5407474571466
192	1995	40.3975083519775	-80.8119437763748
168	1995.41666666667	38.8216126728366	-78.9640073165208
196	1995.5	37.453663552648	-78.0017874719811
201	1995.5	39.8265651773211	-79.4950483414933
108	1995.58333333333	40.7466706848107	-78.8454227471818
175	1995.58333333333	39.292379909623	-76.2408617352738
176	1995.58333333333	40.083240381224	-77.5234941950241
194	1995.58333333333	39.1583651521258	-78.8332217425934
200	1995.91666666667	39.8534587038706	-78.6083904693631
161	1996	35.0687490759564	-76.7789737525828
177	1996	40.3053635133179	-78.0557693467475
193	1996.08333333333	40.2230943243517	-80.6220521426699
218	1996.25	39.6976501957586	-78.7970133945283
204	1996.5	37.6509409491589	-77.805044477708
183	1996.58333333333	37.870618540916	-76.5209652800222
214	1996.66666666667	41.794603624801	-80.5931044732901
210	1996.91666666667	38.9708734283893	-78.7542617810765
126	1997.33333333333	40.9430446025946	-81.3604167771834
203	1997.33333333333	38.0395837728335	-78.4141644019218
205	1997.33333333333	38.2178355934367	-78.2121586166676
238	1997.66666666667	41.6025956436488	-80.2629056985631
226	1997.83333333333	36.3974215539085	-79.3113052212174
229	1997.83333333333	36.7938415701436	-78.1971157113673
231	1997.83333333333	39.1129645569068	-77.8108844866718
186	1998.08333333333	41.1095348904576	-81.030292330459
247	1998.08333333333	38.7731864516073	-78.3924979992081
261	1998.08333333333	35.1857766302878	-78.5008080927142
237	1998.16666666667	36.6376625932059	-78.5311614879988
254	1998.16666666667	39.397890047929	-79.1791696530651
236	1998.25	37.3046006483457	-78.4534424160175
212	1998.33333333333	39.2349860666682	-77.2633196640094
225	1998.33333333333	37.8779493407396	-76.3690887154015
178	1998.58333333333	38.2110489986409	-77.9542583253125
265	1998.58333333333	35.080543151766	-78.3075542967751
251	1998.75	35.6151169069661	-78.6266401355274
223	1999.16666666667	37.2953097156208	-78.2250110686614
267	1999.25	41.2542611294281	-80.5575336819604
270	1999.41666666667	38.9708734283893	-78.7542617810765
271	1999.5	39.251238048093	-79.3784889153486
252	1999.58333333333	38.9372483876691	-77.3353043233109
191	1999.66666666667	38.3599679050618	-76.4455646765587
244	1999.75	36.1991462626316	-77.8460727812295
262	1999.75	38.4165125981495	-76.9957441751515
199	1999.91666666667	39.3222175972727	-76.6762976812689
276	1999.91666666667	41.6330033960885	-81.2265391935218
283	2000	39.6529496565429	-78.5262800877851
263	2000.25	38.2218544544743	-77.1245620128225
295	2000.66666666667	39.3089835149486	-78.6342303990245
278	2000.75	41.6172990296765	-80.7426183304883
241	2001.08333333333	39.5785821832759	-77.7498053086005
298	2001.08333333333	40.3846382372906	-77.2474082704354
259	2001.5	40.6329596368701	-79.4056829749945
301	2001.5	40.2297120037323	-78.7385323367086
311	2001.5	41.186099470794	-79.6789605344422
279	2001.58333333333	41.7567354056262	-79.5523519184013
274	2001.66666666667	36.7200756331615	-76.6831035970943
303	2001.66666666667	39.6727198570537	-76.8675349965976
315	2001.75	36.4685885216821	-80.0767160528477
287	2001.91666666667	34.7666608659506	-77.6040499335579
289	2001.91666666667	40.8691899118189	-76.6593379481087
324	2002	39.6529496565429	-78.5262800877851
285	2002.08333333333	40.8564905123007	-78.2220601737209
284	2002.25	40.547363404407	-78.5927986538982
282	2002.66666666667	40.3223311857968	-79.5460738164786
319	2002.66666666667	41.1344796166219	-79.1087858857557
336	2002.75	39.2023549352313	-80.1909533905605
273	2002.75	42.156540562896	-79.9285906886509
334	2002.83333333333	41.5821011056956	-79.9081095380088
227	2002.91666666667	36.88627723499	-76.5753107361432
335	2002.91666666667	41.5821011056956	-79.9081095380088
304	2003	42.1394737228608	-79.004375295307
242	2003.16666666667	42.1525768890459	-79.3758410587225
333	2003.16666666667	41.0944503039882	-78.6989841800856
345	2003.25	38.7731864516073	-78.3924979992081
310	2003.25	40.8042134733326	-79.4337005609267
299	2003.41666666667	39.707599265306	-77.2103160595647
331	2003.58333333333	39.0969437500555	-77.403743221123
354	2003.66666666667	35.3712021360029	-78.1830781772434
290	2003.83333333333	41.9646648151555	-79.7506621396953
349	2004	39.2349860666682	-77.2633196640094
305	2004.08333333333	41.2697636334138	-78.5199197140469
352	2004.16666666667	38.9708734283893	-78.7542617810765
323	2004.25	39.4847794925144	-79.6467525670356
307	2004.33333333333	39.7459022483694	-79.0567898739337
360	2004.33333333333	39.3521439070596	-78.9125321634764
355	2004.5	35.318364166295	-77.6706580887094
339	2004.58333333333	39.1129645569068	-77.8108844866718
357	2004.66666666667	39.6976501957586	-78.7970133945283
