collection_date	latitude	longitude
62	1982.25	37.8957925073902	-79.6480016540115
44	1982.5	40.0207882639362	-79.7534556934225
60	1982.5	38.0537185846269	-79.0792578250067
34	1983	38.1311322601074	-79.6542695661238
32	1983.25	37.1859397939711	-78.5813798799461
65	1983.25	38.8275040270159	-79.3590018058857
21	1983.33333333333	40.2906929252316	-79.472556886529
68	1983.33333333333	37.245729497378	-79.8270567173584
74	1983.58333333333	37.345629844473	-80.2371817241781
58	1983.75	40.9033226566478	-77.6882097912917
56	1983.83333333333	40.5119642763707	-76.5864885477692
72	1983.91666666667	38.5053592554903	-79.2745443064937
70	1984.16666666667	39.0891542768837	-78.864918058348
45	1984.33333333333	40.6194917194955	-77.6436380021681
36	1985.08333333333	39.9240696206241	-79.2865119129329
87	1985.08333333333	38.2176390132593	-81.074588912049
23	1985.16666666667	38.1738413715478	-79.2582826874555
88	1985.16666666667	37.1687405423211	-80.5343431672496
106	1985.5	38.1311322601074	-79.6542695661238
94	1986	38.2618551001194	-79.3676409324673
113	1986	37.037191483072	-79.7032204349475
86	1986.08333333333	37.4783787300513	-81.2493157757855
99	1986.08333333333	40.7024839158182	-79.0742939189474
98	1986.41666666667	40.1412886205292	-79.0527537559076
76	1986.5	38.223879232793	-79.9411349202442
51	1986.91666666667	39.4223890477251	-80.5759696165257
124	1986.91666666667	39.6383890708458	-79.8657543547116
139	1987.08333333333	39.0891542768837	-78.864918058348
59	1987.25	41.1523933640723	-79.0715483354228
104	1987.25	38.3604907473861	-79.6513011151735
50	1987.41666666667	37.9624886031219	-80.0470875799848
148	1987.58333333333	38.0537185846269	-79.0792578250067
119	1988	38.9063663813192	-79.6136181128891
122	1988.08333333333	37.5774183744372	-80.0229091542953
83	1988.16666666667	39.7945776410915	-79.9135125299904
147	1988.16666666667	38.8370055986276	-79.499557283063
112	1988.25	37.6515869895234	-80.1919081343609
114	1988.5	39.351526345397	-79.0438041015235
39	1989.25	40.0568356298355	-76.7477732451388
109	1989.25	37.840075059268	-79.914734967251
165	1989.33333333333	38.936060291511	-76.5656999836559
162	1989.5	40.3683908724411	-79.674150223812
55	1989.66666666667	38.6239693280574	-79.9904088760978
149	1989.66666666667	39.5451693612271	-78.8204585279711
150	1989.75	37.5286866259565	-79.7434399077887
171	1989.83333333333	36.1619892745787	-79.6086746549102
54	1990.16666666667	40.7024839158182	-79.0742939189474
134	1990.16666666667	36.6905637258104	-79.4143553280484
138	1990.25	38.7820670941717	-79.1886621356629
166	1990.25	37.7448283654931	-76.4886959342974
195	1990.33333333333	38.5772376309743	-78.4582890748752
85	1990.66666666667	40.9033226566478	-77.6882097912917
181	1990.66666666667	36.5853945421691	-80.6265388204063
203	1990.75	38.447718429721	-78.0348584474244
100	1990.83333333333	38.7820670941717	-79.1886621356629
168	1990.83333333333	39.7488881542761	-80.2787719715688
192	1990.91666666667	38.9338677985526	-80.2405896688255
207	1991.16666666667	38.0764843967955	-80.8643127265399
182	1991.33333333333	38.1910689708674	-78.6047386780765
202	1991.41666666667	38.447718429721	-78.0348584474244
208	1991.41666666667	37.459054203292	-78.1810502197573
172	1991.83333333333	37.9378734092651	-80.7817098855627
180	1991.91666666667	37.7525185682369	-79.5755449852668
222	1992.08333333333	39.0800072527233	-79.4638091943197
117	1992.25	40.7655154479312	-77.1383623463441
224	1992.25	36.9715412455418	-78.894929718006
167	1992.41666666667	36.9332896814694	-76.4318541765682
211	1992.41666666667	39.8768778485484	-79.8325721368169
226	1992.41666666667	39.3962196369929	-80.1896653196212
206	1992.5	38.1686297141333	-80.5782557109307
175	1992.58333333333	40.6647964195964	-81.0906352742059
216	1992.58333333333	38.7820670941717	-79.1886621356629
217	1992.75	39.0752183298003	-79.0850797215938
236	1993.08333333333	37.037191483072	-79.7032204349475
232	1993.16666666667	39.0891542768837	-78.864918058348
176	1993.33333333333	39.2024621852968	-78.1585498545774
193	1993.33333333333	38.6878775751272	-79.8444112547754
103	1993.41666666667	37.459054203292	-78.1810502197573
218	1993.5	36.881262432798	-80.467549310519
197	1993.58333333333	36.7855970768852	-77.5678733599216
239	1993.58333333333	40.3463102550187	-78.9372549996547
244	1993.58333333333	39.2742959094782	-78.5831485957251
227	1994.25	40.2080272935984	-80.1807217166643
255	1994.33333333333	38.1738413715478	-79.2582826874555
261	1994.41666666667	40.1642386501102	-78.7063978537156
238	1994.5	40.3463102550187	-78.9372549996547
190	1994.58333333333	39.1547428244197	-80.2582491919127
228	1994.75	38.3710219291952	-79.792004723342
234	1995	39.8978570590399	-80.6478942465979
267	1995	40.3463102550187	-78.9372549996547
145	1995.16666666667	38.3397864893674	-80.415959695737
254	1995.16666666667	38.1910689708674	-78.6047386780765
97	1995.5	37.1002368295955	-79.8805834595314
274	1995.5	39.2742959094782	-78.5831485957251
260	1995.58333333333	40.2906552247097	-77.7816792117856
188	1995.66666666667	38.6279311155534	-80.1710522681573
283	1995.66666666667	37.7660835723255	-80.1986742958639
130	1995.75	37.0550947820205	-78.2462081216882
219	1995.75	37.9364280651588	-81.1435744692196
223	1995.75	39.3350088085125	-79.4382525070972
268	1995.75	37.9468827487644	-79.9506323803727
284	1995.75	38.1620262641312	-79.7805979363211
262	1995.91666666667	36.2317382091235	-78.48572171337
173	1996	39.2024621852968	-78.1585498545774
269	1996.16666666667	37.5774183744372	-80.0229091542953
294	1996.25	39.6494291364727	-79.5507411776633
273	1996.5	39.742160949163	-78.8346209668199
136	1996.66666666667	38.0404080510032	-81.3678448602398
174	1996.66666666667	39.6939851328476	-80.9425993944762
241	1996.75	36.5996290123546	-78.8852246819608
265	1996.75	37.3207624231187	-77.7656660656324
295	1996.91666666667	39.7956494530703	-79.578854740276
299	1997	37.7605842387054	-79.293002696458
323	1997	37.755623306643	-77.3292479268307
308	1997.08333333333	39.9592827151795	-78.8199603249721
296	1997.33333333333	38.2783585478476	-77.557811445431
320	1997.33333333333	38.9824462754249	-79.8869861800539
248	1997.75	38.0415300178552	-78.2482812999257
271	1997.83333333333	39.483733364365	-80.5427118748349
326	1997.83333333333	38.2269665118308	-80.0147169849127
293	1998	38.4077687015523	-78.8587155279279
311	1998	37.7605842387054	-79.293002696458
348	1998	36.1001915237813	-77.5082513132844
332	1998.16666666667	39.5179293658705	-78.4982246254324
318	1998.33333333333	39.0891542768837	-78.864918058348
350	1998.33333333333	39.0845330995465	-79.9395561260868
246	1998.41666666667	37.3946081565392	-80.1281319384612
317	1998.41666666667	38.1723463489619	-81.078387820368
333	1998.41666666667	39.0977080805189	-77.6908386177941
343	1998.41666666667	35.8843237170019	-78.0803932307709
286	1998.5	37.0308442632088	-80.2631294709081
353	1998.5	36.0104389846423	-77.8966038151179
315	1998.75	39.9537196341739	-78.4568363357365
329	1998.83333333333	39.536244636989	-79.6625367859762
330	1998.83333333333	39.5583938759246	-79.4305499374282
356	1998.83333333333	38.5963888715378	-79.5487413858764
289	1999	37.755623306643	-77.3292479268307
301	1999	38.9965065804828	-78.6405192068258
357	1999.08333333333	38.3710219291952	-79.792004723342
275	1999.16666666667	38.4763892658129	-79.1017464992418
287	1999.41666666667	36.8976226329812	-79.3221615544209
355	1999.41666666667	39.4729570138335	-80.6605739463363
363	1999.5	36.1063145153756	-77.2125685751157
336	1999.75	39.6114970869782	-77.7199701481757
375	1999.83333333333	37.8145343791953	-78.8410628867156
235	2000	39.6383890708458	-79.8657543547116
257	2000	37.0308442632088	-80.2631294709081
370	2000	38.3283499469938	-79.8729807867247
381	2000	37.1130576554034	-80.9560265541383
187	2000.08333333333	40.2906929252316	-79.472556886529
210	2000.33333333333	40.7254367808792	-80.9547430661219
380	2000.33333333333	36.6381939142977	-80.52231223704
369	2000.66666666667	38.9965065804828	-78.6405192068258
395	2000.66666666667	37.1002368295955	-79.8805834595314
383	2001	39.9592827151795	-78.8199603249721
221	2001.08333333333	40.6616334981983	-79.418732617364
365	2001.16666666667	38.7387156847209	-78.7433931011421
415	2001.16666666667	38.9965065804828	-78.6405192068258
319	2001.41666666667	38.4499107099233	-79.825644703413
385	2001.41666666667	39.3350088085125	-79.4382525070972
400	2001.5	35.8728162870352	-77.768830334622
417	2001.58333333333	36.4561266558422	-76.3509874614036
184	2001.66666666667	36.472313424822	-80.4487812580985
387	2001.66666666667	36.0104389846423	-77.8966038151179
423	2001.66666666667	38.1620262641312	-79.7805979363211
322	2001.75	36.7855970768852	-77.5678733599216
328	2001.75	38.6582322258825	-79.7965433786144
358	2001.75	37.9562478330365	-79.8074169142972
335	2001.83333333333	38.8456907287367	-80.3216832266879
360	2002	39.3350088085125	-79.4382525070972
420	2002.16666666667	38.358785504028	-79.5077492399485
331	2002.25	39.6174118052535	-79.2389245628599
409	2002.33333333333	37.279367238737	-79.6299062987015
313	2002.58333333333	37.7605842387054	-79.293002696458
421	2002.66666666667	38.2618551001194	-79.3676409324673
403	2002.83333333333	39.4195386234541	-76.7375688937961
414	2002.83333333333	39.8349455420962	-77.6543482138261
412	2003	38.8247834159212	-78.9820900003418
419	2003.08333333333	35.9986594957127	-78.491622306817
416	2003.16666666667	35.8626984449889	-78.3988020246933
439	2003.25	37.3207624231187	-77.7656660656324
404	2003.33333333333	38.0537185846269	-79.0792578250067
413	2003.41666666667	39.2024621852968	-78.1585498545774
368	2003.5	39.0977080805189	-77.6908386177941
405	2003.75	39.0929045247309	-79.2972983380242
434	2003.83333333333	38.2204658362294	-77.1197187865554
382	2003.83333333333	40.3359103282064	-78.1768429442118
285	2003.91666666667	39.0046791158581	-80.1844814656708
448	2004	37.9477827638153	-79.4098622249591
431	2004	38.0532135040666	-80.611893351831
430	2004.08333333333	38.1162130020936	-80.3437673603968
376	2004.16666666667	39.4737001489588	-79.5729355350666
346	2004.16666666667	38.2767852659108	-80.6325515560436
373	2004.33333333333	37.6356083306548	-78.5518498223704
391	2004.7	38.8935932802331	-78.2953993153643
