collection_date	latitude	longitude
34	1982.33333333333	35.228670992202	-78.4999052745206
41	1982.58333333333	39.092591678101	-77.2486978545402
43	1983.16666666667	38.8063618631082	-78.1391646839452
53	1983.58333333333	36.5068051774462	-80.0309498024918
35	1984.66666666667	37.5827173628071	-77.7214544011085
56	1984.66666666667	42.0494864223221	-76.8756846737213
51	1984.83333333333	36.8910124998619	-76.8206960712239
42	1985	38.8174722979238	-78.8579004207175
64	1985.25	39.616070887564	-76.2548224524932
16	1985.33333333333	39.2140999478669	-77.1491559022142
31	1985.33333333333	41.3923386761221	-76.7538494709841
62	1985.33333333333	35.9086222743121	-78.1821714938665
60	1985.58333333333	36.5697209744924	-77.1319530468859
47	1985.91666666667	37.5827173628071	-77.7214544011085
77	1986	37.4476427845398	-77.5622413342702
63	1986.41666666667	36.4788571991027	-78.4963122227997
72	1986.41666666667	38.2619418390488	-77.6180979174201
67	1986.5	39.4355330785264	-75.9287787077347
55	1986.75	36.7537294104759	-80.6063812453446
57	1986.83333333333	41.8598598631276	-76.9972487876388
79	1986.83333333333	38.0923638856961	-77.4029775336146
89	1986.91666666667	37.9115370003392	-77.7821183720778
80	1987.5	38.2705900526389	-77.2734657242489
94	1988.25	38.8034516078654	-77.9250165435868
40	1988.33333333333	37.910413241117	-78.129270701647
99	1988.41666666667	39.3091430426601	-78.5411059126412
105	1988.41666666667	38.9774307208678	-77.632428680696
61	1988.91666666667	38.4402296037251	-78.4794786434748
88	1988.91666666667	38.8115259812364	-77.4256238845718
90	1989	39.1689101509116	-76.7528290969406
66	1989.08333333333	38.8658890005211	-76.7573305188154
113	1989.08333333333	38.9818250990369	-77.9846456852182
91	1989.16666666667	39.9847321977048	-76.9466699018582
48	1989.91666666667	36.5981535841587	-76.9514641432212
101	1989.91666666667	37.0723117823857	-78.557320916796
71	1990.08333333333	38.4371307418974	-77.1624465046038
96	1990.16666666667	36.0841699213867	-79.1099017452346
132	1990.33333333333	39.1315530047089	-76.2034324005421
100	1990.41666666667	37.3825711608025	-78.0060295028329
103	1990.66666666667	39.4312822479246	-77.7870930108221
37	1990.75	38.0923638856961	-77.4029775336146
98	1990.75	39.453176985927	-78.3808840334266
114	1990.75	37.2370497065907	-78.0648420243755
143	1991	38.627662883752	-78.3061461217983
145	1991.16666666667	37.7890988897003	-77.0418223761677
142	1991.25	38.4402296037251	-78.4794786434748
123	1991.66666666667	38.2736491561981	-77.1829829523361
150	1991.83333333333	38.1322297862295	-79.4071762692437
151	1991.91666666667	38.1322297862295	-79.4071762692437
155	1991.91666666667	37.2805452565837	-77.6988660049715
110	1992	37.1362619545305	-77.6278263226681
146	1992.33333333333	36.7516156189437	-76.8381100379199
160	1992.5	36.8672898093494	-79.6555916164958
140	1992.58333333333	36.1093018153069	-77.6179432951952
130	1992.83333333333	39.1532892422281	-78.0648406536841
168	1992.83333333333	37.0609786798816	-79.4939231609024
148	1992.91666666667	38.1223373923192	-76.3354578581845
135	1993	38.8034516078654	-77.9250165435868
185	1993.16666666667	37.8348806491594	-80.0484237440525
193	1993.16666666667	37.3364227969092	-76.9148926797515
171	1993.33333333333	38.8063618631082	-78.1391646839452
191	1993.33333333333	38.6351623185665	-77.7007444101874
182	1993.41666666667	35.9911112046674	-80.6318273541752
157	1993.58333333333	35.9715823817855	-78.8588782090955
195	1993.66666666667	35.480026091529	-77.8562977025551
192	1993.75	37.3567826811218	-76.8365905631191
154	1993.83333333333	36.9971398451562	-77.2056618490333
177	1993.83333333333	37.2465570158683	-79.8140969733758
196	1993.83333333333	39.133340852329	-77.6777089533614
207	1994	36.5101951402698	-78.1286372426563
147	1994.08333333333	36.7378044805061	-76.9248568031127
20	1994.5	38.3547730066978	-79.7491927693554
167	1994.5	36.9877262388641	-80.9308697514403
174	1994.58333333333	36.7924384426328	-78.1937880867575
197	1994.91666666667	39.1597224124666	-78.2831963524364
194	1995.25	36.4299363014263	-76.6006160920103
219	1995.41666666667	38.034578236359	-80.1254909422812
235	1995.5	37.2708279078357	-80.0731694754127
201	1995.66666666667	38.9881133768434	-78.210819434524
237	1995.75	38.100434490944	-77.3060665649995
214	1995.83333333333	37.3701691193077	-80.8314105480556
221	1995.83333333333	36.925603389831	-78.7281616262681
108	1996	36.1320208899098	-78.8183061973619
213	1996	37.8707340307763	-80.3071995020525
243	1996	37.9417150436327	-79.3356138972826
149	1996.08333333333	39.4718612137942	-76.4970447645045
204	1996.08333333333	37.4542016489692	-77.4654857923156
244	1996.16666666667	37.7071680979282	-78.5271073262055
245	1996.25	37.5341075140246	-78.5177325735684
122	1996.41666666667	36.5101951402698	-78.1286372426563
224	1996.41666666667	37.2436554038611	-79.3398204203893
229	1996.41666666667	38.574747013667	-76.8799969016041
242	1996.66666666667	38.1619322305128	-79.674997081239
183	1996.83333333333	35.0934061237084	-80.6540085769166
247	1996.83333333333	36.1536424045444	-79.9988945357015
227	1997	38.034578236359	-80.1254909422812
246	1997.08333333333	36.1664987561884	-80.6626184412136
257	1997.16666666667	37.9128870465423	-77.9409360358804
248	1997.25	37.8030407114172	-79.7885284152807
181	1997.33333333333	37.2667771125077	-77.8091387669733
230	1997.33333333333	37.7344869673398	-79.0189634972102
253	1997.58333333333	37.3620696973743	-78.3307704836652
162	1997.83333333333	40.0092203440374	-77.258890757367
136	1998.41666666667	39.1586404971029	-78.4946017222616
236	1998.75	38.6254300197392	-78.0873813830034
265	1998.83333333333	37.7267097591948	-77.917279862739
233	1999	37.3751748215597	-78.52984086548
250	1999	36.3455597420364	-80.4686947842286
228	1999.25	39.2140999478669	-77.1491559022142
210	1999.5	37.5628924485023	-78.979708130997
259	1999.66666666667	36.4810965163344	-81.7079104755617
268	1999.66666666667	37.5628924485023	-78.979708130997
273	2000	37.7049180886858	-78.2791884976665
212	2000.16666666667	36.90473219878	-80.1742903402526
263	2000.41666666667	39.7347334188277	-79.5141157894308
269	2000.41666666667	37.775232102294	-79.5263813058103
276	2000.41666666667	36.8198316069111	-77.7059299744788
256	2000.5	38.8140061379056	-78.3767292653855
272	2000.5	37.0882336842454	-78.1126994464146
239	2000.66666666667	38.823075524532	-79.1336696227987
238	2000.91666666667	38.4447777673796	-78.2492345675124
261	2001.08333333333	39.3220615726684	-79.0732262759827
266	2001.75	36.7924384426328	-78.1937880867575
277	2002	36.7822593631304	-78.4454381412183
282	2002.16666666667	36.6537094424568	-78.1030298891555
270	2002.16666666667	37.7753474395474	-77.2958001595497
289	2002.58333333333	37.6158679059981	-81.1523860900534
280	2003.16666666667	36.7070036885926	-80.0975532420822
284	2003.16666666667	37.3701691193077	-80.8314105480556
291	2003.5	36.307664266072	-79.5390619772185
241	2003.66666666667	36.7293827379715	-80.3527673563551
281	2003.66666666667	36.3455597420364	-80.4686947842286
297	2003.91666666667	39.4470122860954	-79.9066918728889
293	2004.16666666667	36.3852890693728	-77.617731133023
296	2004.58333333333	39.4470122860954	-79.9066918728889
285	2004.66666666667	37.8334354849665	-81.2239279024578
298	2004.7	39.1508041827952	-78.9896247187599
