LR1_coefficients_null_raster	LR1_coefficients_Elevation_16_k10_R	LR1_R2_null_raster	LR1_R2_Elevation_16_k10_R	LR1_Q_Elevation_16_k10_R	LR2_coefficients_null_raster	LR2_coefficients_Elevation_16_k10_R	LR2_R2_null_raster	LR2_R2_Elevation_16_k10_R	LR2_Q_Elevation_16_k10_R
2.63112937908886	0.666522392845951	0.348322152888035	0.558878972662246	0.21055681977421	2.80109554100281	0.107034211697919	0.273013631075529	0.312857789526784	0.0398441584512555
2.26839324436627	0.630909693980322	0.215443800884722	0.461055395355546	0.245611594470823	2.7807744957836	0.115570223816048	0.211965653968262	0.303541160219715	0.0915755062514532
2.23148886620859	0.653942836126686	0.283204384819121	0.515982201120395	0.232777816301274	2.73804925126921	0.134379983029852	0.248420354820641	0.359360630521697	0.110940275701055
2.32527477166332	0.644836901324821	0.269879097662116	0.491629690757194	0.221750593095078	2.57107192761048	0.108870093266698	0.202892193422796	0.278583243137532	0.0756910497147356
2.32829969293535	0.715252290358475	0.232175460094362	0.574224914358804	0.342049454264441	2.45765482435294	0.135981765119934	0.193065326244426	0.382507022898059	0.189441696653632
2.33891772489887	0.708511377634738	0.229047971706831	0.489000683477462	0.259952711770631	2.77509488756682	0.135914285679942	0.188115748949557	0.296506240843777	0.10839049189422
2.73084712502391	0.696925164461035	0.305457377512799	0.556555191034759	0.25109781352196	3.0904268988904	0.122115577648631	0.273598468059042	0.369984887549436	0.0963864194903943
2.27341435096972	0.632621546045483	0.281948658356633	0.530473877271362	0.248525218914729	2.42832850307823	0.116294926311546	0.233996860014662	0.338642294340747	0.104645434326085
1.68780530894669	0.692749877234581	0.17616243977835	0.552640005330163	0.376477565551813	1.69235800019077	0.135276096562116	0.127939210725396	0.36498372391978	0.237044513194384
2.58726939561902	0.704055734916165	0.350394013148081	0.648924013050766	0.298529999902685	2.67257054983544	0.117967920367866	0.274796823501036	0.39780851814145	0.123011694640414
2.18207286232518	0.652510893496321	0.272061491971459	0.548323420123979	0.27626192815252	2.53750540941929	0.11686155630798	0.249473783276429	0.351505461648785	0.102031678372356
2.74948632097859	0.758351526368592	0.320658659843581	0.610603896724542	0.289945236880961	2.94427515875778	0.163037919037151	0.23896773531263	0.420308006048627	0.181340270735998
2.89214350275156	0.779756012436902	0.309122272220817	0.623988317096636	0.314866044875819	3.56255034593452	0.146770541093734	0.258974583227803	0.391179686724239	0.132205103496437
2.10508908528971	0.675264277605164	0.256653076116822	0.546680491323169	0.290027415206347	2.19945488678136	0.128890804196925	0.214134980809296	0.357950293436291	0.143815312626994
2.24521799651376	0.679032786691995	0.247291190991321	0.502845783644927	0.255554592653606	2.77899321212701	0.189546092032365	0.216339638924658	0.434763907020057	0.218424268095399
2.58082201663246	0.657215601366949	0.376005967370924	0.502409838321706	0.126403870950782	2.82389748854293	0.137741439485687	0.36086616088304	0.362251105193309	0.00138494431026903
2.84445759476989	0.741082342666558	0.313381153944711	0.596995285753201	0.28361413180849	2.93999962752831	0.13264482961852	0.247511782121759	0.380270873931882	0.132759091810123
2.09454315070538	0.711906653166954	0.236714940956507	0.593501406288595	0.356786465332088	2.66530876910369	0.143361516088646	0.230637543977494	0.458642925728999	0.228005381751505
2.14680889741298	0.620580646942031	0.252118677578911	0.490305796736816	0.238187119157905	2.58024497685821	0.108044720599011	0.215019462014986	0.30416970398927	0.0891502419742842
2.60595717229825	0.785150127542086	0.289968996911618	0.563054635933416	0.273085639021798	2.85194729071884	0.185358789175608	0.221934113755059	0.392772446886612	0.170838333131553
2.35476831108272	0.674965295906265	0.237828674906614	0.513744279116519	0.275915604209904	2.81084452483918	0.127558004719696	0.207087320171639	0.343069668004318	0.135982347832679
2.65179389797758	0.70642770240346	0.313518224100104	0.550223116394096	0.236704892293992	2.85634444699698	0.116466744342765	0.26153346932368	0.314491422185274	0.0529579528615932
2.25960101890603	0.716966851854112	0.25453711406473	0.556873281210603	0.302336167145873	2.63453688589767	0.124644615166224	0.220006313599452	0.340213152417442	0.12020683881799
2.05377817943499	0.638589858665239	0.256578616433434	0.521815466837397	0.265236850403963	1.99837686167074	0.142021793107836	0.173478233153194	0.384854127484648	0.211375894331454
2.33401657583511	0.68513009207771	0.246380909843307	0.496457833808373	0.250076923965066	2.34352207963448	0.116110290546417	0.194813632086395	0.298403828067427	0.103590195981032
2.41986655625056	0.660572067124523	0.28150982826476	0.53911318596617	0.25760335770141	2.84142438890753	0.108496477603451	0.255194801807749	0.321621756259617	0.0664269544518684
2.30154048369622	0.693947898845053	0.311161335765806	0.592678255722216	0.281516919956411	2.78477166739884	0.130251527176409	0.267370344185121	0.375626540678856	0.108256196493735
2.2655259295674	0.662803650286284	0.249446950179225	0.488799231668934	0.239352281489709	2.37626428992037	0.110339737868678	0.201013107534354	0.269213059780518	0.0681999522461645
2.74885398770357	0.777931865872719	0.339574854458371	0.64328788736629	0.303713032907919	2.88007502700429	0.187170659604146	0.242756659082878	0.455634561240483	0.212877902157605
2.81764399846752	0.74625252163336	0.360060599674989	0.612354920212853	0.252294320537864	3.25752841389156	0.141884256865109	0.301068930497006	0.393069185981356	0.0920002554843497
1.50604987176273	0.691201660394206	0.140678363347723	0.527501926518987	0.386823563171264	1.50373269817312	0.127443162370353	0.101992091182235	0.34303138125867	0.241039290076435
2.66718919076849	0.730084927801743	0.305052852762435	0.551505902952348	0.246453050189913	2.84969359170045	0.1522050238739	0.231220928275521	0.367669981728379	0.136449053452858
1.58800474775967	0.623586115228171	0.142857347950012	0.43511415318135	0.292256805231338	1.94473112199256	0.113384843581716	0.122000086452372	0.269768506014537	0.147768419562165
2.40401644305681	0.742697437403395	0.292139294622507	0.617910078106964	0.325770783484457	2.51739185341097	0.142382235563597	0.221895291166534	0.412020604355827	0.190125313189294
2.32710323670213	0.666556632673959	0.224590949209276	0.465986324387159	0.241395375177883	2.74954757737531	0.116652958951575	0.196759816929117	0.275993052411027	0.0792332354819099
2.23664118925119	0.698039333554878	0.266696092251478	0.528411023898137	0.261714931646659	1.97367109401314	0.174998081340764	0.182739908317706	0.40915012330224	0.226410214984534
2.3414324427833	0.643499188063468	0.252445967878728	0.457143020042861	0.204697052164133	2.57372578811786	0.107844982341428	0.221569971598498	0.275353048221317	0.053783076622819
2.63967509294696	0.621140520515948	0.376233460916464	0.560397974560223	0.184164513643759	2.89312144371085	0.107704254285571	0.308334691022696	0.359237226914531	0.0509025358918349
2.53691141914646	0.73537932647564	0.282856728733536	0.54404419617086	0.261187467437324	2.80867332134478	0.146976861038872	0.238834827232015	0.376164229436588	0.137329402204572
2.61276558430904	0.698156937315458	0.310414482090921	0.51243809707152	0.202023614980599	2.98685954481261	0.139807643224249	0.246207031851111	0.335864982768246	0.0896579509171352
2.50600150575052	0.686318724821791	0.296975342867839	0.57537306918459	0.27839772631675	2.84514940836263	0.124675485185982	0.264000607452435	0.381031533838982	0.117030926386546
2.72034161599567	0.694990870034945	0.308595603114978	0.506726837863978	0.198131234749	3.21479657045481	0.118187840490854	0.258311229634525	0.282807992780292	0.0244967631457673
2.20282454337895	0.647256467193553	0.256799058698135	0.49791038217987	0.241111323481735	2.53200909665448	0.120159467625765	0.221687957681004	0.329511474427009	0.107823516746005
2.1918332434061	0.782856542787903	0.2044790956488	0.591604844323598	0.387125748674798	2.14206397479473	0.172806504034794	0.14022652251622	0.401347383541153	0.261120861024933
2.49213122716321	0.59590507568314	0.378581376870935	0.566739493238188	0.188158116367253	2.37934416205525	0.0847653998153248	0.328284496843592	0.334020651022372	0.0057361541787801
2.79060483674425	0.724319341258205	0.327268530533133	0.585934104382187	0.258665573849054	2.9104815901621	0.125979390410039	0.259269701180444	0.353660102679141	0.0943904014986966
2.31395921160227	0.633574237373943	0.259128002478138	0.521709416531409	0.26258141405327	2.3228278848383	0.09270805689353	0.20547273027418	0.263759356528277	0.0582866262540968
2.66512684763791	0.71545970616116	0.29861432362053	0.499765527196864	0.201151203576335	3.04178943281093	0.157369730895371	0.253548291900982	0.36112992216429	0.107581630263308
2.09305169931981	0.697400829656545	0.236268979516667	0.55189710374728	0.315628124230613	1.91633706849451	0.115603972518942	0.166935491370631	0.312751299066658	0.145815807696027
2.04348675813289	0.697009560274266	0.227681201215151	0.588258826183036	0.360577624967885	2.5295295801516	0.117918430371321	0.194318335808477	0.329386360297454	0.135068024488977
2.49386946627071	0.698663093077194	0.262207948507734	0.551803934009996	0.289595985502262	2.72741049587895	0.117828854141755	0.219703500345245	0.333644242705818	0.113940742360573
2.20181300928198	0.666924085103628	0.231276874422198	0.503557424305961	0.272280549883764	2.4175969050885	0.116553593679587	0.19799308767008	0.328483104841067	0.130490017170987
2.61289164431307	0.6935387977856	0.280662854981749	0.545577056265778	0.264914201284029	2.86510493751418	0.146416579824315	0.222351824380711	0.374188425979165	0.151836601598454
2.06136911761257	0.644851259091762	0.230980407684743	0.546710808887865	0.315730401203122	2.48439371253814	0.109530997216671	0.226578405829035	0.364284945038323	0.137706539209289
2.51373518180925	0.64901272395506	0.307038689386348	0.486055168626782	0.179016479240434	2.61855923999858	0.105671092442205	0.24457193399463	0.278305689554598	0.0337337555599677
2.44581170660128	0.790179007493771	0.266591173874592	0.606369111226496	0.339777937351905	2.43361539641581	0.158121252242137	0.204486156995821	0.412378005746113	0.207891848750291
2.3422620695367	0.659330297999234	0.294572162929279	0.514611119215044	0.220038956285765	2.5194659805087	0.102696239149679	0.236553461011755	0.274991958557659	0.0384384975459034
2.13329100258074	0.610000493434645	0.274412239193604	0.501544578666174	0.22713233947257	2.56082718869845	0.115195073168239	0.268174195595531	0.339163672110136	0.0709894765146052
2.46153328210806	0.676060304301484	0.268345072336142	0.517042782614069	0.248697710277927	2.76313357551932	0.117262996572292	0.223184774652596	0.313720765010806	0.0905359903582107
2.62961795655126	0.694929102978743	0.282190677762767	0.567831948849738	0.285641271086971	2.92691489575931	0.11961299913934	0.263632330343722	0.367714841014188	0.104082510670466
2.47200183198942	0.639723816896237	0.268614593071629	0.465181607990742	0.196567014919113	3.06185852502835	0.113307058626596	0.253092134025804	0.29006586371761	0.0369737296918056
2.39531204904695	0.712886278574982	0.299360629205605	0.584248898033097	0.284888268827492	2.56253037188332	0.132420857502296	0.244403208091894	0.363225362467673	0.118822154375779
2.40882872270803	0.678099228460559	0.263929421230463	0.533633243339131	0.269703822108668	2.49374891753171	0.117214573931391	0.197670080821663	0.318324395383077	0.120654314561414
2.52599065817357	0.722171893455381	0.303321810326112	0.586010043926717	0.282688233600605	2.55523751660567	0.135984408883779	0.225755804460632	0.368069491018826	0.142313686558195
2.27970788470025	0.732141953332281	0.252646010450378	0.592954628758433	0.340308618308055	2.67252739441765	0.16781436706944	0.194766420574706	0.417332306858505	0.222565886283799
2.47949643866771	0.700646116103666	0.34384544627411	0.623770008569624	0.279924562295514	3.01999587414806	0.128458716584027	0.290432037706583	0.384443616613198	0.0940115789066147
2.06819304474121	0.640293731460534	0.229559051975672	0.508707261820474	0.279148209844802	2.27776025169135	0.115205772556135	0.187314269439032	0.309873533178316	0.122559263739284
1.72679427979536	0.608237316304393	0.161733984643779	0.457515964317188	0.295781979673409	2.25162131305487	0.10948398298621	0.158397940817334	0.300678973963405	0.142281033146071
2.40444451636791	0.689844821129727	0.261055420524987	0.519283822255265	0.258228401730278	2.31868367876648	0.119578637620802	0.173922164989236	0.285957889524569	0.112035724535333
2.37768412922905	0.70052517612981	0.294675513432044	0.587899657169134	0.29322414373709	2.49895217064797	0.142952846441822	0.22798233177502	0.401964847481882	0.173982515706861
2.4761592381716	0.706936790627553	0.228007256243348	0.473632774291179	0.245625518047831	2.64073434332642	0.129464675626518	0.183974502531276	0.297320876515071	0.113346373983795
2.7214233083119	0.688373529454	0.291004183114799	0.461104844718593	0.170100661603794	2.99317558749927	0.12012604478076	0.216201768666303	0.25952040047661	0.0433186318103065
2.82699561991124	0.689736034781163	0.330623147083895	0.547599485530419	0.216976338446524	2.92725345341647	0.118618003147092	0.279948518766286	0.346418841650588	0.0664703228843018
2.13114150502075	0.64466343284126	0.234510947857135	0.520397803659962	0.285886855802827	2.66330558475704	0.11432689519623	0.236703450530076	0.346786048275996	0.11008259774592
2.16591206781702	0.626223510903528	0.276158366004763	0.50101561922255	0.224857253217787	2.33575196578807	0.10943896596642	0.217325190612057	0.296074634745017	0.0787494441329597
2.48293872376375	0.703546709835424	0.270667288357039	0.556609877785553	0.285942589428514	2.70781330947605	0.134679365875829	0.21665312810876	0.35676758506215	0.14011445695339
2.13563939772039	0.624299572512257	0.234090192188009	0.469739946094983	0.235649753906974	2.46420792377978	0.10626850778384	0.195817138715181	0.269908822864458	0.0740916841492773
2.30983316496775	0.63433484750238	0.317118879218005	0.497684521224602	0.180565642006597	2.55776982246767	0.107839340083328	0.26471443528109	0.276715020230134	0.0120005849490444
2.59036478622578	0.737058290509014	0.259978072623007	0.548618651982893	0.288640579359887	2.74133152398575	0.128980971563683	0.22104553247507	0.349347633623446	0.128302101148376
2.66646743964981	0.735732883783583	0.268178294421085	0.537526019803374	0.269347725382289	3.05035591658026	0.139653544895971	0.222131353330256	0.346993162452133	0.124861809121876
2.89647250431045	0.763000479312622	0.342281766635577	0.61653452449721	0.274252757861632	3.25517325227037	0.149167635489268	0.278853175286461	0.399032500965144	0.120179325678683
2.31295366961907	0.707250337425178	0.28647593777334	0.602303269569682	0.315827331796342	2.55045379612281	0.121192027281353	0.25433390720119	0.37949466525604	0.12516075805485
2.4317845620242	0.721313248345387	0.296239913137899	0.556410305538655	0.260170392400756	2.54327480267681	0.140825532537145	0.23239411912004	0.363426533285997	0.131032414165956
2.72537741349096	0.676360240213446	0.332470102648934	0.515256202296697	0.182786099647763	2.91544857842367	0.113927687650077	0.277749169002332	0.305171304055935	0.0274221350536027
2.43379692347636	0.672265143691403	0.256155579424714	0.501017622048021	0.244862042623307	2.75813300563441	0.117079469922766	0.206660999240561	0.291529595507595	0.084868596267034
2.29904633724955	0.645376001754312	0.268675206958287	0.506472752110457	0.23779754515217	2.45331970056309	0.116320147523666	0.207642086480292	0.331619340197307	0.123977253717016
1.86940552727598	0.60729174539132	0.185528129324686	0.392360598783778	0.206832469459092	2.12781109559251	0.106523815527571	0.157903394509052	0.236184785512224	0.0782813910031726
2.08911719280982	0.6444636463834	0.183242813440445	0.388504140599065	0.20526132715862	2.54974622389944	0.117066461856313	0.196730743652884	0.267612085923749	0.0708813422708653
2.69361168807993	0.714452844681447	0.295057782329305	0.520751937326303	0.225694154996998	2.75443639302851	0.121408146950511	0.232324691313839	0.312274476092904	0.079949784779065
2.46998998714642	0.687613458570774	0.27139766660596	0.527094185246595	0.255696518640635	2.71184528846432	0.129537380205481	0.214281467200954	0.326246349031841	0.111964881830887
2.45958577410736	0.71906878752013	0.325358923930454	0.610937293133355	0.2855783692029	2.45300618550641	0.119565341104507	0.228496124909593	0.338555239968082	0.110059115058489
1.87044553847994	0.703785565984364	0.172994263938666	0.493645832723382	0.320651568784716	2.08225696391926	0.125566103627012	0.143591444266812	0.30495383218404	0.161362387917228
2.40410739372201	0.664008422079762	0.228893220509366	0.4306327700334	0.201739549524034	2.78736718423026	0.0999424770539017	0.189382654148597	0.223793957641766	0.0344113034931691
2.4583676028984	0.711712908741839	0.365011069173396	0.64729662072461	0.282285551551214	2.5057068183467	0.127175488688604	0.313301447798525	0.41351664702095	0.100215199222425
2.50730110985505	0.631499979847368	0.330030348522564	0.493802286802389	0.163771938279825	2.53030807029637	0.102063667398722	0.271549896727848	0.297887882188811	0.0263379854609634
2.89842691651428	0.797023875049498	0.309631284689456	0.55868127256136	0.249049987871904	2.96068195370943	0.138374463833803	0.253865014132207	0.353690032718906	0.0998250185866992
2.09770349298045	0.650830933249209	0.235373551702235	0.489128550967385	0.25375499926515	2.24648358474387	0.110646703693201	0.189807006927602	0.285049677906077	0.0952426709784751
2.58206828285322	0.71286665696737	0.319621880551498	0.567433210362601	0.247811329811104	3.28120863887242	0.122678296642633	0.284015829188199	0.338150794488683	0.0541349653004844
2.40180779310075	0.712711401017229	0.243438664754772	0.476437329148571	0.2329986643938	2.6426156443054	0.129565435927965	0.197286094970112	0.300102883938638	0.102816788968527
2.12750703258177	0.703524280164568	0.19363593276138	0.471244031494846	0.277608098733465	2.58161590966988	0.121365638987664	0.15611413007981	0.256883437364613	0.100769307284804
