LR_coefficients_null_raster	LR_coefficients_Elevation_16_k10_R	LR_R2_null_raster	LR_R2_Elevation_16_k10_R	LR_Q_Elevation_16_k10_R
12.9607197516053	16.6282313804262	0.198811404824713	0.448189411001148	0.249378006176434
13.0936667929937	16.5163821533117	0.204476932649312	0.445592651533174	0.241115718883861
12.6568623058192	17.0168820376453	0.185531841943296	0.459317233648824	0.273785391705528
12.9890125800893	17.1137849861293	0.191021805386547	0.454160402163842	0.263138596777296
12.4980457400473	16.7422647633822	0.186168988003817	0.457549345214265	0.271380357210448
13.0260231449563	16.9631048451402	0.197135000358856	0.45786469643884	0.260729696079984
12.7497060243155	17.2426498471865	0.181573782702966	0.454828053002907	0.273254270299942
12.5147172421096	16.4175969513923	0.188626316459063	0.444596319897474	0.255970003438411
12.5841021285786	16.9879540931423	0.180439434027025	0.450355606988075	0.269916172961049
13.0786752234679	17.5017407940679	0.190307883270735	0.466743409432785	0.27643552616205
12.6398302266569	16.7876731250038	0.182972969476332	0.442050485542761	0.259077516066429
12.9983614411828	16.6178072963185	0.198613983326658	0.444596960409861	0.245982977083203
13.0856675879436	17.0300419621131	0.199488656833009	0.462747740451828	0.263259083618819
12.7362113655273	16.8157601084838	0.191386159277751	0.456929763012015	0.265543603734264
12.7608341695241	16.8247289465481	0.192680233277042	0.458734721789968	0.266054488512926
12.6988544147247	16.7139939432274	0.194017001971916	0.460317628007389	0.266300626035472
12.6855991744217	16.1617111949905	0.193232302830773	0.429555082645471	0.236322779814698
12.6903891749571	17.0245955499008	0.185293312110743	0.456719862467267	0.271426550356524
12.4903371867419	17.1194804649887	0.182322803969228	0.469094413351872	0.286771609382644
13.0067356560933	17.0125443520091	0.195059492242558	0.457041264449728	0.26198177220717
12.8569770771104	17.2055843134969	0.187392499789028	0.459620996815907	0.272228497026878
13.5451187751926	17.2744579414051	0.212397114020597	0.473127579521328	0.260730465500731
12.9574029674228	16.8752237355142	0.194291427109531	0.451339368260618	0.257047941151087
14.7057974475	17.1667378200675	0.236164766478544	0.440757714539236	0.204592948060692
12.9074830092172	17.4203279980815	0.189213195447049	0.472027641192188	0.282814445745139
12.5638573683287	16.2639390258399	0.189366850363396	0.434606154390873	0.245239304027477
12.6311546042749	16.8246587670871	0.191748916436394	0.465935477664547	0.274186561228154
13.2937761912194	16.9300606450883	0.20352728537169	0.452094653981529	0.24856736860984
13.6042324377037	18.6590492591059	0.192772389635439	0.49666343572403	0.303891046088591
12.6631612985374	16.950143002396	0.186345871469207	0.457265766003282	0.270919894534076
11.5701521743578	15.6646291235919	0.148006477200076	0.371560258365733	0.223553781165657
12.5198694843087	17.1391578551392	0.17967814237854	0.461170046248099	0.281491903869559
12.9200526343991	17.0179175289746	0.190323065684921	0.452232870138409	0.261909804453488
12.5014559177534	16.7911677296793	0.185154172619251	0.457467813948482	0.272313641329231
12.9523778324885	17.3568756425133	0.189274279570439	0.465502621428102	0.276228341857663
12.768978970105	16.7630034171099	0.192746386182342	0.454950374994121	0.262203988811779
12.7965996060887	17.0095893996826	0.19357840254595	0.468426899626909	0.274848497080959
12.930918899227	16.8735965900317	0.193354527996469	0.450917743750208	0.25756321575374
13.0602215759348	16.6984722193418	0.20114614347575	0.450350392257865	0.249204248782114
12.805174917151	16.9741057937443	0.18895765205837	0.454730082600429	0.265772430542059
13.9008308393316	18.2569325812143	0.208655095186754	0.492934858901197	0.284279763714443
12.4973694190419	16.5970400067788	0.183790090251754	0.443948479296682	0.260158389044928
13.1977565581821	17.4063714574423	0.196845618488877	0.468952060760352	0.272106442271475
12.6506912333218	17.135549885151	0.181478806977116	0.456015836044091	0.274537029066975
12.7549363273006	17.0798224908829	0.190758901454969	0.468469540630599	0.27771063917563
12.9508086643026	17.0647561851556	0.191293137255782	0.454875226812581	0.263582089556799
13.0318671695944	17.1909665509774	0.194401413686952	0.463311597305336	0.268910183618383
13.3009014530125	15.3667471057306	0.199810686591867	0.365264009759957	0.16545332316809
12.8447728476168	16.9512957288836	0.190034230479074	0.453284848222968	0.263250617743894
13.1880963408965	16.8971828881804	0.206454696450228	0.464168412019161	0.257713715568933
12.7017164763729	17.0641096893855	0.19137393494716	0.473055027364831	0.281681092417671
12.9181387387687	16.8898410303914	0.194009913202109	0.454215137124874	0.260205223922766
12.6024862448089	16.926510067869	0.183797051516313	0.454095682725766	0.270298631209453
12.9407455042001	17.0274706978345	0.193185039113049	0.458080282807348	0.264895243694299
12.0560143402846	16.7167251746988	0.165003176448685	0.434483818079433	0.269480641630749
12.8590738765062	17.0093146555356	0.192234044079846	0.460649918730644	0.268415874650797
12.8059125228047	17.1059050370468	0.187377084231268	0.457903490044842	0.270526405813574
13.0472127755185	16.3888752368401	0.197861215804581	0.427572640034625	0.229711424230044
13.0428694329011	17.1809148139288	0.197998369541472	0.470537618880582	0.27253924933911
12.6653605773069	16.7254874598733	0.18820108780574	0.449501356143089	0.261300268337349
12.7881556543566	17.2033396189629	0.186320590169049	0.461803253684662	0.275482663515613
13.7014101551098	17.293793118711	0.214944138708735	0.468988334826669	0.254044196117934
13.0818174134741	17.0384278350371	0.197108931818469	0.457947405611822	0.260838473793354
13.2712331014999	17.2557672200218	0.202718778736554	0.469381964415942	0.266663185679387
12.8581828096881	16.6598346380583	0.194169268096876	0.446425605534588	0.252256337437712
13.9236218843887	16.3876286005616	0.219285270765928	0.416029067518212	0.196743796752283
12.8217781986918	16.8944760738909	0.191480435971681	0.455306421111274	0.263825985139593
13.031155392027	16.8939043942117	0.195593527684886	0.450230711516779	0.254637183831893
12.8755190836935	22.2693740457498	0.0745610545417502	0.305481535741957	0.230920481200207
12.7642658317468	16.8991864614588	0.190408940573805	0.457102582940644	0.266693642366838
13.4619250609505	16.327119979648	0.216789405802804	0.436746389394402	0.219956983591598
13.7514020208226	17.7541479384777	0.211652126688301	0.483186509914785	0.271534383226485
12.9868091653487	17.2818061552789	0.19376360448624	0.469928708910126	0.276165104423887
13.3953359010478	17.2356965419766	0.20214902412441	0.458361925645699	0.256212901521289
12.8197002131771	16.9621767754888	0.190566280470043	0.456919736135268	0.266353455665225
12.6570956835876	17.0522096639796	0.186912846752056	0.464642404900293	0.277729558148237
12.9135050552436	16.8767805146489	0.191532339924189	0.448042770242038	0.256510430317849
12.6422465311694	17.0950772621323	0.184706762266683	0.462554454520533	0.27784769225385
12.6086392533798	16.5527268401061	0.18875463914717	0.445540022877186	0.256785383730017
12.6022479534384	16.8901687553946	0.188044070271777	0.462613190514882	0.274569120243104
13.2849032679929	17.7779871572547	0.195554045078503	0.479624784989575	0.284070739911072
12.886182103679	17.0348854256996	0.190269447243647	0.45539199182582	0.265122544582173
12.6809314340442	16.8909836350926	0.189429534524362	0.460300771838803	0.270871237314441
13.7917410591617	17.6586967373	0.208629978291081	0.468427343342093	0.259797365051012
12.6612663076986	16.8247613715643	0.189560259374362	0.458434471202824	0.268874211828462
12.9334155574706	17.2400082508557	0.189281794480303	0.46062104555212	0.271339251071817
12.866692374273	17.233738794398	0.190479548130151	0.468015232315356	0.277535684185205
12.9084503191254	16.3782018135446	0.199492339142002	0.439842185673898	0.240349846531895
13.2387197819638	17.9938309182118	0.192962329247648	0.488218534787581	0.295256205539933
12.6889180566489	17.0567315419911	0.187936244161305	0.465092579476964	0.277156335315658
13.0803820873879	17.5224036094451	0.188753125718496	0.463902909708678	0.275149783990182
12.9812882010032	17.0988435108425	0.19432460497954	0.461755541838851	0.267430936859311
12.7404081694484	16.6413117890395	0.192126393353273	0.448933371050668	0.256806977697395
12.8455448177533	16.862537624183	0.1856038229075	0.438040377049574	0.252436554142074
13.4488632891823	16.8570367755125	0.208409767179488	0.448431184263605	0.240021417084118
12.9764371395044	16.9252318809894	0.195031719722075	0.454412242750352	0.259380523028276
13.0544722195137	17.217390971778	0.196149891983875	0.467294365828261	0.271144473844386
12.7737205859169	16.9788990722157	0.191201689351101	0.462660484716173	0.271458795365072
12.551945688738	17.0050460379483	0.18352042702288	0.461322219857117	0.277801792834237
13.2672043163037	17.0396946824693	0.204963688623821	0.463050276490875	0.258086587867054
