LR1_coefficients_null_raster	LR1_coefficients_Elevation_16_k10_R	LR1_R2_null_raster	LR1_R2_Elevation_16_k10_R	LR1_Q_Elevation_16_k10_R	LR2_coefficients_null_raster	LR2_coefficients_Elevation_16_k10_R	LR2_R2_null_raster	LR2_R2_Elevation_16_k10_R	LR2_Q_Elevation_16_k10_R
0.32288771600317	0.116796813766251	0.577083866343419	0.759676200055652	0.182592333712233	0.0251746487152598	0.00483928364698505	0.441013987751115	0.871335499054218	0.430321511303103
0.332267127250596	0.11634055868705	0.503196803525741	0.631565364556622	0.128368561030881	0.0234203297177256	0.00532498135067181	0.355241193914816	0.776185895193802	0.420944701278986
0.330377004124567	0.0983028926273185	0.456421941381062	0.510737458366569	0.054315516985507	0.0359985576791704	0.00437374080470938	0.441266841334087	0.582233004098937	0.14096616276485
0.309386527965825	0.112595997436848	0.507593190506248	0.678958830935064	0.171365640428816	0.027504255191004	0.00448568800083953	0.423338140151084	0.726614433792173	0.303276293641089
0.307290431449709	0.105764922472229	0.549931003989323	0.673621656622209	0.123690652632886	0.0320474242035676	0.00417325427412793	0.513847707193335	0.737548594221313	0.223700887027978
0.320837418593741	0.115204035883247	0.482316127048287	0.660231329195788	0.177915202147501	0.025012076800335	0.00540438961221915	0.368032117396678	0.803230084072053	0.435197966675376
0.293635885149068	0.121989103665294	0.467873940797784	0.676664807052574	0.20879086625479	0.0218970250599348	0.00526871581868581	0.373691975392802	0.802405916249168	0.428713940856366
0.329747232866805	0.118638335989767	0.433868325849478	0.560143089844324	0.126274763994846	0.0340305045368568	0.0056032173683761	0.374554852054359	0.622990078559651	0.248435226505292
0.305258296391062	0.115254851357847	0.578987369693468	0.726642637728011	0.147655268034543	0.0267620077470977	0.00472016319079725	0.508777675714841	0.856887107070925	0.348109431356084
0.326407325250318	0.108955184030967	0.544066195189285	0.636922716043223	0.0928565208539378	0.0290108088896118	0.00427257531252166	0.485168262267298	0.728717597270639	0.24354933500334
0.314870271346393	0.105801106040185	0.570958265212725	0.720248903644905	0.14929063843218	0.0226490873067781	0.00372686929756493	0.44799026130433	0.805164878624561	0.357174617320231
0.277711221959272	0.114716366176092	0.428824285239487	0.606843305648129	0.178019020408641	0.0208477441339227	0.00547978489834853	0.338420271931196	0.729843884703422	0.391423612772226
0.313992904621246	0.112288477845531	0.544732465217	0.650950659829762	0.106218194612762	0.0229017284406711	0.00436964965913714	0.423557664879036	0.682115747010262	0.258558082131227
0.348040442242529	0.114754003060825	0.695662219207821	0.773171104874752	0.0775088856669311	0.0273119598903322	0.00420775832536477	0.56448655818117	0.833874646276532	0.269388088095362
0.3393540370617	0.114230819528774	0.595918784197766	0.722045323665416	0.12612653946765	0.0313491766252491	0.00418166936958203	0.540648080310139	0.789518994910081	0.248870914599942
0.357888493119052	0.12578308783012	0.608679343832951	0.712688354604246	0.104009010771295	0.0384714030039641	0.00528206332356481	0.583930426208173	0.777013045647144	0.193082619438972
0.289221567176271	0.110672969729769	0.491204394818512	0.657896994004517	0.166692599186005	0.022329392438027	0.00488314101085766	0.391470906401979	0.78251980326432	0.391048896862341
0.325487692739055	0.128672728347689	0.551450880383461	0.767250936882884	0.215800056499423	0.0241445965126119	0.00550417840576346	0.408325569934448	0.872257809497594	0.463932239563145
0.317630737486805	0.115886372969628	0.564171105981849	0.731724511353116	0.167553405371267	0.0274671336465677	0.00425755574577407	0.468196957507277	0.752948215852272	0.284751258344995
0.37813528772652	0.113908045633349	0.661874080112993	0.733165008216038	0.071290928103045	0.0311130063041939	0.00408860300360943	0.538785958123029	0.798452260024094	0.259666301901066
0.299111611888241	0.104113209820177	0.583671201712394	0.729262594355868	0.145591392643474	0.0235400754605134	0.00384502077213529	0.472105685931714	0.805607156747567	0.333501470815853
0.392137308479677	0.121439159073145	0.612769312796145	0.746031270860303	0.133261958064158	0.0488586915619751	0.00460157670522059	0.621262322008418	0.799286716456417	0.178024394448
0.300292492125855	0.102313788880127	0.538869874442366	0.624581578884735	0.0857117044423685	0.0215613530875373	0.00392176050450015	0.430283373423326	0.722129610382224	0.291846236958897
0.312364626393472	0.111854910330793	0.542219261502588	0.68964071975284	0.147421458250252	0.0267091420184356	0.00370597681981997	0.461937157104312	0.675977056080153	0.214039898975841
0.318004107999101	0.0952542857404043	0.421173108010172	0.470822752681718	0.0496496446715459	0.0269670892233259	0.00375772691734605	0.344634136319016	0.468831027290346	0.12419689097133
0.307666956327384	0.112472325523784	0.589911644273108	0.776308086697734	0.186396442424626	0.0243018579936977	0.00365514609201063	0.483309345964969	0.782222164714463	0.298912818749494
0.278255527350592	0.123414834194737	0.497347624851115	0.719248038818673	0.221900413967559	0.0193051940062049	0.00529646535226771	0.373917465882769	0.805683141270871	0.431765675388102
0.318249148864473	0.12991569211213	0.489970517850952	0.744092814318143	0.254122296467191	0.0226552986903432	0.00546514428573878	0.362650521089686	0.85185710529195	0.489206584202264
0.372611836933556	0.117687112264083	0.623355405235719	0.711219276490277	0.087863871254558	0.0285156209312764	0.00485079075222764	0.465056486898157	0.820118449517625	0.355061962619468
0.322788049597564	0.110467578431323	0.57587543162629	0.701788154152159	0.125912722525869	0.0260536040637073	0.00386394479771997	0.473395650003406	0.724769432207454	0.251373782204048
0.311115764516771	0.108646818910473	0.446665734178148	0.59960275155865	0.152937017380501	0.0349119211224814	0.00435017119100081	0.40014842814572	0.611676575801679	0.21152814765596
0.327605648705399	0.106801973373296	0.612968570877579	0.671353661306737	0.0583850904291582	0.0310729883391099	0.00426316748741798	0.574465315361021	0.759922098741445	0.185456783380424
0.307998865819667	0.122044569199553	0.524850984735982	0.691271440034011	0.166420455298029	0.0230219715064974	0.00588851037458543	0.407640349549072	0.87757171539328	0.469931365844208
0.323297369397278	0.126963152048031	0.561442776926104	0.725679570851583	0.164236793925479	0.0261450994497017	0.00581128854914052	0.451135782135139	0.853971367690556	0.402835585555417
0.32238830835424	0.124091888689232	0.533641191729425	0.693414641622292	0.159773449892868	0.0245012563959742	0.00522986003582097	0.417128618766316	0.754103654152239	0.336975035385923
0.3186010921942	0.121946868567103	0.511343971138253	0.730194042626292	0.218850071488039	0.0237520865882426	0.0049726582206446	0.388259281918906	0.811476011852171	0.423216729933265
0.365231357448877	0.117182407106234	0.63691428674268	0.732519096369164	0.0956048096264847	0.0387367487665756	0.00485840876777236	0.586875253695106	0.837377921343287	0.250502667648181
0.298251078055808	0.122835176142321	0.602979673786611	0.765714910840452	0.162735237053841	0.0179499507572771	0.00509415952067334	0.427417456221961	0.904789972625864	0.477372516403903
0.262377121005048	0.103941733563696	0.569775138140446	0.748965469738789	0.179190331598342	0.0134370923784933	0.0032795452757804	0.376176042294748	0.794993720858465	0.418817678563717
0.359177322336619	0.102699327310134	0.590538084093252	0.562988229968517	-0.0275498541247348	0.0427515636456595	0.00379070740443865	0.617605815600972	0.552998715974679	-0.0646070996262931
0.316529921167029	0.117915619205369	0.383528314660448	0.645877288308697	0.262348973648248	0.0445374753630845	0.00600442940420092	0.368365164860551	0.807886445682295	0.439521280821744
0.318188930294056	0.124105055883967	0.559484662242094	0.740024923612979	0.180540261370885	0.0225613212209002	0.00571400786258047	0.41043788672256	0.891592557430964	0.481154670708404
0.301714167035475	0.122649864450837	0.484617198579304	0.657780695260226	0.173163496680922	0.020142310207803	0.00585626151196481	0.35467693871054	0.830168189380755	0.475491250670215
0.28759553839486	0.120583172080923	0.47716262057199	0.704185590587899	0.227022970015909	0.0190829011037222	0.00498903645999503	0.339669130813623	0.784248414377318	0.444579283563695
0.3843528100914	0.126705835489544	0.603574875443218	0.790168529910256	0.186593654467038	0.036779540082001	0.0051694823032786	0.495343267830149	0.889425218114589	0.39408195028444
0.316127457316998	0.114412089951197	0.582130012836565	0.766735028979225	0.18460501614266	0.0224481451626647	0.00428742377218286	0.43664395222073	0.855884503456995	0.419240551236265
0.353426005188738	0.115244491313458	0.559854953232656	0.718181746509084	0.158326793276428	0.0342784607668227	0.00500679564699144	0.484388805653363	0.872190146417955	0.387801340764592
0.321029257258643	0.10739199939152	0.551360796054705	0.668698828349842	0.117338032295137	0.0323134585312166	0.00433990492618163	0.508332166809085	0.746453302004252	0.238121135195167
0.34116835958937	0.117112088166245	0.6138864185321	0.691118858406138	0.0772324398740384	0.0282124439737766	0.00497515469399044	0.506616000501204	0.811367277931874	0.30475127743067
0.367126009944186	0.121055900753887	0.47570241011646	0.581365613452269	0.105663203335809	0.0446566537669286	0.00505198036992504	0.470204276194929	0.633600443874331	0.163396167679402
0.350685894647438	0.123229000313064	0.474113184938488	0.624501427792839	0.150388242854351	0.0379635918385201	0.00564623640316475	0.417419388410203	0.716504514853276	0.299085126443073
0.356032680599878	0.10835221937148	0.608689227707654	0.680152088504593	0.0714628607969386	0.0316116738798918	0.00419704560922741	0.535469740050557	0.800944210781983	0.265474470731426
0.32567197819055	0.102677192602564	0.604846182411505	0.662715468932595	0.05786928652109	0.0220579110552565	0.00433953616004911	0.453818062666443	0.834737999456783	0.380919936790339
0.317227066891393	0.109223867532149	0.436538117603679	0.593858523046255	0.157320405442576	0.0425351065706092	0.00501312050643957	0.435359154740096	0.702377585633588	0.267018430893492
0.328202800757243	0.117943967786549	0.542375520427532	0.674817505417125	0.132441984989593	0.0275538950837025	0.00495468379390435	0.434627197886848	0.767633265883127	0.333006067996279
0.324784192626507	0.122414816184236	0.574219911511014	0.759004665165103	0.184784753654089	0.0220632892637186	0.0049000623477341	0.407533872480687	0.844408777598625	0.436874905117938
0.338289347236252	0.124323250690425	0.597583417826034	0.780681970326838	0.183098552500804	0.0212510781569646	0.00489537308369107	0.406622626556464	0.889160512541518	0.482537885985054
0.319661412925075	0.118013347753482	0.592279420813001	0.744059059320444	0.151779638507444	0.022324097861174	0.00495094822063638	0.442291876997413	0.900973582449651	0.458681705452238
0.294955982788977	0.0880274935905714	0.529161549613034	0.570538364744603	0.0413768151315693	0.0232798194352392	0.00169798757682304	0.463724613560646	0.381218158555624	-0.0825064550050225
0.321174503476663	0.125899050301393	0.520588841501251	0.731391374632978	0.210802533131727	0.027259673028838	0.00546936090433535	0.423659863780187	0.858147148324708	0.434487284544521
0.363492414739535	0.115005440504002	0.593162934776003	0.633394511135858	0.0402315763598554	0.0398447705099005	0.00529043162300053	0.56816598482739	0.750305812524329	0.182139827696939
0.361945538864052	0.105200226306205	0.579373359808995	0.645547264548347	0.0661739047393515	0.0354810920900246	0.00363242528573833	0.517612227871841	0.628361146865288	0.110748918993447
0.365474380184709	0.123200453679386	0.60505787860823	0.714129735997942	0.109071857389713	0.0301862899357879	0.00592423652228399	0.47348091664993	0.883187537123039	0.409706620473109
0.273468735221221	0.0916608912771295	0.522046494748536	0.60706167505074	0.0850151803022042	0.0195581133223443	0.00303048199860314	0.420789065382985	0.626290565244375	0.20550149986139
0.354258600918035	0.125219177618086	0.588719896196008	0.763727249999462	0.175007353803454	0.0312315692945203	0.00509102980016448	0.484070583240615	0.858008768931604	0.37393818569099
0.345878882754877	0.125973442577744	0.584978873104051	0.728276655233495	0.143297782129444	0.0246659919245961	0.00563181462709434	0.418622200482876	0.846606035541476	0.427983835058599
0.300877479252064	0.115243025140198	0.588137989282222	0.736350892258111	0.148212902975889	0.023986296808563	0.00472998520187429	0.49987164373762	0.849435852020361	0.349564208282741
0.327098531869906	0.118278739144077	0.496886378254354	0.618507371863362	0.121620993609008	0.0260337589029844	0.00529874732509433	0.400015635951085	0.7326712154959	0.332655579544815
0.342343511385663	0.129644323266596	0.610729075731145	0.66377163971441	0.0530425639832658	0.0302167339577163	0.00577790147479149	0.56441790798276	0.75565127874383	0.191233370761071
0.356145095982963	0.112812522017066	0.621089223574129	0.680727887909609	0.05963866433548	0.0318993756597865	0.00497857273177604	0.517995444453368	0.809859683915663	0.291864239462295
0.338541223494836	0.11922392201612	0.539379426370918	0.717301620469538	0.17792219409862	0.0315387111411492	0.004202819580537	0.455001010218468	0.718717448242714	0.263716438024246
0.398657394204819	0.112313093745266	0.568950290258173	0.652533381037362	0.0835830907791889	0.052129565128688	0.00467012378664797	0.598069498841981	0.769737060478876	0.171667561636895
0.34721485729718	0.1157274524317	0.485705350646382	0.664522213637764	0.178816862991383	0.0545331397055856	0.00425967974678713	0.552740961100544	0.721115237325656	0.168374276225112
0.32948871897974	0.100360187188471	0.604163357894402	0.596040009398113	-0.00812334849628871	0.0244763372632871	0.00355331003692734	0.487628221632205	0.595760890936059	0.108132669303855
0.296543941128391	0.0908160585693668	0.509148314916835	0.524417789753209	0.0152694748363739	0.0251178720907154	0.00329095492640737	0.449764022438751	0.537968979842793	0.0882049574040424
0.363078005527984	0.117461878299531	0.571002349044427	0.658988828002551	0.0879864789581245	0.0493991441987329	0.00550632405799206	0.633301874599553	0.807397392279205	0.174095517679652
0.348446168801753	0.122631320150464	0.647153712720872	0.765512611875872	0.118358899155	0.0267843892608846	0.00552925985235622	0.487406608509609	0.912589349646547	0.425182741136939
0.318941959737694	0.11605848342088	0.525924980325994	0.738255380743266	0.212330400417272	0.0282137302001294	0.00499307852471297	0.430702733817521	0.867687049925303	0.436984316107781
0.325299391184643	0.127172127218858	0.510967588912228	0.777992602482584	0.267025013570357	0.0276073667153778	0.00573435070244786	0.398120128801888	0.937656647993776	0.539536519191888
0.310221621154068	0.103937185455022	0.502875232420483	0.611940347055792	0.109065114635309	0.0292680250629857	0.00362412330731556	0.441730338555933	0.601420536765564	0.159690198209631
0.322580663439209	0.122101376265723	0.535725747435136	0.725040055703963	0.189314308268827	0.0215107458514234	0.0048840530664483	0.379446555966296	0.793186668409942	0.413740112443646
0.294495466769173	0.121714249562338	0.472698052951971	0.700411771901871	0.2277137189499	0.021249150858602	0.00535058663568913	0.357099953122374	0.845602811809261	0.488502858686888
0.338603257188618	0.103960364160295	0.45977509121542	0.519263871853461	0.059488780638041	0.0426822634430964	0.00464441666470628	0.493907338889091	0.625052964423577	0.131145625534486
0.321513577746636	0.112810449503062	0.5722166519734	0.715884631429532	0.143667979456131	0.0222521590716919	0.00418449542527934	0.415206054789031	0.772301510790752	0.357095456001721
0.328852484589661	0.107914555254344	0.679823794263794	0.672357735689886	-0.00746605857390825	0.0283819056818441	0.00438200750981835	0.61343539783469	0.752047536331467	0.138612138496777
0.3195664823753	0.119632435129493	0.630727370514665	0.732877643399774	0.102150272885109	0.0281316956087764	0.0050797088949333	0.562902678380552	0.844626434725319	0.281723756344767
0.359482415830071	0.112430681300413	0.590666490556122	0.689175278660903	0.0985087881047808	0.0427545691104107	0.00502957016364808	0.600758344223339	0.841443463117567	0.240685118894229
0.357852685427042	0.113792614049428	0.49095085717511	0.632608127500127	0.141657270325017	0.048019447701165	0.00504564902814145	0.502079614913623	0.749437766859639	0.247358151946017
0.304406309033541	0.10585267850418	0.47909339780358	0.607638117394361	0.12854471959078	0.0308594451113413	0.00433344966454902	0.436269118721984	0.653903839899466	0.217634721177482
0.33014942934392	0.0870744738193936	0.553384847289535	0.549376888558147	-0.00400795873138848	0.0285670288093786	0.00323886085274257	0.476162697273029	0.634072736892908	0.157910039619879
0.29766848577365	0.108331596718473	0.519082583274757	0.637573013438131	0.118490430163374	0.0231212870618066	0.00512603909382557	0.412443851245207	0.798393383937961	0.385949532692753
0.361542888899149	0.129821682482388	0.614995751574055	0.78225369331276	0.167257941738705	0.0325702578186224	0.00582635036746414	0.495173932606582	0.921258646498197	0.426084713891615
0.38225487374231	0.118874995366659	0.605059103252507	0.660698585775198	0.0556394825226908	0.0393681713064666	0.00489118226617243	0.556128792811674	0.725727037942364	0.16959824513069
0.338778756696124	0.124110087111679	0.492255030156758	0.678121357049842	0.185866326893085	0.0297824590382905	0.00535975939611437	0.395932966371267	0.761350707362036	0.365417740990769
0.289108578942762	0.120583320906211	0.569283558787291	0.717367079492988	0.148083520705697	0.018708107659032	0.00485598589054031	0.432968630824765	0.800442681556717	0.367474050731952
0.272243014275712	0.109801027198394	0.441771071273334	0.584426307794663	0.14265523652133	0.0209440650397684	0.00456378790080244	0.360965459014693	0.616971175267894	0.256005716253201
0.315343907602211	0.116425209471949	0.575191889768568	0.718421846052921	0.143229956284352	0.0258336523858424	0.00493667938661641	0.471284621957975	0.842502831604011	0.371218209646036
0.358046632985936	0.117148051564582	0.569578848975	0.690599272331102	0.121020423356103	0.0375311535540015	0.00399789720549876	0.526572786425981	0.680455125662986	0.153882339237004
0.36760546484113	0.119421161751869	0.55098979470403	0.695745177132458	0.144755382428428	0.0341410567207418	0.00533132054796526	0.457555713631429	0.864662554377867	0.407106840746438
0.341356526588688	0.108992023233033	0.670729250755332	0.664476454485869	-0.00625279626946251	0.0259406592720712	0.00446094376492684	0.551733292908073	0.76373336787949	0.212000074971417
