LR1_coefficients_null_raster	LR1_coefficients_Elevation_16_k10_R	LR1_R2_null_raster	LR1_R2_Elevation_16_k10_R	LR1_Q_Elevation_16_k10_R	LR2_coefficients_null_raster	LR2_coefficients_Elevation_16_k10_R	LR2_R2_null_raster	LR2_R2_Elevation_16_k10_R	LR2_Q_Elevation_16_k10_R
0.357625290343598	0.0703688540545494	0.670883943130433	0.230546909016322	-0.440337034114111	0.0343717129319508	0.0026350240717232	0.949263120341421	0.228604097702471	-0.72065902263895
0.332746055810643	0.074339626185725	0.703324546826553	0.278932618168975	-0.424391928657578	0.0252372244092935	0.00291841783745495	0.958985486246817	0.352079352917251	-0.606906133329566
0.337789299841826	0.0786530537841441	0.676540025114708	0.313649695878758	-0.36289032923595	0.0309480950473809	0.00301517142313322	0.957542308802288	0.383371307822014	-0.574171000980274
0.370376020420093	0.0830514026838898	0.738089696727444	0.326239349260012	-0.411850347467431	0.0305438472387658	0.0034857817334446	0.98469943030731	0.434636130224689	-0.550063300082621
0.353134647893748	0.0914517778574855	0.791032667166748	0.407878032744022	-0.383154634422726	0.0249286159538715	0.00396677788583465	0.97954244689951	0.598165554732177	-0.381376892167333
0.342374535859258	0.0840722318519115	0.827100365032263	0.430554609257053	-0.39654575577521	0.0220849506336	0.0034834320500821	0.981775169044897	0.667377155640718	-0.314398013404179
0.370163922665005	0.0868190331194785	0.709108225202848	0.314632619147916	-0.394475606054932	0.0321185000303494	0.00410892368723226	0.966270347488825	0.448707864574367	-0.517562482914458
0.352345451818802	0.0799105968443726	0.779662234762347	0.346650939702726	-0.433011295059622	0.024363371793221	0.0032292546049492	0.97220294619673	0.496616364846045	-0.475586581350686
0.321527791954667	0.0842135790023262	0.776682870273834	0.411735034397627	-0.364947835876207	0.0224521258683362	0.0038197999167489	0.98964772707226	0.67849006437003	-0.31115766270223
0.380384916035055	0.0684568093627649	0.668370529219155	0.172909228130064	-0.495461301089092	0.0365518364606309	0.00331270773542264	0.968829400992767	0.194548616103371	-0.774280784889396
0.333669934626665	0.0781474057907791	0.62268123169373	0.295104667290886	-0.327576564402844	0.0327804891872609	0.00336926611719355	0.897673001161727	0.389488320114018	-0.508184681047709
0.307024732759348	0.0884802064103338	0.741779524895206	0.46307631241141	-0.278703212483796	0.021482798630055	0.00373611154414514	0.978342499637502	0.792443379457469	-0.185899120180034
0.2725618789976	0.0784401122387925	0.80577641275799	0.581754379232786	-0.224022033525204	0.0141586240322602	0.00212748869838903	0.952887404390789	0.877228409378872	-0.0756589950119168
0.337409352405786	0.0763768960327912	0.635440510764827	0.287237299567427	-0.348203211197401	0.0326035011213885	0.00359361667507082	0.910415856924508	0.407261466999652	-0.503154389924857
0.342812190202601	0.0700911229197265	0.618992886135507	0.243792499485807	-0.3752003866497	0.0352130833811243	0.00334231495327626	0.92844765215804	0.322918756221934	-0.605528895936106
0.341518266728779	0.0802936526493309	0.702039762694126	0.412475664040154	-0.289564098653972	0.0303245846669155	0.00311940509096711	0.978086969259928	0.618519464098335	-0.359567505161592
0.339970543238305	0.0813143886159891	0.628192167641087	0.274808112187576	-0.353384055453511	0.034181283942691	0.00384625401191653	0.9506207666371	0.372372255830944	-0.578248510806157
0.389317851567257	0.0802131459758425	0.651482455657813	0.26268607463867	-0.388796381019143	0.0419078169963131	0.0033343080806947	0.928039956276535	0.304363889204887	-0.623676067071649
0.329839559277159	0.0926469496563333	0.809610158178714	0.519506830858061	-0.290103327320653	0.0200967051414536	0.0033260791555022	0.971911155590019	0.815272262498777	-0.156638893091242
0.358856090572609	0.0773599863888046	0.623784160931638	0.252067349202847	-0.371716811728791	0.0364335915270683	0.00359677343970565	0.893859701766928	0.326292593328763	-0.567567108438164
0.351757914442195	0.0778642285447807	0.707118423165521	0.337724980390731	-0.36939344277479	0.0293705612841291	0.0031021673509928	0.964423562820854	0.47038204893473	-0.494041513886124
0.354064351224514	0.0752438932130716	0.733236666402692	0.29622196989475	-0.437014696507942	0.0271613905685175	0.00322797165065313	0.965893673832326	0.405027685734935	-0.560865988097391
0.332410427610549	0.0745513750960575	0.762551691244761	0.348933757356338	-0.413617933888423	0.0230082440912097	0.00266745820610751	0.970667943818647	0.460991727470219	-0.509676216348428
0.386114332661322	0.0737863135813708	0.709052417017621	0.239598101991543	-0.469454315026078	0.0375528835540931	0.00338847598023856	0.979421314711832	0.282971220695886	-0.696450094015946
0.336350434721893	0.088677647131523	0.712491932832321	0.3863386810349	-0.326153251797421	0.0284071788472273	0.00398816583515325	0.962965027878672	0.579700520375821	-0.383264507502851
0.34959553385802	0.0953733403519608	0.849940734954834	0.373026896247808	-0.476913838707026	0.020290685387572	0.00475692339021927	0.974299043498933	0.590977630743633	-0.383321412755301
0.357974821561031	0.0824886226350162	0.753355637787109	0.333102473837757	-0.420253163949352	0.0275517860466876	0.0034480104995767	0.97264431966385	0.446823544637421	-0.525820775026429
0.356529188994863	0.0888669979243784	0.794294373499846	0.441469251117352	-0.352825122382494	0.025436062180756	0.00362186891884579	0.986853306461091	0.692076374321177	-0.294776932139914
0.313921607712125	0.0631968251278493	0.6032806402279	0.256052090140935	-0.347228550086965	0.0332973097603136	0.00249591202778782	0.919673699726559	0.323624359993774	-0.596049339732785
0.31887632550836	0.0711071601713668	0.653127013748175	0.270771218661042	-0.382355795087133	0.0290240256472254	0.0031347494049742	0.947176020078697	0.383935895910007	-0.56324012416869
0.299765336390833	0.067852434211478	0.650819842606395	0.257565010256839	-0.393254832349555	0.0254689064178361	0.00236559680765315	0.938950800723948	0.279296997274486	-0.659653803449462
0.390751044552473	0.07857238128692	0.6807622009185	0.321460821246736	-0.359301379671763	0.0405108701998735	0.00309096513886831	0.956731061733081	0.402359079749482	-0.5543719819836
0.422046071362811	0.104684393376035	0.70375520550378	0.361278133255997	-0.342477072247783	0.031680303806045	0.00459914963676648	0.943984382455651	0.573750259245063	-0.370234123210588
0.30519425685653	0.0717637754210907	0.694641253772478	0.28463445796403	-0.410006795808449	0.0238226095867956	0.00318596651523285	0.946128065111358	0.379109754256094	-0.567018310855264
0.33352922139382	0.0765537827013042	0.650106775291396	0.338204778006752	-0.311901997284645	0.0286432534461827	0.00283493996587039	0.916180185750197	0.464386431508617	-0.45179375424158
0.373207635034563	0.0568012646114145	0.464341116992848	0.122230550634551	-0.342110566358297	0.0537016605933262	0.00141193580863188	0.721844073205369	0.0710456236028544	-0.650798449602515
0.346661604581919	0.0570556750306065	0.665099622289214	0.196344301931336	-0.468755320357878	0.0328712419425533	0.00155197655983847	0.934868891466113	0.14722312409761	-0.787645767368503
0.329850906865546	0.0756731317068145	0.674899220963442	0.331874075478168	-0.343025145485274	0.0284214583010876	0.00305065629797801	0.955468604907575	0.477101280264752	-0.478367324642823
0.341786627740747	0.087791235734506	0.691446402477461	0.360510800809985	-0.330935601667475	0.0295395153422804	0.00409987849369634	0.948612744777179	0.573721212483046	-0.374891532294134
0.346560955770416	0.0806358178564404	0.747325214817867	0.346241893437386	-0.401083321380481	0.0268703002209317	0.00346375378800709	0.983275975844657	0.496679774505286	-0.486596201339371
0.352350709459906	0.0726254268688562	0.69039264430395	0.255521692971801	-0.434870951332148	0.0314148258899461	0.0023947311861024	0.955426143193639	0.242662629672525	-0.712763513521114
0.357044321396707	0.0819855188645545	0.726429753594513	0.320982523740793	-0.40544722985372	0.0287912441901346	0.003707193017055	0.969397905773954	0.461741046771356	-0.507656859002598
0.343118194687398	0.09681635579052	0.829917070515831	0.471707707461146	-0.358209363054684	0.0207225491459797	0.00397395229886113	0.976041097608401	0.75415296166434	-0.221888135944061
0.370954673974056	0.0782129227518525	0.728114563256091	0.283213016124084	-0.444901547132007	0.0311174306322712	0.00343995169583114	0.966448011009961	0.366675153774925	-0.599772857235036
0.375890189448187	0.0890559651538076	0.654294493010112	0.288704687116119	-0.365589805893993	0.0365684955521524	0.00453966575446291	0.924152659145138	0.389424454260362	-0.534728204884776
0.340289491153129	0.088943323628572	0.720060031292281	0.429811638242902	-0.290248393049379	0.0266398517100749	0.00333368682809196	0.946321300062709	0.617340009474864	-0.328981290587844
0.351272423095448	0.0822720661831894	0.637842729284491	0.333166513859534	-0.304676215424957	0.0350337469167669	0.00368713152997331	0.925522153883485	0.501611118205225	-0.42391103567826
0.123323046044476	0.0335544832418495	0.554042070716773	0.557216849690943	0.00317477897417062	0.0162263610483371	0.00138983753331621	0.447690257457068	0.569008034238727	0.121317776781658
0.34511632383907	0.0866850935230634	0.736684409865311	0.420528698664905	-0.316155711200405	0.0263115114440097	0.00346373717801192	0.966732658802899	0.654327956915198	-0.312404701887702
0.336032763711843	0.0737191057878801	0.734837597526447	0.386887253609069	-0.347950343917378	0.0259147063544649	0.00269025259488053	0.977971372443649	0.564216326364759	-0.41375504607889
0.372212725236757	0.0810693480172053	0.755418190105874	0.299116440418049	-0.456301749687825	0.0292043834845185	0.00375247959285218	0.979871097066119	0.415826850856364	-0.564044246209754
0.33936732442302	0.0639549738700544	0.677795725737416	0.216679794069137	-0.461115931668278	0.0296479107007499	0.00272824315033441	0.954127243373889	0.261490772569081	-0.692636470804808
0.346868224949838	0.0844198421241104	0.688355243195479	0.266716832988096	-0.421638410207383	0.0321288240749391	0.00441838285081815	0.970050212664598	0.351288407435237	-0.618761805229361
0.340137964049133	0.092660334482112	0.720814974042947	0.396077510428875	-0.324737463614073	0.0276943329636414	0.00422351618642942	0.962575229671575	0.61985984206536	-0.342715387606215
0.338492679372232	0.0834424679479798	0.765953984881235	0.368705366409135	-0.3972486184721	0.0232788741679197	0.00316211703066072	0.967668800205741	0.500722593148927	-0.466946207056814
0.352745714267778	0.0884083685898841	0.698755653485647	0.418212445213872	-0.280543208271775	0.0315854717837259	0.00354411336818948	0.965789009542893	0.613144801268354	-0.35264420827454
0.338082341284527	0.103147646292209	0.743464209420925	0.520829461038608	-0.222634748382316	0.0251548206589652	0.00412811667731438	0.977765626960115	0.85675265393798	-0.121012973022135
0.333881029529977	0.0719828033379978	0.653894649854579	0.320718465316445	-0.333176184538135	0.0317591072238983	0.00261265823906529	0.912184013763367	0.390718663554965	-0.521465350208402
0.338702740642701	0.0774294492245529	0.698070370801894	0.264972214823589	-0.433098155978306	0.0289788590176288	0.00423649892255532	0.958550840898345	0.386643625515101	-0.571907215383244
0.312140636675891	0.0686609441696703	0.668073135369433	0.307350117014467	-0.360723018354966	0.0262423000497723	0.00216870478567706	0.942935545048983	0.342586279961999	-0.600349265086984
0.331962914001053	0.0769216284835867	0.667973850259989	0.287671211645611	-0.380302638614378	0.0311252718727893	0.0031977537953461	0.951460845701865	0.355422924244769	-0.596037921457096
0.376626034296822	0.0721328568571642	0.642376879048966	0.263694320431478	-0.378682558617488	0.0384594333744399	0.00252140341846402	0.917001231012113	0.289901499048165	-0.627099731963948
0.382462854080487	0.0900893861644821	0.788676767519129	0.34434595219828	-0.44433081532085	0.0284365940468757	0.00394914485112747	0.97493699176434	0.465616950392375	-0.509320041371965
0.343424661721257	0.072475432750645	0.681522686722523	0.246568412766481	-0.434954273956042	0.0312455087836685	0.00346657387209293	0.963318149901364	0.315996966855367	-0.647321183045997
0.356499749376012	0.0765822551362982	0.703345760358383	0.302578195564368	-0.400767564794015	0.0313491049190036	0.00310224608740327	0.960577357342143	0.377421147745569	-0.583156209596574
0.363673078965017	0.0892819875370183	0.737195063941507	0.425057992034483	-0.312137071907024	0.0291690823306194	0.00331924236009478	0.95992255339414	0.598966140825114	-0.360956412569026
0.357237632777714	0.0908618610591402	0.718773914619456	0.425652490108982	-0.293121424510474	0.0313889144779792	0.00408257795933241	0.981001408492534	0.691926163172678	-0.289075245319855
0.337574005577654	0.0628499667737817	0.686402013144874	0.230269876480074	-0.4561321366648	0.0302763304709247	0.00211086022117142	0.963939933026249	0.227443552758483	-0.736496380267765
0.366733646155803	0.0851899381365455	0.588894977837483	0.337372245098091	-0.251522732739392	0.0384518159696069	0.00312776634931882	0.908796727421612	0.444911937629603	-0.463884789792009
0.335863164320965	0.0740294016582909	0.669744596136288	0.303142267260743	-0.366602328875545	0.0303417396396084	0.0027154431760873	0.957012812918708	0.356199059758621	-0.600813753160087
0.374179458751747	0.088060828293099	0.765667133054564	0.430678183942785	-0.334988949111778	0.0301786607413752	0.00350330958267913	0.984166824948953	0.649524119190616	-0.334642705758338
0.347444259562638	0.0733177756490036	0.656750392541414	0.263732251490743	-0.39301814105067	0.0350305126761085	0.0029423872278824	0.947460631054653	0.290657124328858	-0.656803506725795
0.34110927069208	0.0989307342535264	0.791308749085291	0.493022306246273	-0.298286442839018	0.0231924607492778	0.00407328729331745	0.97275386036232	0.806237232106123	-0.166516628256197
0.303375850048057	0.0689501725129568	0.597662193338061	0.265286413764197	-0.332375779573864	0.031198787004732	0.0033232920110365	0.921501855981768	0.377720319721569	-0.5437815362602
0.352487392132851	0.0651774565879391	0.676707187054471	0.225255452102187	-0.451451734952284	0.034159330077839	0.00221937560460147	0.964795803257415	0.210120619772232	-0.754675183485183
0.369252073545225	0.0833565977891124	0.750939546471193	0.385581396062604	-0.365358150408589	0.0299179907371149	0.00351369466240504	0.978423218026194	0.595536018346554	-0.38288719967964
0.359533578213822	0.06822246719984	0.705862583797139	0.244097100508546	-0.461765483288593	0.0342015217902636	0.00257424781643732	0.97393198429636	0.251064053833179	-0.722867930463181
0.364738420949623	0.0721852720803248	0.516199637533764	0.160856416449074	-0.35534322108469	0.0441212650601041	0.00272684379306144	0.775791344323228	0.133110428288706	-0.642680916034522
0.371278094046566	0.0852972594328782	0.749346703135859	0.303448773097373	-0.445897930038486	0.0282498661594852	0.00394842595124911	0.969300272712502	0.42457663379401	-0.544723638918492
0.323591138406551	0.0736922133433183	0.667025940016463	0.246048228282213	-0.42097771173425	0.0267089421083016	0.00286525449867822	0.892394108094709	0.27186507049247	-0.620529037602239
0.359898785721452	0.0772417014231582	0.702469950516708	0.283817311958149	-0.418652638558559	0.0309758325089386	0.00337342262148412	0.965000028106327	0.374034761262995	-0.590965266843331
0.32555049973728	0.0945551156527433	0.723910966230814	0.500955056887721	-0.222955909343093	0.0239890592188123	0.00376297431537192	0.943805467375145	0.846992026599003	-0.0968134407761423
0.332466355298069	0.0901839858648518	0.740886659032212	0.467478057753216	-0.273408601278996	0.0245650969225882	0.00361374892428041	0.969472094669195	0.763027622724772	-0.206444471944423
0.352634714591131	0.0953858914025211	0.772923265428952	0.433587371344087	-0.339335894084865	0.0259377733968655	0.0039013196712613	0.977446849691992	0.639198454768629	-0.338248394923363
0.373758140320313	0.0860948725095921	0.754824415380446	0.353794340086318	-0.401030075294128	0.0310686311626613	0.00396221215286241	0.989068677380393	0.505098957787666	-0.483969719592727
0.327982466372234	0.0814288236768863	0.653700697016864	0.329554537344506	-0.324146159672358	0.0308830043984341	0.00353141929433356	0.952150987697372	0.460401034030281	-0.49174995366709
0.347289594853301	0.078549270062441	0.72259186270864	0.278280647396378	-0.444311215312262	0.024856226170495	0.00384818199833722	0.955667920884667	0.444317274172235	-0.511350646712432
0.307828354009948	0.0647237981452739	0.636522121208235	0.214461022222834	-0.422061098985401	0.029001939318253	0.00221880882134212	0.932557248921726	0.206199049233734	-0.726358199687992
0.324369361279266	0.0727515582979029	0.706210313363203	0.270510592727174	-0.435699720636029	0.0252567367104128	0.00262271910699536	0.951157845506815	0.296611268782451	-0.654546576724364
0.330547863208023	0.0855974544496526	0.806681145200982	0.430726176794098	-0.375954968406884	0.0205482312128448	0.00340980502856338	0.966861839957395	0.692843500657618	-0.274018339299777
0.332055098032526	0.0988737806928756	0.760696796464156	0.513504122898448	-0.247192673565708	0.0199751404664468	0.0032993030173111	0.975470425505297	0.824409944392966	-0.151060481112331
0.346719726555886	0.0760759104693681	0.619100214641788	0.280838702870136	-0.338261511771652	0.037904672784676	0.00286428289140945	0.934713554310308	0.318699150721476	-0.616014403588832
0.354063172637934	0.0869277977462057	0.791684370257927	0.422131624370632	-0.369552745887295	0.0234603038341338	0.00332204986918244	0.967900970155661	0.616221285897197	-0.351679684258464
0.306794486421005	0.0564776477129858	0.592963662591942	0.194693299240073	-0.398270363351868	0.0324558350700639	0.00251072415370728	0.922482137971586	0.244588162756438	-0.677893975215147
0.361712020063551	0.0725480662553609	0.751192851790742	0.258217271216996	-0.492975580573746	0.0284800286487593	0.00317912435982292	0.977580511702141	0.324960896460969	-0.652619615241172
0.30777897876024	0.0909501827649717	0.85710430275466	0.56940578147671	-0.28769852127795	0.0158012916441815	0.00286827730587824	0.96172181616731	0.851591060050915	-0.110130756116395
0.365369271613028	0.0791146670033763	0.688083450469525	0.28478377169718	-0.403299678772345	0.0351573141697937	0.00323206060407871	0.967023413856005	0.321030364550777	-0.645993049305228
0.347523252366457	0.0616207535467546	0.653392411978691	0.194245570846564	-0.459146841132126	0.0340096783228863	0.00254244013499396	0.944319913525449	0.208335264042837	-0.735984649482612
0.343307723068928	0.0939093135957759	0.740739013360443	0.470153979031679	-0.270585034328764	0.0265248680656523	0.00383797278088026	0.963041672600643	0.773590104564548	-0.189451568036095
0.315302808032044	0.0741407324404145	0.630853035644572	0.27953777789304	-0.351315257751532	0.030949299882782	0.0035442834078689	0.945570523360419	0.400644342815893	-0.544926180544526
