LR1_coefficients_null_raster	LR1_coefficients_Elevation_16_k10_R	LR1_R2_null_raster	LR1_R2_Elevation_16_k10_R	LR1_Q_Elevation_16_k10_R	LR2_coefficients_null_raster	LR2_coefficients_Elevation_16_k10_R	LR2_R2_null_raster	LR2_R2_Elevation_16_k10_R	LR2_Q_Elevation_16_k10_R
5.45482673883574	0.529152795607046	0.687216618995007	0.105769100996904	-0.581447517998103	7.4066906081001	0.294741986114401	0.771928699171581	0.119665323906464	-0.652263375265116
5.35058050008161	0.552659428146179	0.704211705211981	0.121263667378139	-0.582948037833842	8.78541091454862	0.306341812003767	0.894267675765095	0.129948680176863	-0.764318995588232
4.19324455585457	0.513972296627396	0.649509212898926	0.141329761376344	-0.508179451522582	7.10215342301955	0.28789878187032	0.810070581287479	0.134894472142317	-0.675176109145162
4.97397997447421	0.387670525673334	0.639770027657254	0.0678691427383558	-0.571900884918898	8.87580844922813	0.203736943412062	0.832118520410971	0.0664061930398931	-0.765712327371077
5.994984540986	0.470189824502368	0.707696392440933	0.0807077178737915	-0.626988674567141	9.14016129636147	0.249659091943344	0.831663253334811	0.0835265124264566	-0.748136740908354
4.29663476307399	0.485810656185243	0.651559260677487	0.135813789755483	-0.515745470922004	7.31877985521728	0.246975023639801	0.818903045343247	0.125020744727332	-0.693882300615914
4.41240117909056	0.614697979380896	0.587466799267625	0.154224654639515	-0.433242144628109	8.44055285966864	0.361026835733415	0.814661569436071	0.158778992592092	-0.655882576843979
5.22551071350664	0.44828702596096	0.548380531292796	0.0803162647035763	-0.468064266589219	10.2979238665677	0.250778488194247	0.758777410373156	0.0956859797469466	-0.66309143062621
4.26067026420151	0.429710514309023	0.62982592517165	0.0926057001865328	-0.537220224985117	7.04908140852682	0.249184272421717	0.845170049959514	0.106879299184449	-0.738290750775064
5.19430360911715	0.495646131186541	0.681214371820045	0.0920839538660976	-0.589130417953947	7.87267119684827	0.255906746169995	0.820854325006587	0.10320946336034	-0.717644861646247
4.89208351514572	0.494272152953115	0.655336339668545	0.102464197535536	-0.552872142133009	7.57164662092447	0.245241202035697	0.77309054835661	0.089135378109383	-0.683955170247227
4.77900794668521	0.429552910917739	0.623857017977861	0.0881396152923176	-0.535717402685543	9.14624563013483	0.221867543316862	0.877220026609526	0.0909777647238036	-0.786242261885723
5.0631936081935	0.375461830649622	0.613867004709057	0.0615996862792071	-0.55226731842985	8.5060057635214	0.226604152378057	0.786686687969043	0.0777320602761483	-0.708954627692894
4.71478246300998	0.419015586435836	0.607775831550581	0.0772149116881198	-0.530560919862461	8.41397950778267	0.241963008806731	0.819400893641154	0.0860479155507386	-0.733352978090415
4.37342398917528	0.574991409153463	0.35794097760554	0.122577946780705	-0.235363030824835	7.7164174064568	0.353474880118552	0.377679566941365	0.183856146540126	-0.193823420401239
5.26829589131585	0.412894641029513	0.683808199256912	0.0809407911866744	-0.602867408070238	8.07815183930496	0.212071483225081	0.806201762037942	0.0820328210335415	-0.7241689410044
5.07914536802162	0.464622573625848	0.637282887267608	0.0930565655110847	-0.544226321756523	8.82151881765254	0.244787435238847	0.823283792702744	0.0927127516299901	-0.730571041072754
4.75916874008251	0.567864911370381	0.694106366676818	0.138760366117299	-0.555346000559519	6.56089660844022	0.318344334156893	0.810016815913618	0.168541747977495	-0.641475067936123
5.58062151966455	0.43918960300855	0.715636514709337	0.0674083341297235	-0.648228180579614	8.70412703064204	0.25400339290424	0.855171542215657	0.0765055228430373	-0.77866601937262
4.05991917537195	0.530096613470475	0.675580633003305	0.140344850148945	-0.53523578285436	4.86181553476412	0.293432517054075	0.712631474935253	0.152229036009744	-0.560402438925509
4.88510345140438	0.447051139896828	0.732933686620466	0.09321559414786	-0.639718092472606	6.61865337778339	0.22903269290965	0.831309191494194	0.0893534263864321	-0.741955765107762
3.78417440838974	0.493928566080404	0.531245079712984	0.191105988190212	-0.340139091522773	8.81550266329622	0.271723759151958	0.732071872127179	0.205885000660163	-0.526186871467016
4.23011600338463	0.589714697793599	0.591721277368929	0.216219288690117	-0.375501988678812	8.95488260494696	0.330359185058676	0.771152128289942	0.25015293392056	-0.520999194369382
4.31608260288368	0.403164842040668	0.577958543797073	0.0805307866431501	-0.497427757153923	8.30639642367722	0.243272962464232	0.815689678685958	0.0916175760975779	-0.72407210258838
4.15420138953103	0.447997331612729	0.651715396237152	0.108219050286923	-0.543496345950229	6.64163397352925	0.257345470686935	0.829553837659529	0.120931047718264	-0.708622789941265
4.50467907107858	0.375442655650929	0.55473906948161	0.0784222715114427	-0.476316797970167	9.9414334654264	0.195881592776147	0.790448376555399	0.0795190446039952	-0.710929331951404
5.16423384585162	0.483552630052834	0.627975141209915	0.0930600787161927	-0.534915062493722	8.95772309812472	0.282091591436757	0.818792497361281	0.123554005770088	-0.695238491591193
4.80529494644442	0.240090377971428	0.561624972360104	0.0299078036721438	-0.53171716868796	9.26952344136456	0.117241750416684	0.8109706383832	0.0278212891949586	-0.783149349188242
4.94675484332108	0.581475370414977	0.655923966589082	0.130411438858183	-0.5255125277309	7.5624669687346	0.328781489111986	0.80036524387146	0.15489042740957	-0.64547481646189
5.02480582185698	0.379613354534654	0.679444549352451	0.0734746669076161	-0.605969882444835	8.28608710633119	0.180285518402545	0.842880901613103	0.0702749890308124	-0.77260591258229
4.78471419862994	0.482555270938002	0.609246751602362	0.108336377697797	-0.500910373904565	8.73646270679377	0.26912474357582	0.81335076180209	0.113042087523471	-0.700308674278619
4.60038437368097	0.538239312644053	0.602648982317539	0.114817421361515	-0.487831560956024	7.36025584286187	0.28387112283404	0.744574102125241	0.121583017161491	-0.62299108496375
4.91115579343132	0.552520378461113	0.721637239709909	0.132948068925946	-0.588689170783963	6.35522769483256	0.286063868545749	0.764707792677774	0.137055821008271	-0.627651971669503
4.82907444006673	0.473830426809553	0.660248782764289	0.0983604283984448	-0.561888354365844	7.51996565225982	0.251942697813549	0.805656753773355	0.105684280969525	-0.699972472803831
4.60530352769461	0.455967789410731	0.605812729979147	0.0990500187812633	-0.506762711197884	7.33279588083577	0.251644194537531	0.750296135511878	0.117910251729914	-0.632385883781964
4.47084161875199	0.509571282814085	0.61734293242281	0.128340563346743	-0.489002369076067	7.79017511807416	0.279061178821112	0.818380530052963	0.141628843404815	-0.676751686648148
4.47609690182265	0.523700481629682	0.643780096351064	0.119366108957872	-0.524413987393193	7.11962819574831	0.299368958173046	0.834548277769107	0.139312988895859	-0.695235288873248
4.88265825808372	0.520884602206037	0.623627077041631	0.114109443633951	-0.509517633407681	8.31545196617301	0.296370931420741	0.803554671180246	0.129119760709407	-0.674434910470839
5.32892940721774	0.577637455219488	0.721698063028986	0.147249148082809	-0.574448914946177	8.221847263441	0.305978489906058	0.846038798382912	0.16703728285428	-0.679001515528632
5.06352300523905	0.531687845752868	0.730257453080959	0.126579517722709	-0.60367793535825	8.08359806862968	0.285218063453523	0.883307070635524	0.126010328638797	-0.757296741996727
4.83584418590883	0.406463338115051	0.596258808726799	0.0793201239472191	-0.51693868477958	9.24382112884398	0.209675177533193	0.798589988051616	0.0798209537283701	-0.718769034323246
4.66910571601151	0.339930250128612	0.587139456416488	0.0562961318084543	-0.530843324608034	7.99221685867262	0.173445062301677	0.76957003379887	0.0616436091784398	-0.70792642462043
4.1982906779912	0.423317418186605	0.569183305468735	0.129323288968323	-0.439860016500412	9.26937892075692	0.241024771913972	0.77491277513584	0.153614653996228	-0.621298121139612
5.26922569797298	0.421232501548396	0.588368617498885	0.0608727185345619	-0.527495898964323	7.83622061757719	0.246723990487228	0.705177739654916	0.0817725679020684	-0.623405171752848
4.91121561558847	0.494732218489684	0.645718192786803	0.0950863783097514	-0.550631814477052	7.64763638001239	0.285995281891363	0.80782104458339	0.114048587951209	-0.693772456632181
5.35211462006645	0.352003510323201	0.607311175877629	0.0505266755704827	-0.556784500307146	8.62262956379226	0.17033787408102	0.756367845676377	0.0490401454163553	-0.707327700260021
6.0583471619272	0.39859762326844	0.701765350212427	0.057258188825696	-0.644507161386731	10.0025709296619	0.224567011025898	0.874372298167032	0.0689292834581053	-0.805443014708927
4.29953627018965	0.466247956831423	0.623362790580983	0.113851757590011	-0.509511032990973	6.28160002954368	0.255393742639137	0.71493581263364	0.112944139165911	-0.601991673467729
5.09598731464391	0.597484350459656	0.590613858619268	0.113464566238503	-0.477149292380765	6.97482851710598	0.299440574736351	0.656280037622602	0.107579570265387	-0.548700467357215
5.12222233211599	0.442826544988675	0.668382465197673	0.0797111798976238	-0.58867128530005	6.1804123084171	0.243016173052308	0.742146849066173	0.102615253145362	-0.639531595920811
4.9396176549139	0.497195351538835	0.710381538593126	0.125479500147069	-0.584902038446057	7.81172552216281	0.266860005245823	0.875988459598927	0.133544576590941	-0.742443883007986
5.02990714866455	0.402481482122825	0.686255612760867	0.0784102803451962	-0.60784533241567	8.35122473147392	0.216464927308303	0.827377117830268	0.0916851505866665	-0.735691967243602
5.07179374154347	0.425000655165013	0.6879480964547	0.0823399566760395	-0.605608139778661	8.20025340478238	0.225162114528045	0.832612892736999	0.0849780882665405	-0.747634804470458
4.31525080642127	0.431558009061728	0.610814427384429	0.0914919868225289	-0.5193224405619	7.77017945480917	0.230754610310244	0.797471379505447	0.0931971970251393	-0.704274182480307
4.25040370861586	0.52829959693145	0.627182540565326	0.134473277596152	-0.492709262969173	7.97911458354807	0.310874816281941	0.877223441407566	0.136354195070524	-0.740869246337042
4.94538547019993	0.462686396645077	0.663429401914167	0.086552838915467	-0.5768765629987	7.86881199419134	0.26995160281604	0.803250075462128	0.0998486704425952	-0.703401405019533
4.57627498144456	0.507892463633609	0.665093271219372	0.121399982456369	-0.543693288763002	7.8720753107833	0.269619212784043	0.84422329692797	0.113740989853814	-0.730482307074157
4.6721237499372	0.43090213638266	0.61776119794591	0.0841572236757529	-0.533603974270157	8.4643609433319	0.214447259731192	0.822699534519528	0.0770557714735781	-0.74564376304595
4.87580920852813	0.487978433997567	0.621785155890898	0.101600816602728	-0.52018433928817	8.86677734234759	0.277965844675625	0.820461248038513	0.112373689343931	-0.708087558694582
4.39133956019102	0.512943865464808	0.635293992334314	0.116994454564775	-0.51829953776954	4.89224816553202	0.260129802989499	0.658259011634934	0.121738214823378	-0.536520796811556
5.23693987016716	0.481805197838577	0.71738580198658	0.0916765690068819	-0.625709232979699	7.75043619620505	0.265361014500072	0.839871052448585	0.104929338447581	-0.734941714001004
4.84665010694465	0.556142935227661	0.680880922150678	0.139945614200066	-0.540935307950612	8.24911972165759	0.330396301140355	0.875538312532075	0.171911459070576	-0.703626853461498
5.2306254344776	0.343936105203847	0.671928446930042	0.0507625825022951	-0.621165864427746	8.17359624216602	0.198751883810967	0.842886114817601	0.0616393360616783	-0.781246778755922
5.49599203502668	0.389291925581887	0.726273015475773	0.0733282756480162	-0.652944739827757	8.6029643278148	0.199824096350344	0.8573265557573	0.0832876958967757	-0.774038859860525
5.09058472680415	0.459007541168926	0.699933743420291	0.0893202272159517	-0.610613516204339	8.34301890663746	0.271348036781897	0.888502855280655	0.109148477622274	-0.779354377658382
4.79125563105496	0.442347022669335	0.563380774929617	0.0761382309944627	-0.487242543935155	7.5041368730437	0.250753755992999	0.671782801694037	0.0844398150167734	-0.587342986677263
4.6640336135005	0.54513642203835	0.67911388967339	0.146040232567703	-0.533073657105687	7.72626890895876	0.331762900649016	0.88269231278676	0.193521348243504	-0.689170964543256
4.56220231068504	0.420139463319015	0.660609177030834	0.0848819016449298	-0.575727275385905	6.29478627860987	0.2026334069892	0.759438115377562	0.0761317697148141	-0.683306345662748
4.78761437815346	0.485113918161011	0.652683671260067	0.103636512770526	-0.549047158489541	8.34438747724539	0.27221416957821	0.835712365174076	0.116876254720816	-0.718836110453259
5.57636945912684	0.479314945081872	0.626903060923736	0.0990263108767303	-0.527876750047005	10.7317997529709	0.254841557077828	0.830044350415043	0.117383422610272	-0.712660927804771
4.75521788525503	0.532285661826793	0.648722594927436	0.118299174088281	-0.530423420839155	7.73673599591717	0.295016447312078	0.805603023631626	0.12863185653626	-0.676971167095365
4.88865577449686	0.376533166645784	0.640153482168424	0.0664584301260296	-0.573695052042395	8.81943473375758	0.203372305967816	0.847539272345213	0.0685702228043806	-0.778969049540833
4.88168779782565	0.563121627051524	0.667786768342523	0.134467922096873	-0.533318846245651	8.12933463916147	0.321176755827313	0.84979091632838	0.140819811270493	-0.708971105057887
4.65422674771339	0.434790445557073	0.507764696993675	0.0807587277106452	-0.427005969283029	9.07557626248243	0.262536931554499	0.676525138965457	0.112299685359344	-0.564225453606113
4.32312116930496	0.471805344860655	0.659279497963379	0.110467580828994	-0.548811917134385	6.56950365317903	0.270135258528632	0.82007329948263	0.115579061952025	-0.704494237530605
4.66433570336075	0.49014702794445	0.599608836866137	0.0906076980839208	-0.509001138782216	7.60067548643494	0.283291783944	0.768748899491789	0.0968416695225585	-0.67190722996923
5.05245430955586	0.570358916368506	0.691146831640706	0.129734844180135	-0.561411987460571	8.40276935926234	0.329375101880955	0.857423444607103	0.165281080980109	-0.692142363626994
4.38704511188569	0.472695201491376	0.547910328557277	0.137404159714377	-0.4105061688429	9.03784407765511	0.284769067833707	0.749567437278017	0.190086377869029	-0.559481059408989
5.13802296494867	0.498409357932284	0.66660220734006	0.097688759279432	-0.568913448060628	7.4243108317401	0.270824427176356	0.773010501810223	0.112395103858813	-0.66061539795141
5.03668534410299	0.475728493246334	0.618371311643219	0.0930369135190028	-0.525334398124217	8.23729132593913	0.235425253308155	0.769324129395606	0.0896129747848082	-0.679711154610798
5.42547280852329	0.447377439484928	0.665060600878089	0.0816486174684373	-0.583411983409652	9.58980785752712	0.253250133620606	0.870568864272526	0.0965746171440512	-0.773994247128475
4.56074535578067	0.519572793108025	0.688442883520043	0.126489534359418	-0.561953349160625	6.91830271213193	0.280984854891328	0.818469046592378	0.135707096657309	-0.682761949935069
4.46636398637196	0.504145368227001	0.640264369984908	0.115648695612763	-0.524615674372145	7.66301706994054	0.281034762103102	0.85164186975293	0.120355697540465	-0.731286172212466
4.42292686849558	0.351335199443738	0.583720529043746	0.0674158351936363	-0.51630469385011	7.99928137501559	0.207449561427797	0.78403317716768	0.0919790059021388	-0.692054171265541
5.20535905868932	0.541121403446454	0.661957119713739	0.110175190037267	-0.551781929676471	8.90197852630981	0.275919208706027	0.845529862612586	0.103545578388668	-0.741984284223918
3.59334302333087	0.332236115969065	0.454735382396923	0.0891503494801733	-0.36558503291675	7.98851676873023	0.189257930603736	0.663631694478622	0.112890968705842	-0.550740725772781
4.87380229750504	0.431460415045855	0.579919948947527	0.0770293882014381	-0.502890560746089	9.88457539866476	0.246316541568816	0.812049310216463	0.0817142132743392	-0.730335096942124
3.76541229563075	0.464842143850855	0.558472785082674	0.0941210252611952	-0.464351759821479	4.4769025694322	0.259545247688448	0.599924960775615	0.115394360845417	-0.484530599930198
4.57646175421515	0.418858509694297	0.63855912982743	0.0863339789585087	-0.552225150868921	7.37240196647668	0.219481650590168	0.823971656504471	0.0924660731619638	-0.731505583342507
4.4607774429292	0.461292092556053	0.603338429758735	0.105990934560812	-0.497347495197923	8.58945312680029	0.241921029194076	0.823162943742475	0.110594205168167	-0.712568738574308
5.48579752380741	0.502647804278384	0.669897051045742	0.0932110257299919	-0.57668602531575	8.90377217376662	0.261656220975369	0.840389246688779	0.0952983459018308	-0.745090900786949
4.68903367933903	0.425099056593246	0.657801565301076	0.08509158860362	-0.572709976697456	7.62127470735576	0.230826553689052	0.837950735203272	0.0966984504947688	-0.741252284708504
4.59154937551196	0.45085055477201	0.600276031190106	0.0956054221794737	-0.504670609010632	9.11732487370129	0.261383071597516	0.841942352118684	0.102937514998445	-0.739004837120239
4.60093146566749	0.395720083279021	0.556034761353	0.0679948888183775	-0.488039872534622	9.14272788400065	0.236163841704428	0.776319125561499	0.078200357464473	-0.698118768097026
4.1705135715884	0.520031267996926	0.589968315469677	0.134100660847296	-0.455867654622381	7.3679998256426	0.288049963378277	0.787145351164045	0.13811961424318	-0.649025736920865
4.66848819057231	0.5330359720821	0.69296372007319	0.122539677132685	-0.570424042940505	7.39821295983872	0.297544987877714	0.853209519574655	0.139825188495511	-0.713384331079144
4.65278799646938	0.393722431663683	0.618355040171162	0.0661171534377114	-0.552237886733451	8.07215443971554	0.231683093022172	0.830803749277511	0.0710508404721604	-0.759752908805351
5.55350476195232	0.513050740406978	0.687901688057296	0.0974254677104793	-0.590476220346817	9.0850643411059	0.271981525354206	0.878434375881582	0.108079777251134	-0.770354598630448
5.44698259255591	0.46239565615719	0.635670493992622	0.0807185731122149	-0.554951920880407	9.67252840369516	0.257271178233878	0.82409647544698	0.0917384252732828	-0.732358050173697
4.45948396278377	0.425728112978581	0.571822101855421	0.0899628935192624	-0.481859208336159	8.80642109193414	0.245482249865555	0.83784670031756	0.102748249418993	-0.735098450898567
