LR1_coefficients_null_raster	LR1_coefficients_Elevation_16_k10_R	LR1_R2_null_raster	LR1_R2_Elevation_16_k10_R	LR1_Q_Elevation_16_k10_R	LR2_coefficients_null_raster	LR2_coefficients_Elevation_16_k10_R	LR2_R2_null_raster	LR2_R2_Elevation_16_k10_R	LR2_Q_Elevation_16_k10_R
2.68808360915064	1.02495295998079	0.0555848674038742	0.113569750169319	0.057984882765445	2.29865462090096	0.386280614709746	0.0248650490037167	0.0920762514128243	0.0672112024091076
4.40163135699886	1.45298345447791	0.0841220270827128	0.181673025002253	0.0975509979195406	6.45137148213133	0.542658128799234	0.0741825541507345	0.135682353400496	0.0614997992497614
4.44192940910882	0.886159303094176	0.123503684406245	0.149565155166661	0.0260614707604156	4.77768898316258	0.129018322351076	0.0826846218086116	0.0581187007414525	-0.024565921067159
5.46040642713779	1.50768770613166	0.176417292652289	0.223293667857277	0.0468763752049877	6.75335367288121	0.477443262511071	0.137304091488312	0.163077658521629	0.0257735670333176
3.24081640653933	1.59372995060263	0.0671225793642693	0.198082092986338	0.130959513622069	2.13373286086222	0.561275295812089	0.0215587508196256	0.148122015591998	0.126563264772373
3.90597108478572	1.1988175323968	0.120750368013968	0.176447074616448	0.0556967066024796	3.66394434368282	0.287101801819756	0.0533002479204086	0.0837353975013609	0.0304351495809523
4.73483154281554	1.31341207754457	0.148778630742485	0.212003705367788	0.0632250746253024	5.14000819691178	0.38269467917004	0.087750198924976	0.133451256059835	0.0457010571348593
4.98399820359569	1.48043134914162	0.152937073050639	0.21738156099283	0.0644444879421904	5.86631086582014	0.45741162007778	0.0947894458275369	0.136849165249259	0.0420597194217222
8.45747182030866	1.37887864329975	0.222347759271393	0.125070758762472	-0.0972770005089212	12.0044197307261	0.384096993703925	0.213400340126217	0.0703090154776642	-0.143091324648553
5.80503499994785	1.64911018223503	0.105522716324742	0.145601760720829	0.0400790443960865	6.76766137783483	0.582879682827408	0.0692504688847886	0.102046737640448	0.0327962687556599
4.94261820173624	1.20407173834634	0.10442060836217	0.159086082645324	0.0546654742831542	5.03042596074776	0.338711856526689	0.0546935605949578	0.0921707393171387	0.0374771787221809
7.2736089754871	1.16356728898066	0.19510457975717	0.130811534935787	-0.0642930448213825	12.3973494600233	0.350745305111155	0.188308367019362	0.0845493696987596	-0.103758997320602
8.55867130160016	1.51368560434473	0.212395879567133	0.188337381979833	-0.0240584975873007	12.8370434875905	0.396038839131924	0.18399590562103	0.118839960094395	-0.0651559455266351
3.98072499162402	1.15737620910804	0.0791372563918694	0.131892439132429	0.0527551827405595	4.55631308543546	0.334000522659953	0.0419586812643593	0.082023520684107	0.0400648394197476
3.28123341459171	1.07114523043481	0.0618879388217741	0.141398376566705	0.079510437744931	2.830721559872	0.319328686047301	0.0304596075889491	0.09130517575737	0.060845568168421
3.17160648897917	0.931548616350095	0.0591602927799491	0.0859503024299114	0.0267900096499623	3.09461846607275	0.276378880847271	0.0248600044013697	0.0459509261475895	0.0210909217462198
2.87956751596567	1.04854462704084	0.0547130744850058	0.120972958660335	0.0662598841753297	2.41636346354658	0.271140457408024	0.0253938972730404	0.0739856190002951	0.0485917217272548
6.98155485987368	1.82613246722019	0.0945281722084356	0.12315662000351	0.0286284477950742	8.70728273385806	0.499691290280348	0.0647993868291334	0.0772481489721407	0.0124487621430073
6.30965559078772	1.85467059851138	0.174566972560396	0.251857771376363	0.0772907988159678	8.9634410001552	0.572188765304638	0.149475596265293	0.170293729563355	0.0208181332980616
3.23498306412363	1.45641111250154	0.0664224404032884	0.208675428313727	0.142252987910439	2.40003680913777	0.418080104986311	0.0187436254401509	0.109732018978767	0.090988393538616
6.70623570168942	1.6069773811398	0.157297807747612	0.173569154993732	0.01627134724612	9.82547213153943	0.617180751565955	0.179325222539618	0.163881580464904	-0.015443642074714
2.94224842011338	1.18598711587806	0.0568983332157651	0.15783953834006	0.100941205124295	2.51756537810489	0.358608044694338	0.023952836250728	0.10404354604041	0.0800907097896815
4.96315102025634	1.63136882775726	0.118523018290934	0.217856791542554	0.0993337732516199	5.18842886504891	0.492791710349592	0.0568919653117601	0.11983459947291	0.0629426341611495
13.8276137330059	2.29276836271014	0.191026983890473	0.11790313851642	-0.0731238453740523	18.3684110984899	0.678388774658099	0.170259733075395	0.075472342678836	-0.0947873903965586
2.65995656291384	1.11542109790503	0.0591346733229834	0.149949889429515	0.0908152161065315	2.48692802755723	0.383885300426045	0.0247287677802438	0.110170180746639	0.0854414129663954
3.4778387023829	1.23691441057206	0.0525661711637815	0.127446836717664	0.0748806655538825	4.05777538733876	0.380455658861446	0.0336013956585759	0.0817988321448114	0.0481974364862355
4.86582068871248	1.21619558066635	0.117867858007599	0.13781012336676	0.0199422653591608	5.31290390028958	0.350063058822748	0.0774983260892493	0.0836069160661368	0.00610858997688758
4.45477201056639	1.25631769909275	0.0875190612771548	0.136425946112578	0.0489068848354229	6.49861333326477	0.406319255478437	0.0747320904059467	0.0858655610684216	0.0111334706624749
4.34833846414231	1.25419814571107	0.108141718972172	0.17496535116563	0.0668236321934583	5.47106318206982	0.428368515142053	0.0728793065707334	0.129232142300714	0.056352835729981
2.42313955991284	0.917958907636614	0.0420333476765651	0.102659658605211	0.060626310928646	2.38707391289802	0.29263927596414	0.0177585648619019	0.0608781825817115	0.0431196177198097
1.86591563451569	0.93623633697381	0.0231908332887779	0.087339846288865	0.0641490130000871	1.13876126300376	0.305059999941228	0.00531392445062817	0.0616217911234975	0.0563078666728693
5.1743679288565	1.19732135287075	0.126400942033011	0.134210261556128	0.00780931952311667	6.28959503598382	0.349908059450889	0.0956814063372392	0.0940334579665556	-0.00164794837068369
4.68892411039872	1.39732309247162	0.110786607526487	0.184706543903775	0.0739199363772877	4.94328984985419	0.518081895041365	0.0706878177349746	0.140746791979137	0.0700589742441622
4.5697608639055	1.32288813588728	0.165465395144859	0.204062791885199	0.0385973967403396	3.55001975087711	0.41310938119901	0.0636270494414371	0.118176180118831	0.0545491306773937
4.23379978740315	1.33015239422294	0.0915757526868278	0.154943029668863	0.0633672769820353	4.04269057650711	0.429965828732063	0.044057509416153	0.111423258474471	0.067365749058318
4.01715178790947	1.1227218991111	0.0614354385313955	0.107069130489416	0.0456336919580208	5.09778871500419	0.350282057484295	0.0423665843462779	0.0703553686239225	0.0279887842776446
3.58057831034187	1.27141575585915	0.0734449597449289	0.16901438533355	0.0955694255886215	3.56787719116685	0.354289273898375	0.0362400704691163	0.0979943603521196	0.0617542898830033
5.18015550100717	1.46112144756134	0.137905438944789	0.181253429746665	0.043347990801876	6.78968700942093	0.501887324659101	0.103786407473194	0.132744416079423	0.0289580086062288
5.76713295693749	1.2685739148987	0.116516610969962	0.125145405776096	0.00862879480613356	9.39973494305851	0.451636715387314	0.104333402996716	0.0962282924684162	-0.00810511052829942
3.46328504217312	0.993482895940628	0.0724622081174571	0.111595880466633	0.0391336723491755	3.22834110496026	0.298874123721527	0.0337596273473553	0.0668838788105554	0.0331242514632
4.49414831626124	1.34586527440662	0.100629981528858	0.116905125191175	0.0162751436623169	3.70431262897096	0.295137700687905	0.0479514117886794	0.0549952268255062	0.00704381503682679
5.28576699639056	1.12460027415977	0.123964351247811	0.132081708816599	0.00811735756878834	6.56799684167301	0.366710683613008	0.0803838451077191	0.0803289981982557	-5.48469094633214e-05
2.82783804380894	1.17668199206913	0.0382779152336981	0.12564512927152	0.0873672140378216	3.46932510076286	0.410693553726108	0.0241476524411601	0.0958481219664284	0.0717004695252683
8.01302513235347	1.84144765566028	0.179457204537505	0.175780016902549	-0.00367718763495575	11.2975447516974	0.757499802554734	0.184653881222605	0.146689180505817	-0.0379647007167874
4.37895894575721	1.39548223253549	0.121022289761874	0.201866021223316	0.0808437314614426	4.5494383221048	0.461553684917397	0.0651167449245333	0.154832710797643	0.0897159658731096
3.57814867689625	1.05053981119913	0.10849052208983	0.148816630629399	0.040326108539569	2.64736976746974	0.26618789706799	0.0445586875695385	0.0892106705972062	0.0446519830276677
7.17386481219114	1.17780118943263	0.20068737720633	0.126528170604463	-0.0741592066018673	10.229487755308	0.241261208309837	0.152119211481327	0.0519016928644041	-0.100217518616922
3.93963322537649	1.1833942278222	0.0770123131309746	0.144352582963624	0.0673402698326496	3.91518706306541	0.359205670974712	0.0417412052432835	0.0955326080607816	0.0537914028174982
0.482392519632826	0.851411903302392	0.00539643361535019	0.0648133682739924	0.0594169346586422	-0.122759536496721	0.231760591417618	0.00120221300187328	0.0372777111692485	0.0360754981673752
5.01436007558689	1.45057436163184	0.157296619522433	0.233657122734965	0.076360503212532	5.7889522303356	0.421647127857596	0.0904302318887351	0.136932068961613	0.0465018370728779
3.5396571905354	1.31441628393599	0.0707689201134949	0.152243912742519	0.0814749926290241	3.31228994738875	0.466737162822817	0.0354138102268953	0.106008456327064	0.0705946461001683
6.05060257180983	1.08452055986478	0.135280601680294	0.0856234342478814	-0.0496571674324127	8.59285461559553	0.355383965486343	0.119603621703579	0.0589061558684032	-0.0606974658351757
4.14140727268221	1.20107655814962	0.0688592115591775	0.12982389579953	0.0609646842403522	5.74383329822728	0.413225850810153	0.0471781471863854	0.100407729767638	0.053229582581253
4.44940854326987	1.53490235752527	0.112104595554011	0.198854218006842	0.086749622452831	4.5348382708505	0.491876650141654	0.0614844627319556	0.13687985802083	0.075395395288874
4.68597525915855	1.29854071285164	0.0722971856007392	0.139620805102822	0.0673236195020827	5.56047631411253	0.419658871771657	0.0468239537581352	0.106402468979897	0.059578515221762
2.67637399944726	0.973907154707664	0.039451040919067	0.0957026009030953	0.0562515599840282	2.84376938358264	0.313356570260496	0.0204303011817964	0.0629795547400048	0.0425492535582084
5.51197743681957	1.33849085380519	0.174334596743767	0.173717422232806	-0.000617174510961244	7.44959196957225	0.451474896942343	0.195521754980892	0.141770326276512	-0.0537514287043797
3.26858910164343	1.11924414585691	0.0580790331125688	0.0917280903773869	0.0336490572648181	2.59241858472011	0.337544218676633	0.0265027554017069	0.0636310238070314	0.0371282684053245
3.30772760149722	1.24229145570511	0.0568219174921542	0.160172379419604	0.10335046192745	2.88219611807063	0.393648038946209	0.0239764703920866	0.112632424146214	0.0886559537541275
2.80560026616665	1.17693066117376	0.0505150390472355	0.146950438529502	0.0964353994822669	2.92770843187824	0.352514013070427	0.0296577898633456	0.0899711264579199	0.0603133365945743
-0.209360102412702	0.523696442387331	0.00141469083036189	0.0365530840640696	0.0351383932337077	-0.342605520342479	0.128623628690484	0.012258748752296	0.0167872866146291	0.00452853786233313
4.56000861017634	1.45856519058084	0.0940485400755546	0.181921254611382	0.0878727145358273	4.99132998952841	0.460396367898697	0.0586226355828898	0.135955911895594	0.0773332763127039
3.60995325778983	1.79239931426765	0.0533996248533049	0.204534298993786	0.151134674140481	2.07250182143827	0.548031682652171	0.00983637993402239	0.127971084582658	0.118134704648635
3.16852917182852	1.05199290322325	0.0855962681312664	0.1550397075899	0.0694434394586332	3.07273803698541	0.346211759239589	0.0376079482748486	0.10193388674906	0.0643259384742117
4.63280806633573	1.34538020615937	0.125812312843169	0.206299024590962	0.0804867117477933	5.2822443825422	0.388020495557995	0.083748761271998	0.125713835072405	0.0419650738004068
3.70596877646194	1.07339155672222	0.0647848334473266	0.114752363016617	0.0499675295692908	4.2079831447474	0.312421335099752	0.0388783303346632	0.0719690537706736	0.0330907234360104
4.7294171670885	1.5349789587299	0.140594776078867	0.237890707717701	0.0972959316388344	6.35571109800929	0.611072351454375	0.113670017317198	0.20722048316532	0.0935504658481218
3.68397956716446	1.44690956324949	0.0919975942367924	0.255523145558304	0.163525551321512	3.51112558605907	0.468698442803547	0.0423757172766864	0.189109900423664	0.146734183146977
5.78441147842701	1.80165886501166	0.164670952755134	0.276319122993467	0.111648170238333	6.85601260741429	0.737859770528504	0.107477139774439	0.230734530882953	0.123257391108515
2.41529525694437	1.3632566605332	0.0406481063796043	0.138489839488494	0.0978417331088892	0.935588022908435	0.382189080278907	0.00767373472999315	0.0908392690828167	0.0831655343528236
4.84838352996161	1.44613998896638	0.103874710102351	0.183470127991706	0.0795954178893552	5.8581702048078	0.431647934527365	0.0562994366054032	0.107486750409023	0.0511873138036196
4.5612743263015	1.21850481235528	0.0757078117226829	0.108316361187947	0.032608549465264	4.73542908573833	0.359733571427325	0.0420818986528402	0.0698148270297818	0.0277329283769416
3.01327171791426	1.27134019037691	0.0770256782168922	0.151207451174843	0.0741817729579513	2.63422519595708	0.420235103584406	0.0375118065211447	0.104917169805789	0.0674053632846444
3.92962930156578	1.40765335683125	0.0850102339183781	0.190047537767618	0.105037303849239	3.75826451530435	0.374245723170241	0.0397696683344225	0.105610305840275	0.0658406375058523
3.30634762035173	1.31982771604836	0.0678409975113064	0.167105645467876	0.0992646479565696	3.11279868866814	0.440602907416138	0.028914652101294	0.107751316586438	0.0788366644851437
3.81681342532701	1.34360215969376	0.0593058928880841	0.125456059876432	0.0661501669883476	3.27112960324264	0.342919659026639	0.0218921389880951	0.0614409348105503	0.0395487958224552
4.76357065770509	1.24356477651107	0.139446157736638	0.165923245521149	0.0264770877845113	4.77496313071495	0.346921290818618	0.0667344805418841	0.0958503737730614	0.0291158932311773
3.54399484160177	1.0678571323779	0.0698393725452385	0.123397683995532	0.053558311450294	3.74320568957803	0.375231156995826	0.0311722098459679	0.0875186490007681	0.0563464391548002
2.71697079350752	0.595704556223475	0.0425138115334394	0.045647457515007	0.00313364598156752	2.47636252791983	0.100275770150056	0.023338245241164	0.015972017345792	-0.00736622789537204
5.51365618123746	1.37763189703352	0.202499561071398	0.223263482912931	0.0207639218415333	7.93598387602642	0.48033052555809	0.149640981989693	0.141605203012503	-0.00803577897718957
4.42076973888829	1.20152140968166	0.10382520388354	0.141522307788702	0.0376971039051623	6.77561801364084	0.343906774079715	0.100523662292603	0.0854668546567865	-0.015056807635817
5.03359978066504	1.49567409871449	0.114833411070654	0.150194029126312	0.0353606180556579	6.35311522781863	0.646080512723171	0.0786010502059646	0.128391286862597	0.0497902366566325
6.6525595316973	1.68808095777244	0.26400931577911	0.296236288246224	0.0322269724671141	7.89517484150067	0.537164503122846	0.20157091597673	0.222340183333823	0.0207692673570936
3.9742620011566	1.28392160396881	0.101090873975063	0.202867361128934	0.101776487153871	5.11032320083596	0.406382556357825	0.0709773158131106	0.131386513897523	0.0604091980844123
2.72700514302904	0.868786430105362	0.0554494871010577	0.102001068410026	0.0465515813089681	2.93602793724474	0.277298232594617	0.0275440067665746	0.0675181712408308	0.0399741644742561
4.67742792717082	1.12125999240671	0.0830578467726795	0.101269644949838	0.0182117981771585	4.88936167978858	0.390602004634256	0.04433539775218	0.0669411964330032	0.0226057986808232
4.62752355308054	1.21231652009202	0.119233881265658	0.175893363180494	0.056659481914836	5.65188553007046	0.362189612999943	0.0712514345540466	0.114158382486505	0.0429069479324587
7.74645788654101	1.88140060336413	0.263764119000461	0.249707024443253	-0.0140570945572078	11.1665844605524	0.632910303424859	0.262053938548273	0.174653241256743	-0.0874006972915305
3.88718358397751	1.23271522327632	0.0823374391069328	0.146653047155851	0.0643156080489184	5.58318944805954	0.413394291059184	0.0749068729463259	0.113123167757456	0.0382162948111305
2.1491853181061	1.48411674762306	0.0317050429096586	0.183654225457248	0.15194918254759	1.03805948208417	0.486543664083863	0.00607121956877349	0.132822364947088	0.126751145378315
3.5713729101978	1.22344481615121	0.0538788243364946	0.118388151621949	0.0645093272854541	4.25586764854208	0.436842992252178	0.0356244897701192	0.0821971620989263	0.0465726723288071
5.27443749218955	1.29713722799144	0.125381388352619	0.149011166490625	0.023629778138006	5.81793399198286	0.353183773379856	0.0898574369047655	0.0939940732864197	0.00413663638165422
4.48015294823426	1.12617910435739	0.0963714175213748	0.119236995578304	0.0228655780569295	5.43316895396855	0.332479421738547	0.0597551197863471	0.0772573515757983	0.0175022317894512
4.19666687703372	1.06694662125126	0.131374402027572	0.162896270323334	0.0315218682957625	4.60163878733322	0.314980580525453	0.0812357100609321	0.0988280991926231	0.017592389131691
2.90292532791154	0.869292417997491	0.0416054794399216	0.0782793933417893	0.0366739139018677	3.24251750338457	0.259429884296968	0.0281525020641095	0.0546523652709184	0.0264998632068089
4.90891980476735	1.40088176263952	0.117006736973867	0.128683678330918	0.0116769413570511	3.96100573263928	0.483566237625075	0.06173612249286	0.0831850445721572	0.0214489220792972
7.9247683956877	1.25321844807675	0.15928288630911	0.115714185108835	-0.0435687012002754	14.3959898165934	0.409148158006006	0.19606874732189	0.0799063181900482	-0.116162429131842
7.08251067282546	1.46520146520257	0.165226225028021	0.119318119298761	-0.0459081057292605	7.36757319557217	0.36549511940588	0.103281817844405	0.0526473370659357	-0.0506344807784693
7.02221307341317	1.92158401962836	0.249092059772196	0.322674003981718	0.0735819442095216	9.22227420575164	0.68196609359731	0.200361985088995	0.25333040653109	0.0529684214420953
5.81095223273045	1.39148987903706	0.160598525246998	0.197932602087642	0.0373340768406433	7.44333771015711	0.486730244482702	0.124077278889449	0.147730185295626	0.023652906406177
