LR1_coefficients_null_raster	LR1_coefficients_Elevation_16_k10_R	LR1_R2_null_raster	LR1_R2_Elevation_16_k10_R	LR1_Q_Elevation_16_k10_R	LR2_coefficients_null_raster	LR2_coefficients_Elevation_16_k10_R	LR2_R2_null_raster	LR2_R2_Elevation_16_k10_R	LR2_Q_Elevation_16_k10_R
0.158072707989175	0.0738480139488566	0.0470711760961021	0.0939450601981226	0.0468738841020205	0.0112092185847225	0.00199771942979887	0.0244178303213201	0.051837061522708	0.027419231201388
0.221125322605183	0.103919815050938	0.0690008340510758	0.11729209460076	0.0482912605496843	0.0143137136878184	0.00366852116376466	0.0507706702104606	0.0697844025580238	0.0190137323475632
0.260946414084947	0.108207204868709	0.104805585581307	0.15866494811432	0.0538593625330129	0.013427812230515	0.00280160613836632	0.0426397282849218	0.0642813138127009	0.0216415855277791
0.302938036930926	0.110379113545993	0.135648024490418	0.16786685864845	0.0322188341580321	0.0239591646157187	0.00334542304433144	0.112900123050548	0.119004927137746	0.00610480408719861
0.175294278622943	0.113178140921566	0.0488300821259928	0.15037965096794	0.101549568841947	0.00552006370931772	0.00316421195190325	0.0081514825877357	0.0751926666334042	0.0670411840456685
0.199481329350534	0.0915105359718553	0.0802293626508113	0.144041412922594	0.0638120502717829	0.00652484436477086	0.00229826630221952	0.0147457190982885	0.0600957680612955	0.045350048963007
0.276172515679809	0.117790522578273	0.120251790278816	0.189154117117346	0.0689023268385299	0.0123404589073635	0.00335857532549803	0.0356927560701951	0.0880915861826358	0.0523988301124407
0.280032133470626	0.119011331007176	0.117718351783856	0.177524111160099	0.0598057593762423	0.0151528316873602	0.00368127010379707	0.0490781031021469	0.0968180693831765	0.0477399662810296
0.616015253802992	0.156307800352298	0.352149804024634	0.195951402536869	-0.156198401487765	0.0493757972265145	0.00629737419870711	0.303859667304849	0.146053781739009	-0.15780588556584
0.428008886799702	0.148980958840022	0.15167417012701	0.161266351990715	0.00959218186370539	0.0429551545505093	0.0049964167080707	0.107612077070651	0.0917325372588912	-0.0158795398117599
0.00695166656767429	0.0069867723943032	0.000396180832080048	0.00179581412969475	0.0013996332976147	0.000603785347473498	0.000187482928857	0.00156959367711297	0.00288440747309397	0.001314813795981
0.535893927302858	0.127738147100201	0.228770353881401	0.200605978139583	-0.0281643757418181	0.0737727738302677	0.00466888827163065	0.207669330686578	0.16207048060337	-0.0455988500832089
0.660366133354327	0.182624495245061	0.303704606002617	0.313303453967075	0.0095988479644577	0.0859588133568773	0.00579191326701843	0.259443221335903	0.217652260872329	-0.0417909604635747
0.16463811482958	0.0857442792473411	0.042117720954275	0.102421342827945	0.0603036218736698	0.00548287111299601	0.00281618939642412	0.0063892019785672	0.0552826967786416	0.0488934948000744
0.178379889622041	0.0717295443847364	0.0498026056373761	0.086970351671085	0.0371677460337088	0.00940274286392532	0.00196956662002051	0.0207350779704193	0.0438991811551264	0.0231641031847071
0.13537810123604	0.0750828780114652	0.0236325316699272	0.0670035397392365	0.0433710080693094	0.00622709601745338	0.00239642437309678	0.00492122423746954	0.0389504903105457	0.0340292660730761
0.214103342543854	0.0943782327610452	0.0652121720977214	0.118918248991193	0.053706076893472	0.0115782526718394	0.00288005331785604	0.0279735496435059	0.0795281077653638	0.0515545581218579
0.551722352969096	0.157722453289877	0.111761529489297	0.138506739154389	0.0267452096650923	0.0745128122889199	0.00547321542707483	0.0899960768539561	0.106063565794594	0.0160674889406378
0.449920854074952	0.143489328954049	0.186876737183767	0.201130110725325	0.0142533735415573	0.0577047286432337	0.00534632333833884	0.200324410181131	0.148102927951011	-0.0522214822301199
0.18255401272158	0.116374176615691	0.0459752390500097	0.149705602796385	0.103730363746376	0.00726218293920276	0.00344016574100229	0.00940380042099832	0.0663599432764814	0.0569561428554831
0.528431824486503	0.141279858743697	0.262905911764584	0.194654936472596	-0.0682509752919877	0.0407457219097517	0.00471533225770422	0.310066912430938	0.191792118864969	-0.118274793565968
0.144550095206677	0.0816444458312416	0.0330409670504778	0.0985300827397149	0.0654891156892371	0.00549692479840323	0.00264939493128979	0.00748287331591125	0.0601188282372216	0.0526359549213104
0.320105893054188	0.162385303674415	0.115737978118714	0.230186029750214	0.1144480516315	0.0152380292728404	0.00652824880533689	0.0339641224933377	0.147441801980557	0.11347767948722
1.26340537378474	0.261748200671224	0.361081022424991	0.179431211291138	-0.181649811133853	0.153383134687246	0.0106020007795719	0.415467972736053	0.139199525485283	-0.27626844725077
0.135496666883694	0.0818718619348327	0.0388800108398234	0.106678134064383	0.0677981232245601	0.00607601086142853	0.00294435078240316	0.0122223595661249	0.075055793062783	0.0628334334966581
0.205141907307338	0.123292169439501	0.051569620382949	0.143959492069767	0.0923898716868179	0.0083069169603418	0.00430859022676746	0.0140014997920087	0.0991275671880145	0.0851260673960058
0.264169523345891	0.0939985815109012	0.101108802973104	0.10971148689921	0.00860268392610615	0.0170199601292939	0.00265536943164999	0.0656359298583024	0.0590824378474144	-0.00655349201088797
0.418572844976314	0.140105969496518	0.140214282291858	0.186935350584517	0.0467210682926596	0.0687914980629069	0.00662862572854168	0.15905886297595	0.174675840389938	0.0156169774139878
0.185355303790686	0.109507841159781	0.0804339054702054	0.190775231864981	0.110341326394776	0.00775796605235632	0.00343770461257511	0.023839775133337	0.114432334359815	0.0905925592264776
0.110641717773999	0.0715097532342942	0.0256359969869569	0.0778166412984398	0.0521806443114829	0.00439316723230615	0.00220919995251206	0.00606275047460947	0.0369562370606363	0.0308934865860268
0.062853616604295	0.0558088577706078	0.00392355926345218	0.0400920646454203	0.0361685053819681	-0.00305224158443488	0.00166057671075064	0.000403886495849199	0.022010806339373	0.0216069198435238
0.38853326694052	0.137172885222109	0.181829666299347	0.205930560668941	0.0241008943695942	0.0350396859379887	0.004462841918863	0.11537414815333	0.127993092191693	0.0126189440383627
0.255251725200929	0.108750226940021	0.0994507539550289	0.168153810156818	0.068703056201789	0.0149219861144613	0.00337877973247821	0.0535271472017928	0.107341287937419	0.0538141407356261
0.343901502817382	0.141133986299476	0.219857552067676	0.288893035732957	0.0690354836652812	0.0222896490253498	0.00512832912045268	0.107721235296379	0.194673118164523	0.0869518828681442
0.252140536418727	0.0989021985086764	0.0649781287565088	0.115951570171141	0.0509734414146325	0.0151097897792011	0.0023706240520302	0.0229151472546328	0.0561767163637806	0.0332615691091478
0.173867532298403	0.083386275183222	0.0335223237570755	0.0789733241603722	0.0454510004032967	0.00999250783501901	0.00310631758766246	0.0156727478608568	0.0674846771402259	0.0518119292793691
0.240362699976309	0.105146440208576	0.0803629466893645	0.158492921543911	0.0781299748545465	0.0142803585828923	0.00338931838582489	0.0304366872536493	0.0990075022521771	0.0685708149985278
0.332071042294799	0.124645075458622	0.14971681664758	0.194772599072165	0.0450557824245849	0.0321778173421032	0.00382381638284844	0.121194515207491	0.11841784754802	-0.00277666765947138
0.36036344116134	0.119352881765829	0.131723269252251	0.143127053688946	0.011403784436695	0.0304102535366431	0.00429396758224198	0.0870430145693918	0.0994013709792146	0.0123583564098228
0.191753488988929	0.0798947950436286	0.0621459187792606	0.096906328808389	0.0347604100291284	0.00794639400699778	0.00242813879766234	0.0156771430253181	0.0521623870743333	0.0364852440490152
0.546245007457256	0.11330229660308	0.219558846934108	0.112754082214795	-0.106804764719313	0.0832511493750003	0.00297927034658641	0.241619907701935	0.0546534714205497	-0.186966436281385
0.280323140581801	0.100471756403039	0.0940867442128525	0.119834137575033	0.0257473933621804	0.0188837778410659	0.00388041455612546	0.0357734560435097	0.0733622579915973	0.0375888019480876
0.1424121636859	0.0881837359384748	0.0228531571640402	0.0879511982414962	0.065098041077456	0.00784094305804794	0.00261027945461397	0.0040187924141177	0.0408483785507614	0.0368295861366437
0.617347513731895	0.175096948544362	0.299562364821079	0.208891629113533	-0.0906707357075466	0.0555841637817996	0.00732131295732346	0.350638089054021	0.184437999908924	-0.166200089145097
0.225370090421507	0.130273075180129	0.0890149311076735	0.209354155616086	0.120339224508412	0.00771200226006107	0.00472274228469011	0.0162133929606973	0.139708419457005	0.123495026496308
0.189455334204305	0.0930101931255533	0.0771603122962431	0.144753780713069	0.0675934684168254	0.0057682785131717	0.00230372241622947	0.0138655382128344	0.0742778470604648	0.0604123088476304
0.483897789063354	0.108255704579202	0.228349728555555	0.161667250263668	-0.0666824782918865	0.049446639485248	0.0024402379259765	0.161004813578044	0.071645364344559	-0.0893594492334854
0.193706017039332	0.102729598506663	0.0589027652933891	0.125525292089054	0.0666225267956649	0.0081117988236833	0.00344226852005996	0.0194837394283081	0.0709397277322014	0.0514559883038933
0.341904877823313	0.126751637414226	0.161617699740202	0.162832381437105	0.00121468169690295	0.0300310807852539	0.0041916518319014	0.135561476506834	0.105395243068128	-0.0301662334387057
0.246004643556017	0.125856478032649	0.109749812615042	0.212034430925795	0.102284618310752	0.0110728793552453	0.00429704977800684	0.0319616957618715	0.125153564703289	0.0931918689414171
0.2013379450176	0.112816368182888	0.0649293293217451	0.135315906967585	0.0703865776458402	0.0125420923032879	0.00393817632819059	0.0321926720679173	0.0753147953319496	0.0431221232640322
0.501373688010995	0.104841189667096	0.1912026231936	0.10662599466435	-0.0845766285292497	0.0629208158219132	0.00228395310433469	0.175895802643631	0.0369442269900019	-0.138951575653629
0.306639440898087	0.102806870845314	0.0784481225066765	0.120934767032833	0.0424866445261561	0.0327599367112527	0.00324361945845207	0.0373151051914381	0.0725015253574578	0.0351864201660198
0.192268982194956	0.123538294543028	0.0667864934039352	0.161111924789666	0.0943254313857311	0.00707084203409579	0.00453035960516205	0.0185094991152169	0.111305719856993	0.0927962207417762
0.250720535456405	0.113108448283569	0.0750216391473684	0.149138323135356	0.0741166839879874	0.0112979211620047	0.00328325733402303	0.0249689442912089	0.0950956123465432	0.0701266680553343
0.136385809131113	0.0725404695252089	0.0272419971820778	0.0711864570161783	0.0439444598341006	0.00503497126305173	0.00213729676671123	0.00590287224585076	0.0361001189427803	0.0301972466969296
0.380435533059605	0.122326305576443	0.225946201162324	0.224189173832409	-0.00175702732991534	0.0246779753106734	0.00364582976102944	0.202635379203506	0.194262229220398	-0.00837314998310815
0.251927346360359	0.0986829429340952	0.077416209977368	0.0998629784238909	0.0224467684465229	0.016252522566271	0.0031414686436764	0.0567381866978995	0.0676432046252418	0.0109050179273422
0.180911345373686	0.0944393842710198	0.0475042258404049	0.120648846096934	0.0731446202565294	0.0075237488819681	0.00256983818397112	0.0107959399451422	0.0585791986681725	0.0477832587230304
0.181293261760891	0.0725122828434309	0.0634410914051807	0.0894798209130567	0.026038729507876	0.014505117213923	0.00224432500724528	0.0445254288203109	0.0542934491964665	0.00976802037615561
0.0933703840975513	0.0749053122911499	0.0120645741188879	0.0745398055239687	0.0624752314050807	0.000258927956710916	0.00219350662257316	5.56172267819338e-06	0.0360088838854462	0.036003322162768
0.425152661891315	0.145223133682213	0.134162237184307	0.205745465348235	0.0715832281639286	0.0651243932321281	0.00616687434075461	0.103775501818143	0.167014581329708	0.0632390795115649
0.150688293711179	0.130550932707109	0.0242400742962652	0.133771689179033	0.109531614882767	0.00301599675019185	0.00382661372315661	0.00135338971680472	0.0565505289379228	0.0551971392211181
0.19522044894312	0.0903332978117313	0.0756837013681081	0.127918590179744	0.0522348888116355	0.00924501842528954	0.00295730622816395	0.0221281943258137	0.0671620003077631	0.0450338059819494
0.316828417492679	0.1219724168163	0.155249227758822	0.204432229989531	0.0491830022307098	0.0189198975282256	0.00432713001074054	0.0926254120195509	0.133141042289515	0.0405156302699638
0.176306604712204	0.0730048382751895	0.0397415683099808	0.0696337405827117	0.0298921722727309	0.0113398117739775	0.00163528401521581	0.0192465551108642	0.0227036781953739	0.00345712308450966
0.335233405380292	0.134485947982239	0.179803708311219	0.242745020868517	0.0629413125572981	0.0262156962454777	0.00481818102868403	0.175357947425504	0.224816490041213	0.0494585426157086
0.207712927027958	0.112849353553379	0.0817083913786849	0.199213453546493	0.117505062167808	0.00990899446641266	0.00338554267382679	0.0240626736077799	0.106130364626853	0.0820676910190735
0.36741707801077	0.140436528119115	0.18708014598134	0.243432702921979	0.0563525569406392	0.0264978182529004	0.00565754966184597	0.125186941992379	0.17199128543802	0.0468043434456403
0.32526200005107	0.116364729665939	0.0905652873504728	0.118912840144363	0.0283475527938902	0.0377488139912625	0.00352040675170235	0.0711883169165699	0.0670703088136236	-0.00411800810294631
0.275004689472156	0.117746514583161	0.0757070396791013	0.1386523313795	0.0629452917003991	0.0218002833385111	0.0038490852850805	0.0254036112328434	0.0669093238180849	0.0415057125852415
0.405540402412355	0.145278564088284	0.113820276639594	0.179543981458474	0.0657237048188802	0.0536014915757198	0.00617757194946365	0.0756773778452546	0.157953430833582	0.0822760529883274
0.339725025361504	0.135137044885113	0.175074951052528	0.19285075540147	0.0177758043489419	0.0224232513220221	0.00547485224842526	0.124903622755798	0.136973499701996	0.012069876946198
0.225507557775608	0.122312566199791	0.075339193886862	0.17895302872161	0.103613834834748	0.0123606099863433	0.00355741828753426	0.0278338651725816	0.103501457350249	0.0756675921776675
0.237452390605573	0.101537748176001	0.0645340098208651	0.119706548721533	0.0551725389006677	0.0159745771615931	0.00248562317182996	0.0228852209463336	0.0452942279891261	0.0224090070427925
0.202944779753832	0.107046809501087	0.0480661233355432	0.109664191579344	0.0615980682438012	0.00903723008156878	0.00292614552608591	0.0116801711931553	0.0523863799245847	0.0407062087314295
0.273767554698244	0.14117598136179	0.108506991472761	0.219390706411794	0.110883714939033	0.00890415919665844	0.00428453770345379	0.0195692640667141	0.118833585829155	0.0992643217624404
0.186593116902296	0.0840433896392444	0.0474186281381588	0.0974435102903306	0.0500248821521718	0.00921539087807215	0.00235544791215986	0.00853064367836118	0.0433320991322717	0.0348014554539105
0.312444265311108	0.0724852618183801	0.0957001089065592	0.0769763691204341	-0.0187237397861251	0.035462670939604	0.00145154627101675	0.0826754923947385	0.0295793568259419	-0.0530961355687966
0.287017864497482	0.114877135849555	0.16508346881293	0.219975531154118	0.0548920623411883	0.0161230345536304	0.00351711759711115	0.0727981278334659	0.114438847479408	0.0416407196459425
0.276503425983031	0.0905960718255803	0.0987802053529313	0.101234072883281	0.00245386753035001	0.0207319261195226	0.00293839794472812	0.0924073258521883	0.0739014267045671	-0.0185058991476212
0.308203245754076	0.114354153897176	0.107480458454912	0.14769318789406	0.040212729439148	0.026762865813162	0.0036390798923229	0.0550749874238792	0.0816555998128454	0.0265806123889662
0.379703458026095	0.154952373102061	0.27257843851647	0.317836244539273	0.0452578060228028	0.0189482894276608	0.00491853606688543	0.186407153500121	0.247718193587261	0.06131104008714
0.226172646352113	0.117061469292228	0.0882772647579918	0.181350871823783	0.0930736070657914	0.0139274777328478	0.00453413805457049	0.0507034490572374	0.118053996605524	0.0673505475482863
0.143744517040778	0.0804164972865321	0.0389510059870029	0.0987053016476591	0.0597542956606561	0.00540549155477239	0.00271676400893489	0.00873475774419874	0.0513813485178446	0.0426465907736459
0.282604166511125	0.103928034949384	0.0798742430427482	0.10433688525061	0.0244626422078616	0.020177331988103	0.00384872053455434	0.0421581498284866	0.0672119439016166	0.0250537940731299
0.214855917018766	0.0973157321569548	0.0808960293602259	0.156277077720425	0.0753810483601989	0.01049483864848	0.00277043827318122	0.0256208870752365	0.0757715309943464	0.0501506439191098
0.538791246431653	0.17174673637572	0.383875222917584	0.304268717243925	-0.0796065056736593	0.0441976512395638	0.00607811463259384	0.35197329245725	0.228999892080884	-0.122973400376366
0.319618554600249	0.128192601070216	0.123776247722304	0.177802086299671	0.0540258385773672	0.0267127341025536	0.00513659319623105	0.0938925758878711	0.144562210503032	0.0506696346151606
0.219603997223662	0.107773318299254	0.0628618959521485	0.150286366390791	0.0874244704386422	0.0109794778957672	0.00378555545698082	0.023650126673516	0.108786191847521	0.0851360651740049
0.164341164672665	0.0949898637750217	0.0372067498186083	0.0970129502575448	0.0598062004389365	0.00909324880264119	0.00331715569049568	0.018380146378	0.0709931012108811	0.0526129548328811
0.420866236926863	0.127861902534659	0.204401596489227	0.192493632976168	-0.0119079635130584	0.0400847160896562	0.00428379572425758	0.176905844712742	0.136963283879876	-0.0399425608328659
0.235056365685982	0.0840467501111133	0.0657706153938475	0.0888563339811904	0.0230857185873429	0.0178933109358776	0.00288454652207317	0.0310853794926786	0.0535459356856877	0.0224605561930091
0.207675366222903	0.0773271577394472	0.0954567448893054	0.126749014610678	0.0312922697213723	0.0121498077285083	0.00176631985548108	0.0588397637181441	0.0709363238603607	0.0120965601422166
0.179201995852437	0.0772038162327526	0.0494584492632044	0.0840200672078703	0.034561617944666	0.0147043761841652	0.00280491805932997	0.0268076210311171	0.0613656033717152	0.0345579823405981
0.229339408596395	0.098141869471283	0.0579079303899485	0.0842209870943213	0.0263130567043728	0.0091054268243959	0.00255285975933646	0.0167937211953896	0.0356905013938961	0.0188967801985065
0.47090442383401	0.104931302204836	0.189258699425397	0.120172285534541	-0.0690864138908557	0.0630221701489945	0.00280342619955254	0.222985866803551	0.0593166989594648	-0.163669167844086
0.730591969846686	0.200799451069568	0.32300347055686	0.221844497060592	-0.101158973496267	0.101501364893803	0.0067714152508808	0.336976539423711	0.123683792739379	-0.213292746684332
0.460846656787267	0.176284335896265	0.292620214188751	0.366241709767827	0.0736214955790755	0.0332568751473676	0.00606556498646248	0.21948284931523	0.295017330940196	0.075534481624966
0.361926691540042	0.156363541086767	0.177819905967282	0.274739742567548	0.0969198366002664	0.0180748383746716	0.00674539528149969	0.0777455324874481	0.225290223070784	0.147544690583336
