LR_coefficients_null_raster	LR_coefficients_Elevation_16_k10_R	LR_R2_null_raster	LR_R2_Elevation_16_k10_R	LR_Q_Elevation_16_k10_R
17.9548720715401	19.3295364317127	0.29186409977315	0.572023980693673	0.280159880920523
18.0461453251245	19.1940287562372	0.296022662159671	0.566296204937434	0.270273542777763
17.4876252499494	19.0162850425726	0.287678090914853	0.575243578290877	0.287565487376023
18.1081763230292	18.9482489847462	0.304418928094133	0.563658030363135	0.259239102269002
17.8740180723349	19.38262817493	0.285618985091488	0.567967207636199	0.282348222544711
17.9863104075021	19.71208345682	0.284173745413689	0.577191798377171	0.293018052963482
17.8800142548569	19.2079456369499	0.293240674590349	0.57227613353668	0.279035458946331
17.4629130306448	18.6299359660481	0.290042223971979	0.558220625019605	0.268178401047626
17.673411642792	19.4125596169417	0.283813272041131	0.579045684890748	0.295232412849617
17.9546920360065	18.0832872281873	0.290532558036741	0.498366633899816	0.207834075863075
17.8164661775707	18.9606098390205	0.293800751187138	0.562690625327802	0.268889874140664
17.8647831411147	19.267163006039	0.288277362900194	0.567029816764149	0.278752453863956
18.1224307956366	19.3802919229752	0.28865699701884	0.558245367945542	0.269588370926702
18.0248058338612	19.6526890876668	0.289498558334317	0.581975218687042	0.292476660352725
18.3159216855868	19.3004742160114	0.299260612463101	0.561931365963007	0.262670753499906
18.0495623198756	19.7248512700632	0.282913901270322	0.571351959913416	0.288438058643094
17.8736771806195	19.8810061068977	0.275102008536606	0.575569760715611	0.300467752179004
18.3711555274519	19.7369613381141	0.295326612752852	0.576428609007907	0.281101996255055
17.7909087026708	19.5039343761752	0.280283858393328	0.569641493032127	0.289357634638798
18.6235539622341	19.3095583991123	0.308307058237381	0.560477699786811	0.252170641549431
17.9285392044335	19.5085569408841	0.287281729936855	0.57520651720942	0.287924787272564
17.8388576995667	19.5227130716912	0.283989706902531	0.575180521339368	0.291190814436838
17.5534260864367	19.0676407500205	0.287348008287188	0.573368240397622	0.286020232110434
27.2847978080096	37.1255404324362	0.10967581971448	0.343376277410405	0.233700457695925
17.7661118563852	19.336933673642	0.280008123911022	0.560939982315357	0.280931858404335
18.4344281785213	19.6385122620969	0.297086182052763	0.570158482195738	0.273072300142975
18.2521126753913	18.6290471044272	0.302186906938159	0.532336142007821	0.230149235069662
17.9876771084046	18.7403234254615	0.301286040993762	0.553016791317851	0.251730750324089
18.085021465393	18.7341558584719	0.297950267098499	0.540666286580031	0.242716019481531
17.7818985381893	19.055908014977	0.291261276223263	0.565641282115556	0.274380005892294
18.2471621821983	18.1535399733297	0.306958517110213	0.513767922941748	0.206809405831535
18.3148240024825	18.1362885486264	0.310459904308886	0.514816151325492	0.204356247016606
17.6604855849713	18.4699561810499	0.292771514157985	0.541515108114757	0.248743593956772
17.434814376065	18.8399451925533	0.287490670468621	0.567680112578041	0.28018944210942
17.9425513240687	19.7605437438845	0.270794087782733	0.555422939188274	0.28462885140554
17.871995736365	19.457732031212	0.284521380673944	0.570306799300773	0.285785418626829
17.0261005842772	18.7488075861306	0.281720023586032	0.577683470084597	0.295963446498565
17.9396648071345	18.8034867420314	0.298712789789872	0.554954344740668	0.256241554950795
18.1385165582957	19.6014006020272	0.28780288752239	0.56835689702132	0.280554009498931
17.3922525311064	19.0111022388322	0.286023699403237	0.577910066066107	0.29188636666287
18.5469468143551	17.6232209464054	0.306331444187744	0.467705640412557	0.161374196224813
18.1976196826921	19.1322729518458	0.299163590306641	0.559201096368433	0.260037506061792
17.4734407652949	18.906116023356	0.291047396378586	0.57619143978546	0.285144043406874
18.4125940072951	19.767021639241	0.281783046208964	0.549190088587685	0.267407042378721
18.3741044160707	20.4288765101588	0.275740841672155	0.576411999417794	0.300671157745638
17.4080324891755	18.5321954047578	0.292266965933734	0.560130737609105	0.267863771675371
17.9913961651153	18.8535526036395	0.297218710520829	0.551935230487153	0.254716519966323
17.6728125845007	18.1478579552001	0.29388061824855	0.524041466926995	0.230160848678445
18.0604707217923	19.1592835779426	0.294960199176469	0.56133113031511	0.266370931138641
18.0717245262872	19.6164376119667	0.289990530957957	0.577803560963015	0.287813030005057
17.6367382427937	18.571499997751	0.292368525933898	0.548205457447154	0.255836931513255
18.0149110676424	19.2824292699617	0.292260461993448	0.566219243804886	0.273958781811438
18.4689915398862	18.2603146752394	0.307528789086496	0.508359844540946	0.20083105545445
18.3143898788757	18.3306276105528	0.306703427578339	0.519569559141108	0.21286613156277
21.4814725334452	21.1134089287856	0.298972053232357	0.488398729595988	0.189426676363631
17.9257261189628	18.5659473903091	0.303724348689578	0.550954376167775	0.247230027478197
17.982661190203	19.2647444609191	0.294990153811932	0.572507805171348	0.277517651359416
18.9848720402467	15.9020657880164	0.245959550440762	0.29181710430705	0.0458575538662873
17.3464463128178	19.600711143336	0.275577040565571	0.595005480956757	0.319428440391185
17.7403945688137	19.377844642121	0.286131083085084	0.577304228301664	0.29117314521658
17.1957100596188	18.6338834632511	0.290336453773592	0.576531977506716	0.286195523733125
18.9452295744156	18.8119086612687	0.322664561283855	0.53798796064603	0.215323399362174
17.4911573492751	18.8733657022402	0.286723172404083	0.564520503405591	0.277797331001508
17.5810371371443	19.4070337367059	0.282294627330015	0.581684106907948	0.299389479577934
17.3580953736411	19.0060301393345	0.28535820205423	0.578527995626642	0.293169793572412
17.5179658360698	19.1663234667251	0.281800000805928	0.57043557604906	0.288635575243132
18.0158283307476	19.7517655416018	0.282049366118782	0.573302474130539	0.291253108011757
17.5145360147851	19.2240594048296	0.287482623936994	0.585679248083601	0.298196624146607
18.1120361391826	19.4193328496038	0.2901413765519	0.564025802594212	0.273884426042312
17.0522180751037	19.4419424713261	0.268928943146623	0.591167304257403	0.322238361110779
18.1849435398589	19.0041232579301	0.296019941000885	0.546698699390464	0.250678758389579
18.472005774014	19.2977714179603	0.301770603707708	0.556952869856589	0.255182266148881
17.8071778979649	19.2012449383939	0.288906015481525	0.56804203471135	0.279136019229824
18.1229105229224	18.5724453945056	0.29884105855887	0.530735165227286	0.231894106668416
21.1948328938297	21.0124144195777	0.296869223905628	0.493415068911403	0.196545845005775
17.8174104356043	18.9261940141591	0.290340780863883	0.553988509950199	0.263647729086316
17.6232341707296	19.1996267792507	0.287238567383567	0.576517389048554	0.289278821664987
17.9302832640642	19.3452085077633	0.287987089474202	0.566892690807866	0.278905601333664
17.4771384351492	18.5525971187424	0.287641656256651	0.54812027339921	0.260478617142558
18.2806194163427	17.6289743155227	0.292725917668449	0.460350651155935	0.167624733487486
18.1094723271783	19.5543884352852	0.288663986835969	0.569147456342863	0.280483469506894
18.2558929780343	19.7755611252159	0.288224461177729	0.571923068787173	0.283698607609444
18.1709963683093	19.6095959704778	0.288162546991679	0.567508868072414	0.279346321080735
17.8543002229379	18.974762645101	0.29478032907533	0.563016142579026	0.268235813503695
17.666460087204	19.0048212614567	0.289835790565328	0.567199487003893	0.277363696438565
17.715332465643	18.2482263203224	0.297923737317018	0.534568199832905	0.236644462515887
17.8147617973048	18.7855682699594	0.297120767606922	0.558697789623448	0.261577022016527
17.7630391941968	18.6660877111209	0.293878810532721	0.548776669543622	0.254897859010901
17.7628983167007	19.2878550494771	0.286219213944208	0.570682168064207	0.284462954119999
17.7598345362561	19.1420642330089	0.290217418359292	0.570136036761424	0.279918618402132
25.4094156666868	22.6897936416949	0.302077214146754	0.407328702601714	0.10525148845496
17.9823590350621	19.4633992862491	0.287512747629968	0.569582196900409	0.282069449270441
17.6795108041772	19.4918273205623	0.278504823438778	0.57246981199605	0.293964988557272
17.6588180017106	19.1956634405653	0.285675212546309	0.570835352444978	0.285160139898669
17.8975388666952	18.7312077765296	0.297841298771385	0.551677359563793	0.253836060792408
17.7979658535267	18.2842127512089	0.298530071811502	0.532788925555236	0.234258853743734
17.4288421939848	19.2224722372391	0.281861621529504	0.579792596428832	0.297930974899328
17.9357684027053	18.8771412622938	0.298447265740985	0.559056106664406	0.26060884092342
17.8769196915698	18.4269301551034	0.300371014212776	0.539677027863159	0.239306013650383
17.2875274667134	18.7269201227184	0.290674613170029	0.5768054603795	0.286130847209471
