LR1_coefficients_null_raster	LR1_coefficients_Elevation_16_k10_R	LR1_R2_null_raster	LR1_R2_Elevation_16_k10_R	LR1_Q_Elevation_16_k10_R	LR2_coefficients_null_raster	LR2_coefficients_Elevation_16_k10_R	LR2_R2_null_raster	LR2_R2_Elevation_16_k10_R	LR2_Q_Elevation_16_k10_R
2.40890284873071	0.435165058784766	0.160735723450039	0.0946176358095281	-0.0661180876405111	3.05354780228601	0.237147560225444	0.090548407645678	0.0785352321535358	-0.0120131754921422
2.61413096306298	0.456513644467763	0.149944791647404	0.0955421713756055	-0.0544026202717987	6.25833220913322	0.252175491786711	0.138380693237548	0.0795617094689344	-0.0588189837686138
2.75037158590986	0.462881192744288	0.170252846356883	0.0998268898890986	-0.0704259564677844	7.16989882219095	0.284189412752371	0.173122427106041	0.0952896348489728	-0.0778327922570683
2.49451651226398	0.436982717311883	0.161255830591803	0.101433624919696	-0.0598222056721067	6.44858500406295	0.271461438481191	0.156091047565212	0.090966669981682	-0.0651243775835298
2.07282192751789	0.397728756354404	0.119123962178556	0.0883783968621963	-0.0307455653163597	5.35866473833134	0.260696450318676	0.12095592498005	0.0906097661209521	-0.0303461588590975
2.99688751234462	0.49025958605987	0.19364550535796	0.122527732292416	-0.0711177730655439	8.29709975213884	0.284513122436969	0.21341979243824	0.11556030428228	-0.0978594881559605
2.76669787422372	0.524101492337301	0.203206887917482	0.151824101756504	-0.0513827861609777	7.12368097267454	0.327227609412808	0.18313190450311	0.134844325342707	-0.0482875791604031
2.22694382535791	0.358896854878319	0.130770627302929	0.0772912192019014	-0.053479408101028	6.29047094149206	0.217471864375809	0.143364397232915	0.0731698437524853	-0.0701945534804293
2.42776940602902	0.431461307282885	0.163087638474719	0.111412007316047	-0.0516756311586727	6.21671686307995	0.255063483792361	0.152743155980511	0.0961497416133166	-0.0565934143671948
2.68012714629765	0.456141118594264	0.171960443264874	0.109014199072254	-0.0629462441926197	7.76035860973263	0.279241418695137	0.185184109384477	0.09865116648187	-0.0865329429026074
2.42245597703101	0.420552986546727	0.147705874414008	0.0896054589672732	-0.0581004154467344	6.4415157132096	0.270690052719364	0.151508668729986	0.0856770632698703	-0.0658316054601162
2.72782425794084	0.475787949501799	0.19468241236264	0.127887099403151	-0.0667953129594892	6.93181294715531	0.285638205012982	0.181044820317634	0.108343283116996	-0.0727015372006382
2.44326667501162	0.447362897517571	0.16214800715167	0.113224749733406	-0.0489232574182638	6.24405357056184	0.279552194652089	0.153704638959852	0.10536924153748	-0.0483353974223723
2.65879298824113	0.52834224907848	0.181543422627863	0.150350616867225	-0.0311928057606382	6.09469874244845	0.328368214301396	0.153904071344702	0.146338081546217	-0.00756598979848552
2.64706245662201	0.462447188881115	0.17826585729225	0.114383744077917	-0.0638821132143327	6.88247251400684	0.270117481250433	0.180127061751579	0.101141317290991	-0.078985744460588
2.48819140021665	0.494165916903843	0.157691711354594	0.125435899568379	-0.0322558117862149	6.58030597602848	0.309270492085891	0.154228487823996	0.116598016926061	-0.0376304708979347
2.39700018211919	0.441349134501018	0.138128902271773	0.094945417610392	-0.0431834846613809	5.72531813187165	0.252441174248999	0.128951286444224	0.0817479346572698	-0.0472033517869541
2.64520355536208	0.512719024001139	0.167443946361091	0.132374963860656	-0.0350689825004345	7.08761151180428	0.325360162648578	0.171886604164078	0.130590181173889	-0.0412964229901893
2.3078741600556	0.432575609134306	0.148799366448728	0.100851072939998	-0.0479482935087294	5.25103940970623	0.267034796380772	0.129389788610067	0.0876970425632574	-0.0416927460468097
2.75406204191134	0.498611964943157	0.174567209164836	0.11583617795487	-0.0587310312099661	6.47479056704772	0.310863567170148	0.160649624178199	0.112232674711921	-0.0484169494662782
2.57294510650092	0.463941665196378	0.15692562271094	0.109660977065012	-0.0472646456459276	6.46684595241915	0.284053152937294	0.149135315634911	0.107504250452639	-0.0416310651822722
2.46098367057113	0.434200675907744	0.153983465234814	0.0939643961784672	-0.0600190690563467	5.38994261671079	0.256148647231751	0.133548997704593	0.0838400967548868	-0.0497089009497063
2.2725678524183	0.392425683082756	0.13510792996586	0.0875493791852021	-0.0475585507806577	6.09695432698353	0.234359821076162	0.135306109839811	0.0765330842161565	-0.0587730256236548
2.41209939387919	0.444779695650526	0.151345243058803	0.100641155343627	-0.0507040877151765	6.43982323355792	0.30132584113719	0.161825044024812	0.10542744910631	-0.0563975949185022
2.55200929811703	0.445159796968885	0.154559363081077	0.10200098177427	-0.0525583813068074	7.15284172335522	0.282703134182358	0.167895052667516	0.101082224660054	-0.066812828007462
2.80061208528713	0.509996802144565	0.197509099846989	0.136589537580028	-0.0609195622669606	7.25211327524512	0.324455296272856	0.199758410882754	0.133745638573034	-0.0660127723097202
2.7164771974264	0.481587658769695	0.168939915787263	0.110713935549677	-0.0582259802375861	6.9297882997783	0.274201016530047	0.165201124306599	0.0906905322327843	-0.0745105920738143
2.53425875443159	0.48378949241226	0.166873846479465	0.119007365171263	-0.0478664813082018	6.26603477179641	0.309125806355765	0.160869621242902	0.115631894179413	-0.0452377270634899
2.45944060365584	0.412272279420856	0.161043201168685	0.0935013274921927	-0.067541873676492	6.42001149915251	0.2573152518967	0.168874584281986	0.0888477436921441	-0.0800268405898421
2.50573962874945	0.449187367994308	0.166570251655924	0.107684933287377	-0.0588853183685467	6.62662720627203	0.289138832252375	0.179911376556075	0.108508095582318	-0.0714032809737567
2.57846085900516	0.446702278457318	0.169482393306262	0.103474980180874	-0.0660074131253884	6.16706319931565	0.261906145566143	0.159548399624243	0.0914906008618183	-0.0680577987624244
2.28253730880517	0.410410483631876	0.133241446316383	0.093716960453686	-0.039524485862697	5.93306018861743	0.250687756091651	0.136592432841021	0.0914939901362439	-0.0450984427047774
2.51350909032	0.48357261730255	0.191917009679514	0.130776235337577	-0.0611407743419365	3.63018371356894	0.278618084340132	0.11517840911323	0.113263225105706	-0.00191518400752409
2.46075301003813	0.423810479514993	0.144309895100944	0.0915638626769502	-0.052746032423994	6.03796801906201	0.239723857375745	0.138505893891695	0.0766548929116728	-0.0618510009800226
2.31269848235841	0.462542120916966	0.151453708642132	0.119653673685905	-0.0318000349562268	6.16748686339374	0.304336704050113	0.148224864827548	0.121467122470785	-0.0267577423567634
2.60302442865486	0.470594162336436	0.167656509644584	0.116206220154208	-0.0514502894903759	6.56470056647315	0.283115209985001	0.161100860423854	0.107866775155952	-0.0532340852679017
2.60263583064576	0.459816744783578	0.169089991475894	0.110765066206744	-0.0583249252691497	6.82321851953414	0.276826386951651	0.174622538993023	0.103446484961631	-0.0711760540313923
2.15160837635761	0.415876706041931	0.112426948631352	0.0813837150729418	-0.0310432335584103	4.60683703560649	0.260750933753412	0.0960959248848653	0.0806492686802911	-0.0154466562045742
2.90948659031531	0.551221891729693	0.200428127217827	0.161519827364356	-0.0389082998534716	7.64537190155157	0.328969214995471	0.190977800077521	0.147563866856316	-0.0434139332212052
2.62060248440953	0.511709056333451	0.181970313748034	0.14305607151607	-0.0389142422319637	6.80903367425718	0.308401062786586	0.176122446266345	0.129979091537683	-0.0461433547286616
2.66208245726944	0.516004852736378	0.186895366326233	0.145972800441448	-0.0409225658847848	6.2075849939768	0.309829407644554	0.164606354203894	0.132063605114695	-0.032542749089199
2.69803997593986	0.472384216287447	0.188540494792496	0.122491959138134	-0.0660485356543623	6.4792696049464	0.263773116129865	0.16313872669414	0.0957620834600326	-0.067376643234107
2.36911198864557	0.415689240178055	0.132921639687599	0.0877568825785306	-0.0451647571090684	6.13264142149079	0.260284726309898	0.14095373634381	0.0907269753481461	-0.0502267609956639
2.74908381362311	0.478647719480565	0.183183396541987	0.124641099239507	-0.0585422973024804	7.48905960178888	0.283716046110262	0.19173175302714	0.113175984439107	-0.0785557685880327
2.39159315406575	0.449126739530943	0.164673295098789	0.120029742194131	-0.0446435529046579	5.82768941511385	0.272809210909076	0.151292983234525	0.106945844693686	-0.0443471385408381
2.2772733887794	0.41610269774656	0.139099163094153	0.099572580883723	-0.0395265822104305	5.89288724803543	0.246797999837152	0.138712121527586	0.0916149217202489	-0.0470971998073372
2.66671385135616	0.528805753868657	0.194251719581092	0.158162061328436	-0.0360896582526564	7.43710260973928	0.356350222887717	0.197876417300487	0.160190458138491	-0.0376859591619955
2.72856204983993	0.532693476280245	0.181556036040945	0.139122941068835	-0.0424330949721102	6.63576468980095	0.329480722682127	0.171974345937136	0.13112789120697	-0.0408464547301659
2.75069785249233	0.445785849687318	0.183331363995341	0.103155102233988	-0.0801762617613529	6.8930100964688	0.235752644827876	0.174027742985026	0.0769254093762273	-0.097102333608799
3.00644852092589	0.507454197488009	0.190878193311979	0.122390699414199	-0.0684874938977802	7.57657203975751	0.27641269935936	0.18454278214372	0.101751368976123	-0.0827914131675973
2.6691032888934	0.548216962545244	0.196173174475005	0.16136724484376	-0.0348059296312452	6.53776820558664	0.344172097352144	0.177547816120437	0.152716751723903	-0.0248310643965337
2.58319209825292	0.522241632547846	0.165919691076448	0.132469036960787	-0.0334506541156609	6.91434519093706	0.348368078857733	0.168175980869949	0.130983432843355	-0.037192548026594
2.63281980438042	0.455020113139257	0.16039511687296	0.108180274517239	-0.0522148423557206	7.5270586825639	0.26845142252522	0.174631814596724	0.0968717487280225	-0.077760065868702
2.59975706832882	0.481452176516963	0.171517273651789	0.122578970620666	-0.0489383030311225	6.9064510981279	0.294341135234221	0.164656950896844	0.109129414621095	-0.055527536275749
2.36501513939275	0.403707900593397	0.14561438480809	0.0893304544144028	-0.0562839303936875	6.51607173304734	0.254957582826954	0.157771951651567	0.0861197348591844	-0.0716522167923822
2.58820236754919	0.447617121540933	0.159458239757105	0.102191179402186	-0.0572670603549185	6.91198408457928	0.277779214253226	0.162821693778986	0.0957808070203166	-0.0670408867586694
2.68107053125348	0.479712573575014	0.174895704033196	0.113502410637974	-0.0613932933952214	6.69600573540322	0.281147632534254	0.165495216332327	0.0947028309710667	-0.0707923853612606
2.66211130528837	0.479986208590827	0.175411794415561	0.125637584805326	-0.049774209610235	6.7521735352154	0.280847927148363	0.168793332335333	0.115784867194243	-0.0530084651410899
2.68236677298385	0.461666513533706	0.173364773789114	0.105174633787517	-0.0681901400015966	7.01357468221403	0.278929660183799	0.175318230075465	0.092671429561399	-0.0826468005140656
2.22130627687376	0.357138118896547	0.129909095128293	0.0694874923423003	-0.0604216027859931	6.3294139435552	0.221316532241373	0.14812488116135	0.0648533918403101	-0.08327148932104
2.53184331020985	0.434985226647556	0.173032845989275	0.107659771653022	-0.0653730743362533	6.45118625370302	0.252436960018774	0.169686549046817	0.0878365597309559	-0.0818499893158614
2.4817174640619	0.427312544332168	0.156689222154371	0.0953345801105119	-0.0613546420438587	6.28002311280684	0.274105631209878	0.149956588241278	0.090133672609898	-0.0598229156313802
2.32297951960647	0.505612669615632	0.154285976707617	0.123586046284871	-0.0306999304227462	3.29861299059806	0.310475481934132	0.0922186304073826	0.117484244526771	0.0252656141193882
2.19485013879861	0.38998185187075	0.120978079726244	0.0831935731710936	-0.0377845065551508	6.01101276240524	0.231129747490929	0.127680759529715	0.0734142641101436	-0.0542664954195719
2.42457180871961	0.452721913390241	0.156070647349518	0.107064953178447	-0.049005694171071	6.67312682131562	0.289970149389405	0.162906149227973	0.100342342092159	-0.0625638071358142
2.69333246246527	0.468182865763667	0.173716952990448	0.110023399281433	-0.0636935537090149	5.60466261735517	0.279544050706761	0.14540515932357	0.103784437232794	-0.0416207220907764
2.70936732886072	0.485035819355846	0.1787228504705	0.120278900672412	-0.0584439497980884	6.82996535450201	0.302672345320918	0.178263939169828	0.117367780692715	-0.0608961584771122
2.45126168781902	0.443226396856029	0.159885886415128	0.123007472300862	-0.0368784141142663	6.92485508651104	0.264790227238098	0.16317495821248	0.111903509237314	-0.0512714489751667
2.53552981153081	0.439151041137271	0.165163824708147	0.107618759177982	-0.0575450655301645	6.34851521191866	0.255635819096028	0.158612286890502	0.0915341486448105	-0.0670781382456914
2.70813721316783	0.485788550258302	0.200097506493389	0.130096783606219	-0.0700007228871691	6.68231507340905	0.29561053691855	0.183108999404228	0.112028757307239	-0.0710802420969891
2.23121761047569	0.357666194256207	0.132577620774838	0.0743003787753396	-0.0582772419994979	6.16174392718728	0.21181391051405	0.142036492298743	0.0657634200231857	-0.0762730722755573
2.85183398134178	0.502991409522915	0.182648939699782	0.115866433474635	-0.0667825062251466	7.76987659116727	0.315528707439396	0.199260783425617	0.114787137437527	-0.0844736459880901
3.00050046685727	0.540379104398507	0.202242715699001	0.138451098153832	-0.0637916175451695	7.22532727229405	0.306780579841325	0.190213739590931	0.1170583975822	-0.073155342008731
2.69864723024728	0.459464264616335	0.183229661288237	0.112054531423682	-0.0711751298645548	6.9833435161889	0.256201883966161	0.178918235280708	0.0868833687595038	-0.0920348665212041
2.2099105762081	0.469592272123278	0.158810803871993	0.121906830324025	-0.0369039735479685	3.20853336954816	0.28661661302996	0.0889829949958945	0.103988710286506	0.0150057152906115
2.75353187244322	0.524972365787636	0.188304758451984	0.140767437899424	-0.0475373205525595	6.63764982828598	0.322850663967232	0.174339780809408	0.131868763761185	-0.0424710170482228
2.4108349079869	0.449440583217771	0.161552261179453	0.118182796028176	-0.0433694651512768	6.28166504376427	0.270401580914974	0.154462377798808	0.103544214492981	-0.0509181633058275
2.19424524353512	0.456424890193182	0.139891349265231	0.106036065440564	-0.0338552838246666	3.12690605274027	0.237399237102752	0.0787031104637059	0.0746953142042082	-0.00400779625949768
2.29014690817442	0.416661987899682	0.134551893585428	0.0888819940563448	-0.0456698995290835	5.95393857646834	0.285196469150948	0.141443338889275	0.0964792296689316	-0.0449641092203433
2.47750065578765	0.481026929377089	0.153857685934318	0.118883811859461	-0.0349738740748569	6.24623811417182	0.306379686257987	0.1466797094938	0.120908356605394	-0.025771352888406
2.56360261688592	0.466699525533632	0.172894324638186	0.116328768175026	-0.0565655564631606	5.63996523531335	0.26932323332363	0.144314112586105	0.0981381069288368	-0.0461760056572682
2.8119111964743	0.518932129818481	0.215672268889977	0.154354902245834	-0.0613173666441428	7.18256136880738	0.324832351926285	0.206808098856249	0.144048256385407	-0.0627598424708417
2.73175373791566	0.501403616955938	0.18729524219445	0.12706273844018	-0.0602325037542695	6.33821720846318	0.299772321604451	0.168447692374012	0.112495947039306	-0.0559517453347056
2.83026373389609	0.546273447831115	0.213651868529133	0.158832609691848	-0.054819258837285	5.72197295025918	0.342615655123192	0.164963149349571	0.154511430102973	-0.0104517192465979
2.49315940550117	0.421983087170426	0.161669548552694	0.104017948894388	-0.057651599658306	6.43114523670494	0.246538617813841	0.163713994324183	0.0929436831341146	-0.0707703111900687
2.10782170292309	0.307062445466976	0.108799086975967	0.0501948763920286	-0.0586042105839387	5.5614310323163	0.172417886578215	0.11597608339451	0.0426791272830245	-0.073296956111486
2.54592321130452	0.527199662835854	0.180375766312236	0.149233040084287	-0.0311427262279489	5.50678855333355	0.334555669460408	0.146750558880156	0.146371063817065	-0.000379495063091484
2.45954936173814	0.49347195548931	0.157130426417075	0.125223654669188	-0.0319067717478877	6.36148643551709	0.316042939776135	0.152452031173338	0.122479686187585	-0.0299723449857521
2.58795735386911	0.521519194441602	0.179466592169604	0.142020542268774	-0.03744604990083	6.14059152160822	0.335648842575645	0.160373162649602	0.131052712303132	-0.0293204503464693
2.62535378858675	0.506538585963019	0.178187701774614	0.139450298964414	-0.0387374028101992	6.96508565358077	0.33094460077069	0.186122689741605	0.150506540766863	-0.035616148974742
2.42366257409488	0.546976812894425	0.172952826336111	0.146163443011485	-0.0267893833246256	3.67062034866587	0.34469661189333	0.101514447533916	0.138882220638245	0.037367773104329
2.63914997248977	0.491162887107394	0.173770945904604	0.11945564989073	-0.0543152960138745	6.87990941711801	0.290357169606891	0.174353010216337	0.102195254944027	-0.0721577552723097
2.61925821984852	0.504517254960457	0.162613669086862	0.128101772311142	-0.03451189677572	7.21040029108756	0.331261346805412	0.181877283362856	0.140704695073665	-0.0411725882891909
2.72581564300047	0.500279382130414	0.195492588308386	0.141568920374831	-0.0539236679335556	6.87875766474506	0.29921059156945	0.185722485374047	0.130188350060935	-0.0555341353131117
2.75972485220172	0.481907022826901	0.177328582303921	0.114953167581165	-0.0623754147227565	6.59194081158186	0.270267440092888	0.169438762355855	0.097415507643238	-0.0720232547126175
2.55289169587794	0.461585711394759	0.160001779950634	0.110497020641971	-0.0495047593086623	6.56016611026341	0.287896171818347	0.157498637962053	0.104451522331236	-0.0530471156308166
2.35997552157224	0.430601632365638	0.145311871775648	0.100645113820081	-0.0446667579555674	5.47934989250454	0.273922257659159	0.127170970869413	0.0986775308065624	-0.0284934400628504
2.45696947932206	0.473734628697719	0.170093625791148	0.115818174843222	-0.0542754509479258	4.94936059585121	0.275649935849771	0.135122012549561	0.0940344082965974	-0.0410876042529632
2.33692363275338	0.434251937841025	0.134956866402082	0.0953543113392278	-0.0396025550628542	6.73255769199748	0.303610680587418	0.16057498546946	0.108446007044134	-0.052128978425326
3.18821455015659	0.516786736172475	0.215696058831848	0.132928708983965	-0.0827673498478828	8.51104801704432	0.291627957587822	0.22483278824756	0.115531047098982	-0.109301741148578
