LR1_coefficients_null_raster	LR1_coefficients_Elevation_16_k10_R	LR1_R2_null_raster	LR1_R2_Elevation_16_k10_R	LR1_Q_Elevation_16_k10_R	LR2_coefficients_null_raster	LR2_coefficients_Elevation_16_k10_R	LR2_R2_null_raster	LR2_R2_Elevation_16_k10_R	LR2_Q_Elevation_16_k10_R
0.222704407823729	0.0967915751604632	0.0761264472900931	0.13950569180073	0.0633792445106367	0.0101380438913836	0.00270307442531196	0.0222959002482843	0.0794669337650301	0.0571710335167459
0.160007622957004	0.0869318418599502	0.0509290995302307	0.135384139866109	0.0844550403358784	0.00501174035468397	0.00237704860313321	0.00717859737574572	0.0627810784804463	0.0556024811047006
0.155568065046429	0.0884371072874487	0.0430337284401143	0.123311496871202	0.0802777684310877	0.00502484763753784	0.00306300225491934	0.00518530230473797	0.0781692421201754	0.0729839398154375
0.260418431452393	0.106989968035217	0.14265939434611	0.17800072714443	0.0353413327983206	0.0182989209189662	0.0041214480258333	0.0934666484829733	0.12308957797969	0.0296229294967169
0.371041085691348	0.114503623909178	0.159240985121668	0.153568882040767	-0.00567210308090113	0.0312853011088905	0.00439958256393456	0.172115332628179	0.148197214963902	-0.0239181176642775
0.111988661247739	0.078344473559423	0.015551182934852	0.0661733607376304	0.0506221778027784	0.00312314233414612	0.00212237950543291	0.00161848981778969	0.0237033154719654	0.0220848256541757
0.0906038414063288	0.0831440941683588	0.0177397618453368	0.090388482182363	0.0726487203370263	0.00066091716310475	0.00251184486133216	0.000172238720916292	0.044366643551539	0.0441944048306227
0.13877970257782	0.09031554423452	0.0378257050311367	0.135933383866554	0.0981076788354169	0.00355035213167248	0.00277048870788483	0.00323618597862467	0.0781343648152814	0.0748981788366567
0.201279231073033	0.101639739880719	0.0740092397312291	0.145515652371535	0.0715064126403062	0.00712365273500799	0.00361012779411112	0.0183402349365314	0.0963069837374735	0.0779667488009421
0.296093520143413	0.104982003541687	0.115417179222799	0.140399806269863	0.0249826270470647	0.0218616319774993	0.00274139395740854	0.0673418741889556	0.0511384195355822	-0.0162034546533734
0.33647173836641	0.139125555730526	0.116452231469794	0.160505981053749	0.0440537495839545	0.024454175404412	0.00513179461642441	0.0912908382174042	0.122454035215304	0.0311631969979
0.224616067397259	0.103266572522629	0.0536541989886308	0.0931749668560486	0.0395207678674178	0.0149079814257633	0.00411879823864598	0.0333651923894946	0.0706254836065533	0.0372602912170586
0.171304341036327	0.088478797463428	0.0707923398913095	0.154050463260007	0.0832581233686979	0.0102002569677145	0.00271965681571839	0.0322294361064182	0.105953165858882	0.0737237297524639
0.054145663746537	0.0555196282217992	0.00639893928317478	0.0513987306992922	0.0449997914161175	-0.00110032976246315	0.000819043204866195	0.00085806637765129	0.00979395519935225	0.00893588882170096
0.13947619657239	0.0837182786609625	0.0297473371707373	0.0873246839745896	0.0575773468038524	0.00485921513272696	0.0027051770092032	0.00572586577963924	0.0538764006077222	0.048150534828083
0.453114125157719	0.127250963113506	0.160252628125287	0.206514497138409	0.046261869013122	0.0481127878058608	0.00350932393078146	0.067310931265022	0.0974713741590588	0.0301604428940367
0.323387621762079	0.114960669893738	0.140383361574957	0.214794918910975	0.0744115573360178	0.0344878910624918	0.00373428258666529	0.0897247221233791	0.1411709887044	0.0514462665810211
0.209784838722457	0.108222996786554	0.0468764854872968	0.111042376091318	0.0641658906040217	0.00692615452740673	0.00277190744928201	0.00638284690233801	0.0493646295548637	0.0429817826525257
0.172993510157182	0.0669756806722838	0.0529850145305041	0.0629038934312859	0.00991887890078182	0.011075431324475	0.00179557104636282	0.0403842971866957	0.0334088328369977	-0.006975464349698
0.0975112377663784	0.0689739195445347	0.0172984632426831	0.0872412596122248	0.0699427963695417	0.00217040414245675	0.00252611761092015	0.00146458272774881	0.0640838050807788	0.06261922235303
0.508014698686296	0.144333204987854	0.237608968088094	0.251160919671657	0.0135519515835629	0.0584518377828541	0.00487596461298738	0.214855035829556	0.20284109478105	-0.0120139410485059
0.335028592394678	0.0914495595195105	0.164117968838067	0.0991101081085068	-0.0650078607295606	0.0265273422449626	0.00327622947619012	0.179707524553298	0.071829909865515	-0.107877614687783
0.256303596935402	0.111361521734501	0.103184656094636	0.166938883523809	0.063754227429173	0.0223302476010206	0.00494569364628355	0.0756456777194987	0.140152745719115	0.0645070679996161
0.249968492532337	0.10913168405343	0.077417669717036	0.165682671022949	0.0882650013059133	0.0139484675579815	0.00284829737045252	0.0214986577285231	0.082063172021505	0.060564514292982
0.120629864802381	0.0744271043639833	0.0292502182311232	0.0913649252703077	0.0621147070391845	0.0040383324819811	0.00177695280731524	0.00367350157198823	0.0380301930284609	0.0343566914564727
0.163515223534751	0.0992917882915412	0.0396874128855894	0.126813290982998	0.0871258780974082	0.00527175493578639	0.00308651558182517	0.00615707504647178	0.0870444500140236	0.0808873749675518
0.6590771566725	0.171977363392578	0.227787517838877	0.214473415985314	-0.0133141018535627	0.0961624519430746	0.00728872925931087	0.340623476843693	0.262931265330093	-0.0776922115135996
0.180789895048622	0.0860786837815721	0.0461467932701592	0.0910318907234666	0.0448850974533074	0.0118355951236952	0.00313981968141751	0.0355512355508134	0.0762533803979342	0.0407021448471208
0.0908426501267748	0.0723266947442373	0.0228429674902089	0.1065210368373	0.0836780693470908	-0.000569295513942332	0.00121071897550865	0.000265730979331688	0.0281013765431497	0.027835645563818
0.159136994598747	0.0875714407039247	0.0469737844394372	0.130185651517322	0.0832118670778844	0.00879981907348606	0.00284093717205117	0.0162592376236546	0.0898914168651923	0.0736321792415377
0.152356764131486	0.0765734241821804	0.0413678470774263	0.099196818090887	0.0578289710134607	0.00324845125804887	0.00209255356475509	0.00286947237550535	0.039844573958252	0.0369751015827467
0.165301497549196	0.0968742885883486	0.0465000358119341	0.12284191033003	0.0763418745180964	0.00440166572313521	0.00255058565060527	0.00534075011341702	0.0494876953249821	0.044146945211565
0.138406301619684	0.0643331576284238	0.0285599646279588	0.0639175697941537	0.0353576051661949	0.00906165139786736	0.00217979890980324	0.0103190702939474	0.0449997561196508	0.0346806858257034
0.182822784398842	0.114729804583035	0.0456551463149648	0.13414090399066	0.0884857576756955	0.00729437414896718	0.00389927465119711	0.0133923331447522	0.0838992898051936	0.0705069566604414
0.427860050869796	0.139094475452034	0.225175570725899	0.284755247590103	0.0595796768642039	0.0465692828872697	0.00507633487727486	0.186571374625959	0.258970233739112	0.0723988591131526
0.17941637751828	0.091619297236843	0.0700773305747822	0.142026155240007	0.0719488246652249	0.00619658561214817	0.00260460983736918	0.0161514001854438	0.0955770614154132	0.0794256612299694
0.206985119444103	0.0938055001754143	0.08508210959757	0.144090475014689	0.0590083654171193	0.00770035060018394	0.00278848892875219	0.0203823074331191	0.0867500969695417	0.0663677895364225
0.166356368827925	0.0979642768602096	0.0462860214599833	0.126665961702953	0.08037994024297	0.00484933600909271	0.00315671372237494	0.007150658405294	0.0722471408838132	0.0650964824785192
0.162155521272044	0.0950816809371476	0.0249569100231522	0.0790475545040906	0.0540906444809384	0.00540729930736555	0.00310215204119403	0.00406760742566817	0.0513217428714061	0.0472541354457379
0.135757975914052	0.076223041434405	0.0268784816751174	0.0760349445684229	0.0491564628933054	0.00285828562204679	0.00167399726616312	0.00193544401459279	0.0257738420151994	0.0238383980006067
0.124572202087462	0.0798572691811705	0.0330472526545105	0.115688431304913	0.0826411786504029	0.00381863472202051	0.00209283027174723	0.00587053502530234	0.0566474063393692	0.0507768713140669
0.116324982741616	0.0523665302295247	0.0239025780895148	0.043366950859698	0.0194643727701832	0.000865957846016127	0.000733964392097916	0.000244347110969908	0.00556412850202801	0.0053197813910581
0.189861907844933	0.0852591527399321	0.0690281749474646	0.149537002062856	0.0805088271153919	0.00871780224059306	0.00234478676006877	0.0171682189811007	0.0880990535132688	0.0709308345321681
0.159594630813898	0.0746486170953545	0.0419208320285849	0.0751569770472728	0.0332361450186879	0.00650898522756629	0.00226390897223332	0.0119461645497251	0.0450460140665615	0.0330998495168364
0.15729061990476	0.0641622854706155	0.0541153117352544	0.0891930853182232	0.0350777735829688	0.00482033807472159	0.00136699150281936	0.0117399859904287	0.0334022224176514	0.0216622364272228
0.355618187538656	0.131259529307363	0.140803613179226	0.179546612137229	0.0387429989580036	0.0282423811418089	0.00420502438930429	0.127631797128633	0.129488512478914	0.00185671535028087
0.209968308150592	0.0905975120328476	0.0591738560686683	0.122881484371483	0.063707628302815	0.011266966330442	0.00266744361517584	0.0152101909242309	0.0685014891972228	0.053291298272992
0.335157534981222	0.133963036623845	0.201459881497514	0.21907581638109	0.0176159348835755	0.0198077951873871	0.00483220366006589	0.170405126634998	0.184110484705918	0.0137053580709204
0.167819482420967	0.0909538952419104	0.0575267152271631	0.134601957538972	0.0770752423118087	0.00664577156143536	0.00274303503836213	0.0140121766384269	0.0815091069129957	0.0674969302745688
0.157854571909184	0.0832485061400191	0.0356746547676207	0.092424349372776	0.0567496946051552	0.00646199292180743	0.00310175802076229	0.00760677767308478	0.0650524908504157	0.0574457131773309
0.216190297578408	0.101754566000594	0.0648613457535992	0.127090598162307	0.0622292524087078	0.00695026917457294	0.00254810527607608	0.0112889347703511	0.053845242723818	0.0425563079534669
0.184648813748839	0.10336609117399	0.0555756752349974	0.140305455664901	0.0847297804299039	0.00822214421284075	0.00354604475750516	0.0101900135789316	0.0929222354240002	0.0827322218450686
0.328356427629474	0.106677354658708	0.16746439009239	0.195248235858352	0.0277838457659621	0.0299329661862045	0.00364651066722652	0.112525243982319	0.147014375890032	0.0344891319077129
0.268153545906624	0.127886404386723	0.0903597628593381	0.178093487978842	0.0877337251195038	0.0146217609049305	0.00410874949857159	0.0387453513998692	0.101881570582482	0.0631362191826132
0.134632803609487	0.078450204585361	0.0418753192416934	0.131940829760563	0.0900655105188693	0.00390087286523489	0.00202120879564285	0.00612700034201434	0.068543164943563	0.0624161646015487
0.34051341770029	0.132228003000889	0.0779043420283484	0.12414699224083	0.0462426502124814	0.0179390108525362	0.00391752044722778	0.02367487176544	0.0717207000369303	0.0480458282714903
0.387442471867676	0.146403497461539	0.283258707322031	0.230667242732299	-0.0525914645897323	0.0212933179960035	0.00539411922416104	0.252191844859713	0.186824134085409	-0.0653677107743044
0.0706693054911605	0.0543775791933105	0.00930440623925352	0.047096528226391	0.0377921219871375	-0.000157598557583331	0.000903856807770235	9.40435593484308e-06	0.0103822938904067	0.0103728895344719
0.196627308803002	0.091284878369384	0.0576150694788336	0.117358214810151	0.0597431453313175	0.00656688250554906	0.00239157364317529	0.00866629064298534	0.0502127966349171	0.0415465059919318
0.15184899825471	0.0823029411634445	0.039175385626579	0.101714160547349	0.06253877492077	0.00533045524840899	0.00241508428943637	0.00751223606787254	0.0594226656680726	0.0519104296002001
0.241849670696579	0.0957299317829192	0.101582815364068	0.133214919087595	0.0316321037235275	0.0158784433549566	0.002407716800594	0.0642132788821151	0.0718678402277075	0.00765456134559241
0.50636905200054	0.144987780977477	0.279405288076437	0.204547505812709	-0.0748577822637277	0.0486815918564194	0.00456010426251499	0.274943956812819	0.131943529046736	-0.143000427766083
0.648179966345942	0.163412689422462	0.274484476497772	0.191865961933479	-0.0826185145642931	0.0609839277336002	0.00458861988655867	0.258933609527089	0.126667270805711	-0.132266338721377
0.12633656828315	0.0839073277371062	0.0222430832831169	0.0765637837095639	0.0543207004264469	0.00462321244759859	0.00268426626175173	0.00471362387132175	0.0444809045300537	0.0397672806587319
0.222358455091647	0.115892681129978	0.0574145146455497	0.113414995338388	0.0560004806928381	0.0074806476781937	0.00389754088817121	0.0123008856637334	0.0562979483560464	0.043997062692313
0.117635607361565	0.0729513765040163	0.032800374165959	0.101776680673069	0.0689763065071103	0.00282976194097273	0.0021546713765501	0.00313082002542185	0.0511992279576494	0.0480684079322276
0.166013057604018	0.0773522081841403	0.0379530525149716	0.0801481776032798	0.0421951250883083	0.00662608538714022	0.00236850168960415	0.00852050255031973	0.0503993047517036	0.0418788022013839
0.343633719640264	0.106249057901321	0.187290952873144	0.181741423190952	-0.00554952968219274	0.032997358129677	0.00357609083996471	0.157222083017364	0.134734787954718	-0.0224872950626455
0.287964336553953	0.100560368530498	0.0852018445636132	0.14761867006043	0.0624168254968165	0.0217703968708571	0.00257090593997121	0.0197874351629303	0.0556186925156859	0.0358312573527556
0.165547468215159	0.0931122739686412	0.0493905912208665	0.139292218927097	0.0899016277062302	0.00695597825303239	0.00286588541332899	0.0139357026675855	0.100639688585979	0.0867039859183933
0.156269763131542	0.072501980790366	0.0371509079756198	0.062187624142071	0.0250367161664512	0.00756952563259998	0.00193057465242755	0.0174621917349093	0.0356269313105572	0.0181647395756479
0.445765289666477	0.182876832513403	0.234930058646323	0.285390279216888	0.0504602205705649	0.0296474128545607	0.00644599618274236	0.162471890292697	0.178373737250727	0.0159018469580297
0.156888019317707	0.0731940521151273	0.036090977544231	0.0752850924456385	0.0391941149014075	0.00655868762672434	0.0013939095526515	0.00905462527269701	0.0225376321131041	0.0134830068404071
0.226093898263768	0.117861847500957	0.0894812348686992	0.225160248996276	0.135679014127577	0.00853168474027203	0.00304825309459244	0.0172363817251675	0.109783391574771	0.0925470098496033
0.114833793140254	0.0638627274489101	0.0241733750682139	0.0813232344344376	0.0571498593662236	0.00269638428022189	0.00138031253856856	0.00193775856888675	0.0342027002401685	0.0322649416712818
0.266040072551829	0.10123721591651	0.0920657629483699	0.129965311808412	0.037899548860042	0.0155761291545093	0.0024445202525154	0.0423656092643684	0.0561911863117614	0.013825577047393
0.172635408656726	0.112113879881815	0.0441726816343783	0.127243368053271	0.0830706864188924	0.00702323395067492	0.00391045561394851	0.0140397253248639	0.0834850427443665	0.0694453174195026
0.12372854826284	0.0832924946503318	0.0213283764270676	0.0824361368751043	0.0611077604480367	0.00207246952128274	0.00222507794499952	0.000917826462547073	0.0362328314995942	0.0353150050370472
0.129697387460422	0.0496525770517474	0.0302158023160203	0.0436484502020657	0.0134326478860454	0.00382633343940134	0.00125271471699135	0.00449148865437695	0.0213399644475843	0.0168484757932073
0.119831496744296	0.0646005054500913	0.0220133536056829	0.0624872644521685	0.0404739108464856	0.00461060485760263	0.00166354359194425	0.00437262806122396	0.0313609945275102	0.0269883664662862
0.168019124641541	0.0722925922374651	0.0602538347228811	0.10139160823705	0.0411377735141691	0.0101800172170949	0.00188544515156281	0.0401581910190829	0.0737237922879929	0.03356560126891
0.218912839503	0.117274861389672	0.0416962148238632	0.110402506726898	0.0687062919030346	0.00810236546082654	0.00364008790689132	0.00815851974213513	0.0715070818958652	0.0633485621537301
0.163426836485582	0.0753602971931351	0.0413770163242143	0.0747235588895523	0.033346542565338	0.00595997920669366	0.00222813257153401	0.00944271943258039	0.038311999371832	0.0288692799392517
0.164701245846353	0.0955764991455197	0.0480136166537405	0.141384391945959	0.0933707752922181	0.00496902941940989	0.00267905876186204	0.00594481650305352	0.0703335720761517	0.0643887555730982
0.184981559331995	0.0930125964504215	0.125793151645191	0.148270008148664	0.0224768565034732	0.00671420902673817	0.00278005695780216	0.0980025219365428	0.111814665019519	0.0138121430829765
0.17541068589281	0.0965940112932075	0.0528397729111372	0.13194119682925	0.079101423918113	0.00508166151765399	0.00275943520584853	0.00830269287779386	0.0753821903038319	0.067079497426038
0.170225321332493	0.0817240407312068	0.0452088990446658	0.0876389190658915	0.0424300200212257	0.00489934089569664	0.0024542884017752	0.00578429751880795	0.047231558766353	0.041447261247545
0.185621606628832	0.115460586532377	0.0678891771068622	0.17944324804984	0.111554070942978	0.00651807750281232	0.00384396522097733	0.0149529469987423	0.102687289464973	0.0877343424662309
0.109963668681248	0.062775291235546	0.0273595080502285	0.0686587444963133	0.0412992364460848	0.0035373152964384	0.00158117095913871	0.00632962855654488	0.031759150765565	0.0254295222090202
0.188799881717795	0.111625054780547	0.0440926966673945	0.132372594029641	0.0882798973622468	0.0059221714790609	0.00395530741897235	0.00612373890878495	0.0796098111303823	0.0734860722215974
0.187344830247026	0.0876070062170788	0.0624886872791672	0.137218318730882	0.0747296314517149	0.00665208525988951	0.00183515251572255	0.0123766254815544	0.0523079730595786	0.0399313475780242
0.131730732627327	0.0762913492768537	0.0302984395839669	0.0962831978728185	0.0659847582888515	0.00647189594488071	0.0017983925328827	0.00767256998762019	0.0465331847377774	0.0388606147501572
0.126362734209277	0.0798264038553383	0.0264297266219479	0.0907297807704965	0.0643000541485487	0.00431087376655956	0.00216598375029364	0.00477872370156702	0.0430830529082581	0.0383043292066911
0.101153933885643	0.0736435604833381	0.0179913845807784	0.0682838376145765	0.0502924530337981	0.00266279697169795	0.00253791389932567	0.00175343121213523	0.0402744393312149	0.0385210081190797
0.436493118768125	0.154410239901237	0.249424095444236	0.306124331696571	0.0567002362523356	0.0271472219249065	0.00464587100791114	0.206441968046469	0.272939246451274	0.066497278404805
0.377190260135451	0.123419292527745	0.174667201549319	0.164978588641736	-0.00968861290758299	0.0358628117985007	0.00402663421479753	0.123136658223283	0.0989724717926149	-0.0241641864306682
0.224779744661287	0.10774328971155	0.07860412436243	0.16005111741035	0.0814469930479202	0.0068591378775637	0.00372288443635523	0.0110790561092383	0.0894724888093531	0.0783934327001149
0.460969783769193	0.12628322234406	0.165500608883697	0.133979178372447	-0.0315214305112501	0.053928624098888	0.00401213004585276	0.17541261505449	0.074533090746035	-0.100879524308454
0.210871465467257	0.0952656867784976	0.0698231992189344	0.147360133647075	0.0775369344281405	0.00543537079637534	0.00324260041668866	0.0080266887416676	0.108854683894975	0.100827995153307
0.24879950996811	0.0986152674787204	0.0448753747964776	0.0863949161123426	0.0415195413158651	0.00872584491269551	0.00151802413686024	0.00524372225628134	0.019329082898029	0.0140853606417477
