LR_coefficients_null_raster	LR_coefficients_Elevation_16_k10_R	LR_R2_null_raster	LR_R2_Elevation_16_k10_R	LR_Q_Elevation_16_k10_R
1.32979729592789	6.49673662365926	0.00553322101481218	0.110040370893237	0.104507149878425
2.23786411773338	7.08287143725321	0.0134032631995897	0.11187066897002	0.0984674057704306
1.94358250999872	5.18808827126467	0.0105222608174251	0.0624701010332033	0.0519478402157781
6.60572594164924	8.67920451596666	0.101428633598823	0.14589275074096	0.0444641171421367
9.34745179426561	10.3283607176839	0.127587250706314	0.129789034709914	0.00220178400359947
2.7426427270667	7.07648831059632	0.023548688125425	0.130622570889704	0.107073882764279
2.33743467944279	3.9205571284971	0.00833707147270823	0.0195426983453384	0.0112056268726302
1.79985494873132	4.9372754186266	0.0106468098644245	0.0667534307766857	0.0561066209122612
3.9509973243465	8.95909515279253	0.0433065048703896	0.185533509146975	0.142227004276586
6.78146736467305	8.86415820550342	0.106376776269554	0.151435908412318	0.0450591321427634
14.2815794273665	14.4548283658122	0.153122988679513	0.130697774823171	-0.0224252138563412
11.2621229202081	11.69162456924	0.124009731006864	0.111357470849478	-0.0126522601573868
4.49893748575481	7.24714885329357	0.0632098588056948	0.136663853840134	0.0734539950344392
5.50627638356439	8.50880920923155	0.0813334788811839	0.16182488377944	0.0804914048982559
2.9729094192972	6.33017440067196	0.0245306891146719	0.0926685018861584	0.0681378127714866
14.1615074638349	13.2962133679088	0.140712763327136	0.103353424040381	-0.0373593392867542
5.71124928971475	7.62448365991365	0.0794179923337527	0.117932075810576	0.0385140834768232
1.5779779839218	4.4049394494252	0.00525716125399213	0.0341337263257312	0.028876565071739
6.04288170782896	7.54314660302627	0.0826637298300519	0.107321394022797	0.0246576641927447
5.03448549861512	11.1616048955401	0.05470528936287	0.22404064700905	0.16933535764618
12.5969359600654	11.3949093051347	0.11509224430919	0.0784679593915899	-0.0366242849175996
10.212975136414	11.0385815597256	0.124960999146603	0.121632848753625	-0.00332815039297746
4.81557307221057	7.57643727333818	0.0707548113164997	0.145929966756092	0.0751751554395925
3.13000198441857	8.0401202768052	0.0296826483919336	0.163189762430247	0.133507114038313
2.53124491341402	6.82334986143952	0.0228639355125332	0.138430672179782	0.115566736667249
2.60270355398144	5.74442302828251	0.0198033446449787	0.0803778456271329	0.0605745009821541
16.1565582378519	12.1643422000338	0.103105520355557	0.0486985323073922	-0.054406988048165
9.69700983461985	10.275136012107	0.122935788440029	0.1150091025269	-0.00792668591312864
3.66995016466746	6.71300544597324	0.0435780502928681	0.121488692485103	0.0779106421922347
2.71327593982294	6.55665507891001	0.0262046019947852	0.127499567853792	0.101294965859007
3.07335618495237	5.3311077780712	0.0239468213738693	0.060035952597857	0.0360891312239876
2.84822012322877	4.88019662453258	0.0145445694105571	0.0355781043855695	0.0210335349750124
5.79860665847024	7.94695370643802	0.0873703648600374	0.136732770229412	0.0493624053693745
2.77340469686901	6.95684849426535	0.0253875981424242	0.133098943971272	0.107711345828848
9.89964847156917	10.4290740505634	0.116176407149901	0.107429682903638	-0.00874672424626315
1.17303030133755	4.61349642722192	0.00560020267416918	0.0721772044800193	0.0665770018058501
2.67859562878305	5.76322510724123	0.022511521727054	0.0868312603877173	0.0643197386606633
2.12760447959855	4.63193817537278	0.0110929251012164	0.0438070686807333	0.0327141435795169
4.84811882224099	7.85962456547705	0.0401572185672488	0.0879377021992754	0.0477804836320265
1.50156524759701	4.1265888226793	0.00599583875058854	0.0377310003699288	0.0317351616193403
2.92242493016344	6.31086478564235	0.0251576172021631	0.0977495853985713	0.0725919681964082
1.28643240900587	4.98006020196759	0.00658805804481368	0.0822634755621019	0.0756754175172882
2.24626942559076	5.17960468527476	0.0154848437202845	0.0686010498304271	0.0531162061101426
2.43735456156224	4.49053684220843	0.0134007689777463	0.0379003502921932	0.0244995813144469
4.24459608919604	9.74608797629042	0.0463215620438364	0.203481770921641	0.157160208877805
7.46656890176853	9.04168302178601	0.104197281530011	0.127311368551997	0.0231140870219859
2.00159634814081	5.43084827590797	0.0137487574766686	0.0843335122833779	0.0705847548067093
8.76879093358547	9.06772874423321	0.106473252617348	0.0948664233089324	-0.0116068293084155
1.57734014356407	5.60800910123494	0.00991041534349084	0.104378958701499	0.0944685433580086
2.7452874751873	6.83689492583295	0.024838889145127	0.128359707766169	0.103520818621042
1.26556836905597	4.7653713180995	0.00411748058410721	0.0486416419427944	0.0445241613586872
5.9231158786554	9.18625011894923	0.092167550405667	0.184717701466018	0.0925501510603509
5.52728174990191	8.05465552831817	0.0865280277742249	0.153102379125346	0.0665743513511211
4.1987391252302	8.86342679368114	0.0484505640374831	0.179894868100327	0.131444304062844
3.03540070161553	8.46880703134929	0.0278194591695346	0.180432802150157	0.152613342980623
3.89940680747503	5.65425424532584	0.020520063502234	0.035948988236807	0.015428924734573
12.5983173742824	12.2533413211197	0.142127958369401	0.112025756963312	-0.0301022014060892
1.2843085601179	4.45846980627909	0.0062556189547607	0.0628141647405546	0.0565585457857939
2.26306178012786	4.75756928290174	0.0143284388034603	0.0527631472827875	0.0384347084793272
2.86557076246217	7.93168366046202	0.0237264369323663	0.15145911535145	0.127732678419084
9.49040533649309	9.48764627181129	0.105682326333453	0.0880043637501085	-0.0176779625833442
10.7004240761438	10.8217862132421	0.124213346045106	0.105856755406871	-0.0183565906382344
23.122472122644	18.0854100841363	0.127995983404	0.0652437524053456	-0.0627522309986547
1.44120060531162	3.59418348306198	0.00427061402665713	0.0221307603637935	0.0178601463371364
3.38076805621771	8.78422264740237	0.0319743899706297	0.17985916879097	0.14788477882034
2.54602249539084	6.28674573460175	0.0237292985088544	0.120549833592156	0.0968205350833014
1.34497627327699	4.98584804541137	0.00508153301750068	0.0581832503914985	0.0531017173739978
8.31222063464918	9.32202847213711	0.12167673013374	0.127511293881356	0.00583456374761543
4.35274108921269	7.23759481807038	0.0671140170034643	0.154607477005487	0.0874934600020227
1.72399202147852	4.66269861956584	0.0104267481847392	0.0635488168147138	0.0531220686299746
3.71912917265518	7.09386384739412	0.035130551767395	0.106493362629086	0.0713628108616907
9.34229009372149	10.249240994353	0.130533579296031	0.130904132285182	0.00037055298915134
2.93536103101838	6.70286338317487	0.0241722438614712	0.105019283447097	0.0808470395856259
3.4894366644368	5.37118908029081	0.0177036368522017	0.0349499960858308	0.0172463592336291
2.46708339650472	5.05429614098076	0.0157476689756951	0.0550711799960847	0.0393235110203896
3.64474476219741	7.37214585341749	0.0404288127217913	0.137815790740702	0.0973869780189109
2.6574442457968	5.8619434834716	0.0201775810130292	0.081804732223699	0.0616271512106698
0.810600212160165	3.47555719895219	0.00136140199612014	0.0208533693056568	0.0194919673095367
1.974802034978	4.53588816282475	0.00986511970409621	0.0433644957070115	0.0334993760029153
1.49895406975386	5.15459766335031	0.00581875850825911	0.0573320702359311	0.051513311727672
8.25779461668277	8.80232102422967	0.0997751886586046	0.0944589703371529	-0.00531621832145168
6.31105300094769	10.4675823400374	0.0806458893478571	0.184852679138171	0.104206789790314
2.67528953714739	6.2030353350082	0.0189567134909399	0.0849149916679574	0.0659582781770175
1.12020283940119	4.38458777450476	0.00488097158164741	0.0623052832817992	0.0574243117001518
5.79352165693692	7.92700986040381	0.0850619814579777	0.132685485963542	0.0476235045055643
1.93615414321504	7.0748286388128	0.0110815719278619	0.1232842953662	0.112202723438338
2.6446521081351	5.81339892073399	0.0188914315460559	0.0760575647607953	0.0571661332147394
1.13913291570886	6.65463945761841	0.00349787706555762	0.0994624603983403	0.0959645833327826
1.27740098488708	3.9729486835002	0.00586706306373684	0.0472875236073902	0.0414204605436534
3.93791224659628	8.12827560533568	0.0447778167993016	0.158957888709922	0.11418007191062
1.76833088848607	6.34580307837231	0.01192540101988	0.127959785990697	0.116034384970817
0.903482803988518	3.38492451352976	0.00271673533890094	0.0317731243899547	0.0290563890510537
2.27133602276443	6.09109187450489	0.0183820222848975	0.110147642962849	0.0917656206779511
1.54153671826555	3.83928762679809	0.0058285346627571	0.0301236318680768	0.0242950972053197
11.2647047605913	12.1288699093482	0.133223443335146	0.128687421769539	-0.00453602156560634
11.4447788537928	11.8307155896835	0.132263830078094	0.117761332006025	-0.0145024980720694
1.26297360636156	4.91211021285736	0.00662169802824281	0.0834586631863535	0.0768369651581107
10.7383781089439	10.9214967282206	0.122946809586191	0.105964061690665	-0.0169827478955268
2.35120032716689	6.2344587438611	0.0215988641720817	0.126532926908193	0.104934062736112
0.172027389529463	3.16373416734142	3.44621752045902e-05	0.00971184750313688	0.00967738532793229
