LR_coefficients_null_raster	LR_coefficients_Elevation_16_k10_R	LR_R2_null_raster	LR_R2_Elevation_16_k10_R	LR_Q_Elevation_16_k10_R
8.51409803225137	9.91915287274308	0.0178807800156941	0.0871225675946014	0.0692417875789073
8.51409688571309	9.91915309669438	0.0178807742233376	0.0871225705323931	0.0692417963090556
8.51409742518205	9.91915289836806	0.0178807772339603	0.0871225681628818	0.0692417909289215
8.51409506023108	9.91915287595098	0.0178807684676187	0.0871225675819431	0.0692417991143244
8.5140945540296	9.91915286992629	0.0178807670042251	0.0871225674681727	0.0692418004639476
8.51409713881311	9.9191529347097	0.0178807767376103	0.0871225677920806	0.0692417910544703
8.5140958847298	9.91915286826881	0.0178807705708429	0.0871225674324161	0.0692417968615732
8.51409730824395	9.91915288186094	0.0178807757670245	0.0871225677108902	0.0692417919438657
8.5140984514243	9.91915295728876	0.0178807808833561	0.0871225683464796	0.0692417874631235
8.51409643579938	9.91915295735606	0.0178807747227021	0.0871225684468991	0.069241793724197
8.51409577300212	9.91915287304625	0.0178807720184126	0.0871225676344283	0.0692417956160156
8.51409566248548	9.91915287040562	0.0178807706696728	0.0871225675646928	0.06924179689502
8.51409891708814	9.91915289491463	0.0178807837031756	0.0871225679380802	0.0692417842349046
8.51409823473059	9.91915283805685	0.017880780923473	0.0871225671367508	0.0692417862132779
8.5140976315377	9.91915291406147	0.017880779277995	0.0871225692443089	0.0692417899663139
8.51409651161286	9.91915283773694	0.0178807732569388	0.0871225669278777	0.0692417936709389
8.51409783749655	9.9191528875364	0.0178807787158525	0.0871225676354925	0.06924178891964
8.51409656349141	9.9191528979991	0.0178807727402899	0.087122567995523	0.0692417952552331
8.51409637572023	9.91915294354323	0.0178807731049517	0.0871225685331488	0.0692417954281971
8.51409581006405	9.9191529208177	0.0178807711518911	0.08712256732899	0.069241796177099
8.51409682859133	9.91915285289172	0.0178807766460469	0.0871225670568925	0.0692417904108456
8.51409357487163	9.91915289015114	0.0178807606253308	0.0871225676819476	0.0692418070566168
8.51409752804085	9.91915257155484	0.0178807787533002	0.0871225636661539	0.0692417849128537
8.51409684071752	9.91915286746122	0.0178807747324742	0.087122567488384	0.0692417927559098
8.51409404249997	9.91915289381397	0.0178807637104089	0.0871225683499181	0.0692418046395092
8.51409566065734	9.91915278433037	0.0178807707830788	0.0871225671345608	0.0692417963514821
8.51409652041867	9.91915290428572	0.017880774857655	0.0871225679994856	0.0692417931418306
8.51409779724568	9.91915293369269	0.0178807804016766	0.0871225686914213	0.0692417882897446
8.51409477863423	9.91915278424492	0.0178807656131525	0.0871225666476575	0.069241801034505
8.5140924205682	9.91915283015859	0.0178807580716925	0.0871225675214834	0.0692418094497909
8.51409326655995	9.91915288721318	0.0178807605829427	0.087122567689653	0.0692418071067102
8.51409629607587	9.91915292225364	0.0178807721999254	0.0871225690395888	0.0692417968396634
8.51409482678369	9.91915292076911	0.0178807674481576	0.0871225680762726	0.069241800628115
8.51409665314998	9.91915287706486	0.0178807742736118	0.0871225676554033	0.0692417933817915
8.51409600382825	9.91915292286934	0.0178807703208014	0.0871225681606781	0.0692417978398768
8.51409711926736	9.91915295924719	0.0178807767052293	0.0871225690134224	0.069241792308193
8.51409845098377	9.91915290250877	0.0178807813230465	0.0871225679248568	0.0692417866018103
8.51409689969272	9.91915291178767	0.0178807744466609	0.0871225669972068	0.0692417925505459
8.51409653675285	9.91915302722284	0.0178807748212961	0.08712257045468	0.0692417956333839
8.51409697490176	9.91915289885211	0.0178807761282936	0.0871225682139249	0.0692417920856314
8.51409652315186	9.9191528825229	0.0178807736167461	0.0871225676549544	0.0692417940382083
8.51409780969738	9.91915287225837	0.0178807781060638	0.0871225673081361	0.0692417892020723
8.5140948795773	9.91915285106465	0.0178807672194864	0.0871225674008952	0.0692418001814088
8.51409560664083	9.91915289715827	0.0178807704486039	0.0871225678626121	0.0692417974140082
8.51409537447316	9.9191528907094	0.0178807693633374	0.0871225677329921	0.0692417983696548
8.51409808065629	9.91915287978498	0.0178807802209865	0.0871225676318529	0.0692417874108664
8.51409622231664	9.91915293624404	0.0178807726600743	0.0871225672789397	0.0692417946188655
8.51409589792653	9.91915286281938	0.0178807712195308	0.0871225657287056	0.0692417945091748
8.51409707319104	9.91915288710704	0.0178807764891488	0.0871225676520082	0.0692417911628594
8.51409569639673	9.91915288498933	0.0178807710498979	0.0871225677170497	0.0692417966671518
8.51409644452443	9.91915301297804	0.0178807742336344	0.0871225703507765	0.0692417961171421
8.51409827760336	9.91915291517567	0.0178807817840087	0.0871225686089522	0.0692417868249435
8.51409779159097	9.91915287742023	0.017880779228566	0.0871225676591053	0.0692417884305392
8.51409727359259	9.9191529084653	0.0178807764052578	0.0871225685052521	0.0692417920999943
8.51409684866438	9.91915287832697	0.0178807757396105	0.0871225681008749	0.0692417923612644
8.51409749097782	9.91915296841279	0.0178807782377978	0.0871225696465768	0.0692417914087789
8.51409750642262	9.91915288984778	0.0178807783028141	0.0871225675734145	0.0692417892706004
8.51409706336465	9.91915279277139	0.0178807759443301	0.0871225668906753	0.0692417909463452
8.51409626455972	9.9191528678265	0.0178807729341638	0.087122566996773	0.0692417940626092
8.51409646141478	9.91915285744036	0.0178807731429001	0.0871225673729122	0.069241794230012
8.51409823499882	9.91915289471777	0.0178807801426746	0.0871225679636045	0.0692417878209298
8.51409421421595	9.9191528847217	0.0178807651084014	0.0871225677292498	0.0692418026208484
8.51409873863779	9.91915294407156	0.0178807816271737	0.0871225677461086	0.069241786118935
8.51409500124483	9.91915287574654	0.0178807670010923	0.0871225676583308	0.0692418006572385
8.51409920536344	9.919152931861	0.0178807840453969	0.0871225685364913	0.0692417844910944
8.51409627753513	9.91915296155277	0.0178807727176888	0.0871225686226081	0.0692417959049193
8.51409933803343	9.91915294805173	0.017880787283623	0.08712256811949	0.069241780835867
8.51409638160094	9.91915283061425	0.0178807733099932	0.0871225663102283	0.0692417930002352
8.51409607739218	9.91915285355051	0.0178807736025719	0.0871225673662905	0.0692417937637186
8.51409583205878	9.91915285433027	0.0178807716606528	0.0871225669087268	0.069241795248074
8.51409569647327	9.91915287380302	0.0178807705506253	0.0871225674035872	0.069241796852962
8.51409642905472	9.91915285223958	0.0178807743328894	0.087122567168359	0.0692417928354695
8.51409602874857	9.91915296571205	0.0178807713775122	0.0871225680619764	0.0692417966844642
8.51409625446042	9.91915287007854	0.0178807737722904	0.0871225672372826	0.0692417934649922
8.51409672935845	9.91915284313203	0.0178807750544125	0.0871225670265984	0.0692417919721859
8.51409670460141	9.91915299713445	0.0178807740641255	0.08712256840719	0.0692417943430645
8.51409569582214	9.91915291871174	0.0178807700788173	0.0871225678821843	0.0692417978033669
8.51409835320793	9.91915286657854	0.0178807812263632	0.0871225673776353	0.0692417861512721
8.51409658989002	9.9191529015867	0.0178807739937659	0.0871225685852738	0.0692417945915079
8.51409436517615	9.91915282025898	0.0178807645280027	0.0871225667559408	0.0692418022279382
8.5140966283123	9.91915289764765	0.0178807739244268	0.0871225683140658	0.069241794389639
8.51409454809295	9.91915293805579	0.0178807662973503	0.087122568340227	0.0692418020428767
8.5140938118643	9.91915287204619	0.0178807638468316	0.0871225677065705	0.069241803859739
8.51409497442699	9.91915288551892	0.0178807690528409	0.0871225675296966	0.0692417984768558
8.51409871965839	9.91915286343593	0.0178807821976578	0.0871225673299971	0.0692417851323394
8.51409622810725	9.91915292193183	0.0178807716880579	0.0871225675536355	0.0692417958655776
8.51409458262354	9.91915291775902	0.017880765837756	0.0871225680660012	0.0692418022282452
8.51409666124739	9.91915291177361	0.0178807756595918	0.0871225677283368	0.069241792068745
8.5140953739399	9.91915288181737	0.0178807691968092	0.0871225676437006	0.0692417984468914
8.51409461074296	9.91915286055642	0.0178807654316488	0.0871225671876776	0.0692418017560288
8.51409671658983	9.91915286886517	0.0178807740196429	0.0871225675011106	0.0692417934814676
8.51409855576327	9.91915267336145	0.0178807805042613	0.087122564502185	0.0692417839979237
8.51409779080652	9.9191529173474	0.0178807791224139	0.0871225682141526	0.0692417890917387
8.51409570473815	9.91915282756058	0.0178807694670605	0.087122567275059	0.0692417978079986
8.51409856955196	9.91915291630048	0.0178807818090371	0.0871225680346444	0.0692417862256073
8.51409526078695	9.9191528247082	0.0178807694278352	0.0871225671999324	0.0692417977720972
8.51409678026035	9.91915288571409	0.0178807749619895	0.0871225677453562	0.0692417927833667
8.51409538907831	9.91915287331274	0.0178807699343274	0.0871225676152991	0.0692417976809716
8.51409698185232	9.91915295839886	0.0178807766960805	0.0871225691759005	0.06924179247982
8.51409556954995	9.91915289553163	0.0178807703831796	0.087122567689501	0.0692417973063214
