LR1_coefficients_null_raster	LR1_coefficients_Elevation_16_k10_R	LR1_R2_null_raster	LR1_R2_Elevation_16_k10_R	LR1_Q_Elevation_16_k10_R	LR2_coefficients_null_raster	LR2_coefficients_Elevation_16_k10_R	LR2_R2_null_raster	LR2_R2_Elevation_16_k10_R	LR2_Q_Elevation_16_k10_R
3.09060880812068	0.539357704808133	0.258983273167052	0.13267064331501	-0.126312629852042	6.95560663725871	0.349709441874815	0.228028108591468	0.116716291697331	-0.111311816894137
3.16679565981298	0.500159603996082	0.216132382171265	0.101690003650537	-0.114442378520728	8.79567395679494	0.290697519281185	0.217111646015568	0.0754718500049247	-0.141639796010643
2.70765725428651	0.447861793412248	0.177406395636708	0.0853239399382504	-0.0920824556984573	6.03658067165322	0.259001658245466	0.151801547274827	0.0636385172642231	-0.0881630300106041
3.01311117820176	0.442089273057636	0.217487824628026	0.0758023022814645	-0.141685522346561	6.44487165562524	0.226683634465241	0.17427386193136	0.0421934018456944	-0.132080460085666
3.05934639736764	0.427993866671578	0.221468425969902	0.0807077692364749	-0.140760656733427	6.99311447196005	0.239889649648819	0.195365417501899	0.0564982538528456	-0.138867163649053
2.10601033049909	0.341347964074475	0.115650415709513	0.0533367242340961	-0.0623136914754166	2.90732174590179	0.193912489002156	0.0621764528428645	0.0462544622237035	-0.015921990619161
2.49853714618738	0.478875223878345	0.171533474994151	0.108611504286992	-0.0629219707071585	3.86957260691762	0.310732919953468	0.103133763182326	0.107952186547152	0.0048184233648256
3.00635605378115	0.528035153712709	0.234482027713065	0.132160510497906	-0.102321517215159	6.47125417637155	0.296397357393472	0.186572987603116	0.0930540096110302	-0.0935189779920862
2.46638880125682	0.461346987269284	0.170907401425513	0.097009461699201	-0.073897939726312	3.32034215424455	0.279551771802602	0.0845716825257401	0.0778730217563961	-0.00669866076934403
2.52859370832218	0.39919044198647	0.151166300498572	0.0678575119169095	-0.0833087885816628	5.812638680973	0.245376994099446	0.140787685527034	0.05989602681709	-0.0808916587099445
2.72008099925995	0.408690847579733	0.178250819733542	0.07298564303891	-0.105265176694632	5.38178556492271	0.23167672407661	0.12925337611609	0.0529656120840062	-0.0762877640320835
2.78199505706601	0.490438609485617	0.204046804603883	0.106276639580414	-0.0977701650234689	5.26674354178151	0.274473923915683	0.158137578384094	0.07952896449646	-0.0786086138876341
3.10721423984237	0.615709643240073	0.237360663957785	0.162823791019936	-0.0745368729378486	6.43160868499752	0.395037655820683	0.185740608699419	0.151959756868167	-0.0337808518312515
2.96675406927299	0.444855957553915	0.209988326818221	0.0816785018881342	-0.128309824930086	5.76225644038718	0.22924576337063	0.158590521829904	0.0509116698141907	-0.107678852015713
2.58557183818106	0.470402414012303	0.157613392262055	0.0959262636405714	-0.0616871286214833	3.9895237552066	0.271886591972732	0.0961534364107938	0.0856192666304441	-0.0105341697803497
2.16435081724409	0.471326990622606	0.148516252703181	0.101442344712901	-0.04707390799028	1.98838535509034	0.257688165933968	0.0475496672704143	0.0675766253187512	0.020026958048337
2.92953582554596	0.475180379201278	0.208316574448793	0.0974037001174778	-0.110912874331316	5.99391102213202	0.2477580959416	0.166238559596948	0.0653341282641187	-0.100904431332829
3.28482631212352	0.586616046784523	0.237080203812804	0.144965862461113	-0.0921143413516906	8.04288746710624	0.351197130226451	0.22411717653485	0.132065823627516	-0.0920513529073345
2.30339499471785	0.385577536212777	0.141464275448763	0.0684113886361358	-0.0730528868126276	3.75784338704743	0.185880644444313	0.0816090741927633	0.0370570482210803	-0.044552025971683
2.13104169346582	0.342269857970861	0.117281704706872	0.0502253874515415	-0.0670563172553308	2.74088527215215	0.149541760728578	0.05408055541289	0.024914226763618	-0.029166328649272
2.98833635804621	0.3502203277823	0.171868427201211	0.0489753540241295	-0.122893073177082	8.82416243377847	0.190936969076908	0.202438394375521	0.0336539649823457	-0.168784429393175
2.36419000343879	0.396106206684554	0.137735268853976	0.0677777331855257	-0.0699575356684506	4.82739931862925	0.222113358402251	0.099386109426972	0.0488245968165366	-0.0505615126104354
2.83942854296752	0.438384420635668	0.19144942583384	0.0876257406235378	-0.103823685210302	6.44384203307509	0.238701052931686	0.169402284304648	0.0654207231569813	-0.103981561147667
3.09635880597691	0.409612887805403	0.19271532420803	0.0669163498195589	-0.125798974388471	8.88243670377878	0.215268496295213	0.21285506510319	0.042394459795176	-0.170460605308014
2.81775161239145	0.465045575265821	0.179366684353595	0.088261745196597	-0.0911049391569977	6.04693583469083	0.24149560783064	0.147468027844816	0.0608077972539847	-0.0866602305908318
1.99404455359021	0.487456697939188	0.143259904896669	0.0909482285599946	-0.0523116763366749	1.20684428975629	0.256574085958178	0.0383924804380682	0.0612026381261597	0.0228101576880915
2.6453597348784	0.465088279716268	0.160192954176964	0.0923763310368582	-0.0678166231401059	6.54407770006747	0.334334081131247	0.168350288509395	0.111927590514654	-0.0564226979947408
3.1317448971003	0.502744164564625	0.239253476504789	0.118776923421014	-0.120476553083776	6.5233349527152	0.26650637114581	0.1770853852378	0.0815365553062896	-0.0955488299315103
3.02865629836342	0.475122650653842	0.211508290558877	0.0919329915546001	-0.119575299004277	6.49179762726843	0.26518017678986	0.172531191405264	0.0657412211941822	-0.106789970211081
2.92510926806341	0.494198618014834	0.220786376205459	0.118065272553359	-0.1027211036521	5.94135978695419	0.278105956827747	0.178090296807192	0.0949532034283627	-0.0831370933788294
3.01528535769553	0.548869240483874	0.24155772166162	0.140604391800251	-0.100953329861369	6.96111189013594	0.328530041353929	0.206883552137055	0.108391079472348	-0.0984924726647071
2.87886312241565	0.450413799121473	0.181826926157286	0.0789630010289981	-0.102863925128288	6.24351758433956	0.274676321357707	0.161856950027723	0.0687715045103332	-0.0930854455173897
2.9591320098246	0.420860621279079	0.170229991233778	0.0688147282370505	-0.101415262996727	9.03966109977691	0.269184109783896	0.207835506114731	0.0634389304433921	-0.144396575671339
2.74665661468566	0.535194324847517	0.210341579024757	0.139007182744297	-0.0713343962804599	6.16657552856793	0.356861534177217	0.173544312962826	0.128222245590506	-0.0453220673723204
2.78939803061339	0.493806358954768	0.191598063366659	0.113092919840947	-0.0785051435257117	6.49481803210487	0.278756315810698	0.162544814142414	0.0825959364192984	-0.0799488777231154
3.07034656999134	0.560641578555697	0.2211576865328	0.139622894959909	-0.0815347915728908	6.29210631748899	0.333376746484539	0.170894783840466	0.118460758914543	-0.0524340249259229
2.88882622107676	0.50107673613317	0.196320312753653	0.114984082473357	-0.0813362302802964	6.81673295829132	0.301912105236082	0.171628526811557	0.100768992346892	-0.0708595344646653
2.64907712527158	0.471890202708699	0.193966219073008	0.111748466180962	-0.0822177528920457	5.16530276765523	0.228783758550341	0.118478780988852	0.0592645012579302	-0.059214279730922
2.43469944047223	0.426136656523561	0.154728784321211	0.0935729624906592	-0.0611558218305515	5.34194594469319	0.22142616901361	0.117724449614965	0.0631839269285313	-0.0545405226864333
2.61413125925718	0.429060009261085	0.145301130086636	0.0757710604061042	-0.0695300696805319	5.700815659175	0.248785834779293	0.130201544597659	0.0665932403022543	-0.0636083042954048
2.92647108543224	0.533904780518633	0.225025933885981	0.133768098966879	-0.0912578349191018	5.79988470364264	0.281575158461462	0.161926362697088	0.0897589687651304	-0.072167393931958
2.81400294382029	0.505046210824231	0.193548015091747	0.118127264412575	-0.075420750679172	5.87177229336062	0.301856289179519	0.14827952041934	0.106152656867669	-0.0421268635516713
3.06256839918991	0.490027681798128	0.233814463444164	0.112677663103257	-0.121136800340907	6.24007109001582	0.27592081721757	0.176654844355253	0.0835464022008302	-0.0931084421544229
1.96482458612445	0.348444470462873	0.130160504559956	0.0626358263157196	-0.0675246782442362	1.93901685664592	0.165162479641429	0.0462203957661643	0.0344803771439459	-0.0117400186222184
2.34136466885539	0.266769509438489	0.12832080366493	0.0293505811171619	-0.0989702225477677	4.75267689694979	0.129104805252419	0.111961238313001	0.0158761463952776	-0.0960850919177236
3.19869519933194	0.536550124856818	0.229638004799848	0.127436435843753	-0.102201568956094	6.88794936396591	0.296230005994487	0.186893921885933	0.0971578499423868	-0.0897360719435458
2.40151856306241	0.471724590937502	0.167075251524506	0.0988838728318584	-0.0681913786926476	2.67977271855536	0.290149696813811	0.075400805344852	0.0963735649224881	0.0209727595776361
2.89059181044644	0.586794944525751	0.200155967023704	0.151045874409185	-0.0491100926145193	5.74677629598652	0.372262419536531	0.16120708425077	0.151658416092124	-0.00954866815864647
2.72037497016733	0.379814675216603	0.174891454733966	0.0631574718038182	-0.111733982930148	5.8264132733042	0.200669038812382	0.141148034958719	0.0401837767257976	-0.100964258232921
2.63975170223236	0.453972781664948	0.16554186840221	0.0826031051933272	-0.0829387632088825	5.13733458386969	0.25796329520265	0.118899185353584	0.0584622575100923	-0.0604369278434919
2.460252586684	0.479632151486959	0.173942010975758	0.11392528968905	-0.0600167212867087	4.9897671732817	0.279032198103093	0.117004568030996	0.0843390435731008	-0.0326655244578953
2.8134308732913	0.334262003220947	0.173744049904804	0.0491993013729789	-0.124544748531825	6.75617874603944	0.166658787066684	0.175379164879887	0.0317515080212824	-0.143627656858604
2.56000690033504	0.488364875970555	0.198044075610503	0.102680779881521	-0.0953632957289817	3.38543264075385	0.282848481258589	0.120469636263412	0.0820140942657441	-0.0384555419976677
3.22314826169516	0.362951513440088	0.187346047045552	0.052861735597699	-0.134484311447853	8.67058452294489	0.178534238868156	0.197955803788025	0.0363180347882959	-0.161637768999729
2.99053073945196	0.389098691511844	0.195383984398806	0.0661717443262994	-0.129212240072507	9.40802243428876	0.202416163073517	0.231882533658166	0.0419924651636723	-0.189890068494494
2.63057737957742	0.418554732001944	0.154202949652846	0.0744715625496996	-0.0797313871031468	5.70696417514248	0.216985019363779	0.126167459678804	0.0509694774297648	-0.0751979822490389
2.78315408596322	0.451142364666863	0.19092234120291	0.0851849403063472	-0.105737400896563	6.03673247024385	0.264090190596117	0.157491321207923	0.0620654398043526	-0.0954258814035705
2.81041763392464	0.511017690532685	0.220393248911691	0.12295481230009	-0.0974384366116007	6.33034195273297	0.32013281000743	0.199224329079291	0.104385963237354	-0.0948383658419367
2.79885285019509	0.495597374380402	0.202478930917566	0.121949686574344	-0.0805292443432219	6.44226231261224	0.305101913293898	0.187102892427098	0.114032511276674	-0.0730703811504239
3.1069045679283	0.444517806696393	0.200604846296644	0.0829181589641344	-0.117686687332509	9.22340350672826	0.233373238667688	0.217601452466436	0.0521715684799043	-0.165429883986532
2.18126448243496	0.311362537747971	0.117444322535185	0.0420771217550629	-0.0753672007801223	3.83182282813119	0.166488453200935	0.0802199806766925	0.0306756366968831	-0.0495443439798093
2.55839982511069	0.390113113300085	0.16151738607847	0.0702587462436276	-0.0912586398348424	5.59234464967994	0.220887017255501	0.12482434762338	0.0495384587301183	-0.0752858888932615
2.04974629335156	0.354180785371291	0.139249684190905	0.0674871998456122	-0.0717624843452928	2.28797980812254	0.179647705459809	0.0559800106764315	0.0413699695667615	-0.01461004110967
2.15996959321837	0.413775470165971	0.14469604517685	0.0815732800131202	-0.06312276516373	2.65067000771641	0.223564198715424	0.0662942008376406	0.0532809487423833	-0.0130132520952573
3.21082311468524	0.424977153696185	0.216373114165989	0.0786059068703298	-0.137767207295659	9.63372836914874	0.222082587882258	0.237150562598526	0.0479394256591575	-0.189211136939369
2.71211985617623	0.502875232295124	0.17693062182206	0.112156888933767	-0.0647737328882931	5.6961138808163	0.330748274347176	0.14526281943078	0.114147542754072	-0.0311152766767077
2.91032097091546	0.445613477838417	0.21871408919173	0.0927359579604121	-0.125978131231317	6.72742903397829	0.28143527052793	0.210727960340716	0.0897693489391	-0.120958611401616
2.61446524568378	0.358697952393822	0.170776825915608	0.0579824372410278	-0.11279438867458	5.67309738203194	0.192170298186537	0.145271409168037	0.0389218476944724	-0.106349561473565
2.8691638713622	0.478891100505998	0.199588948191601	0.0902818289195215	-0.109307119272079	5.92948152384899	0.286487384746534	0.172903609156732	0.0718066357153642	-0.101096973441368
2.33259618782954	0.413379424868918	0.151952016590262	0.0804724589594508	-0.071479557630811	3.20427071862993	0.222148642182086	0.0741852893793384	0.0547514818883191	-0.0194338074910193
2.8090975203941	0.497186817588186	0.20545489174512	0.117272899243408	-0.0881819925017114	6.30925956695862	0.330887633599081	0.181585332846706	0.112281506493103	-0.0693038263536028
2.85297581328076	0.490304637757229	0.214659149636343	0.104106845857899	-0.110552303778444	5.90961360113794	0.283399496506878	0.173123438582738	0.0740964134322472	-0.0990270251504908
3.00552978152549	0.517561402775776	0.22094306307519	0.12054204834981	-0.10040101472538	6.42111302391261	0.303501594028236	0.175499425842752	0.0951090866755958	-0.0803903391671558
3.04625168485461	0.54209950568947	0.239314133772098	0.141727669538509	-0.0975864642335894	6.84394831696692	0.345722687835097	0.210420524542578	0.136501901275873	-0.0739186232667054
2.66417766600897	0.470706361737957	0.177324593522854	0.103529870564632	-0.0737947229582221	6.90530146824934	0.293692964912992	0.175505767169626	0.0867531563090576	-0.088752610860568
2.19269779619267	0.314363167229283	0.130473740403567	0.0467010898390647	-0.0837726505645022	4.73285108499076	0.1445370694232	0.108440484416123	0.0242077814184852	-0.084232702997638
1.48676263969188	0.424916730461152	0.0933690407491677	0.0912460961076103	-0.00212294464155743	0.845264981680175	0.279192435152009	0.0218217703190475	0.0935222108123571	0.0717004404933096
3.00973266978623	0.551505571792297	0.21486931418292	0.131978573042508	-0.0828907411404118	6.27207271552865	0.342758330330634	0.165439167073795	0.115762458493665	-0.0496767085801308
2.75829225172914	0.356218813352646	0.172917740394871	0.0576883462195506	-0.11522939417532	6.22947890424534	0.196328968987624	0.151776547399066	0.0455626179977982	-0.106213929401268
2.84526537665569	0.384600683798626	0.189238155499797	0.0624876719909558	-0.126750483508841	5.03185935145059	0.194505273316391	0.132516684926847	0.0396875192332401	-0.0928291656936066
2.97946691504717	0.446131197151187	0.207644319768284	0.0835167778705711	-0.124127541897713	6.04688373401223	0.250727704811571	0.177266989596955	0.0647182227164074	-0.112548766880548
2.99813579554358	0.455642257615677	0.210652737970162	0.0915108370793043	-0.119141900890857	7.03317534679113	0.250623008364009	0.195111329556915	0.070361996445269	-0.124749333111646
2.93951152885857	0.527739747359991	0.198261133722167	0.122300930324033	-0.0759602033981337	7.15557964460924	0.315266271161478	0.169512006850289	0.0962381933392938	-0.0732738135109951
2.64003251565055	0.43122328491533	0.165822167393475	0.0806172344562122	-0.0852049329372631	5.58595221503371	0.233107597082366	0.129189864253062	0.0534969349763968	-0.0756929292766652
2.170931583214	0.283275884857979	0.10439315795509	0.0324301410602393	-0.0719630168948504	4.90098712651028	0.168932588254632	0.0940074542234384	0.0265283545833534	-0.067479099640085
3.06026998043476	0.456016431021708	0.226030313253415	0.0990355664122857	-0.12699474684113	6.10946843412513	0.238483001098573	0.172048235765455	0.0679501441871685	-0.104098091578286
3.22707332341516	0.512307611411618	0.199277131037542	0.10249204260275	-0.0967850884347917	6.68457300474027	0.285443153467666	0.170273039428799	0.0889781678008136	-0.0812948716279853
2.91276150112094	0.395837030856034	0.186468764894603	0.0649888741096333	-0.12147989078497	6.6054249966809	0.191791700417158	0.165341323750997	0.0371894886671444	-0.128151835083852
2.78494191087995	0.450869113514954	0.195921721341848	0.0948832588769446	-0.101038462464904	6.37071817827294	0.233872538736915	0.177535338949892	0.0648985395773357	-0.112636799372556
2.54062448545159	0.431836816969279	0.196609299361895	0.0842409695630505	-0.112368329798845	3.98870421975942	0.232973386794989	0.143558209165662	0.0549502406395957	-0.0886079685260661
2.70809204745638	0.412093948621295	0.171300730566164	0.0760274477443938	-0.0952732828217698	5.91874891955625	0.223173138119395	0.137173389672357	0.0509492487306522	-0.0862241409417047
2.99807877290059	0.485307650337721	0.22618748021403	0.102232200773405	-0.123955279440624	6.65149056988958	0.27827880368499	0.207097504597071	0.0722153845601076	-0.134882120036963
3.13393994345867	0.521743490847892	0.223466423211532	0.112180722731628	-0.111285700479904	6.35068512381493	0.316822195082917	0.171818519242012	0.0945442528799308	-0.0772742663620817
2.51670383716693	0.392333259626113	0.162277460512562	0.0706698043907741	-0.0916076561217882	5.75141389887916	0.230772266418955	0.142754682432655	0.0590988182225681	-0.0836558642100872
2.68349300513927	0.456151978596075	0.194516911086563	0.0996398680827247	-0.0948770430038381	5.29206571241185	0.243464161292418	0.124873772300305	0.0604195199122369	-0.0644542523880683
3.15125533797001	0.475450034807338	0.233061758778202	0.100617190959582	-0.13244456781862	6.8713183356307	0.268912127502921	0.193452146811612	0.0768695826781049	-0.116582564133507
2.93570444921869	0.457930436857238	0.220260252409753	0.0988828023383821	-0.121377450071371	6.2254445174608	0.252629242295597	0.164236802753523	0.0714019560684961	-0.0928348466850267
2.36235415781246	0.362516260907646	0.130652510031341	0.0564472544634057	-0.0742052555679353	5.21313715623279	0.194580419614047	0.12276997751932	0.0419803344133546	-0.080789643105965
2.5351786926694	0.462886545957215	0.163567482167914	0.0850248697967928	-0.0785426123711216	5.55923375671494	0.326157326488735	0.153187639891104	0.0882196065044954	-0.0649680333866085
2.60688533234809	0.508974358634569	0.173316140783389	0.118203843391649	-0.0551122973917398	4.87817203199491	0.305859691704522	0.124936559216654	0.114646295123982	-0.0102902640926719
