LR1_coefficients_null_raster	LR1_coefficients_Elevation_16_k10_R	LR1_R2_null_raster	LR1_R2_Elevation_16_k10_R	LR1_Q_Elevation_16_k10_R	LR2_coefficients_null_raster	LR2_coefficients_Elevation_16_k10_R	LR2_R2_null_raster	LR2_R2_Elevation_16_k10_R	LR2_Q_Elevation_16_k10_R
3.942203048814	0.364769889776978	0.438633716656914	0.0581834048945104	-0.380450311762403	5.53496966695833	0.176232740130195	0.407442816041706	0.0550756852816714	-0.352367130760035
5.26129833008554	0.549874307438321	0.659197972750115	0.112229921555631	-0.546968051194485	8.58261104666195	0.270090825842151	0.799037556958306	0.118364880361015	-0.680672676597291
5.26263475893502	0.483606672582039	0.698041749630453	0.0933829437937582	-0.604658805836695	8.4999974813893	0.266260240913397	0.86065748080143	0.105642437112133	-0.755015043689298
4.72004484314717	0.55523389926117	0.597079059716913	0.116760820124801	-0.480318239592112	9.1715435050889	0.332285243320914	0.812865083669991	0.12684880759954	-0.686016276070451
4.62720987360147	0.351086249101172	0.620819900599501	0.056351053330827	-0.564468847268674	7.69743849486505	0.193129571536671	0.811284803112381	0.0639959029312137	-0.747288900181167
4.2188661593739	0.315435958405468	0.578547484560556	0.0547119184683732	-0.523835566092182	7.54855558363292	0.169576688672348	0.796546899366639	0.049364386646249	-0.74718251272039
4.78134632864022	0.437363208492863	0.696457583556149	0.102614330481589	-0.593843253074559	8.19061143963186	0.237477864861204	0.875301390017254	0.112145704465309	-0.763155685551945
4.69220535851584	0.327061012501097	0.583798612902148	0.0718964851048236	-0.511902127797324	9.21750928294588	0.185167805950651	0.776389961928572	0.0936944633733003	-0.682695498555271
4.79134182142342	0.392835837925686	0.603753931017967	0.0674885467541659	-0.536265384263801	8.94472769432677	0.199761121149183	0.805328447631099	0.0650689459014751	-0.740259501729624
4.84268526626469	0.62487639904837	0.671864258292596	0.156102792349347	-0.51576146594325	6.79902907755896	0.335953766969928	0.776244227236523	0.157411918055641	-0.618832309180882
4.95484927779477	0.377502718607671	0.571672912462053	0.0571433137341357	-0.514529598727917	8.65313166382139	0.191284937185593	0.740712692775064	0.0548238283738033	-0.685888864401261
4.54089951205389	0.475360470790754	0.695804865689223	0.108556072429286	-0.587248793259938	5.77482152998719	0.271096707064554	0.754028749879398	0.122968369340072	-0.631060380539326
5.47293600534663	0.516832222128229	0.731016301175858	0.113639310755095	-0.617376990420764	9.59383383394723	0.28289952424697	0.908449816791794	0.119623291280888	-0.788826525510906
4.71079228703789	0.466973650108213	0.637457352945997	0.105015028460669	-0.532442324485328	8.68316110764168	0.253425892529801	0.820815208468522	0.110052924425326	-0.710762284043196
4.85216521679133	0.459259928292856	0.583909301653443	0.0850193616887099	-0.498889939964733	9.54291750008813	0.282629584313587	0.837557999630758	0.115580193342601	-0.721977806288158
5.29930006861498	0.439839285496024	0.698830058606595	0.0792272819483372	-0.619602776658258	8.29438924813036	0.232895187394814	0.856447504904971	0.0775075901094974	-0.778939914795474
4.60357298133342	0.567320444026903	0.66206303401542	0.146658080515925	-0.515404953499496	7.80398257395736	0.334316362597675	0.847781795442384	0.179202958390543	-0.668578837051841
5.43265659219284	0.549455993177403	0.731357755000367	0.102834537041485	-0.628523217958882	7.89149837682564	0.292093778874898	0.861966997827097	0.116056137975612	-0.745910859851485
4.61252967249953	0.34757642216544	0.485502100905718	0.0450896661575	-0.440412434748218	8.11668340581021	0.200119707830744	0.543558056427455	0.0540935788333209	-0.489464477594135
4.20469304994499	0.469946359195349	0.656064636831379	0.109182212481348	-0.546882424350031	5.70658340103097	0.288991005972661	0.755360486845777	0.130337710102662	-0.625022776743114
4.21385408040753	0.371103121788237	0.464134687627919	0.0670485241194752	-0.397086163508444	9.41753133350829	0.203650231949859	0.613898977087228	0.0623739893791129	-0.551524987708115
5.26051895911429	0.412364662888471	0.75569208223977	0.080767203470179	-0.674924878769591	8.03808423649016	0.215845600534964	0.895671814004897	0.0795758331860755	-0.816095980818821
4.56452594386423	0.459921902138465	0.62499418109836	0.105355169033532	-0.519639012064828	7.48360137039847	0.230311652412692	0.774955599660898	0.0986052970468108	-0.676350302614088
5.89257747288028	0.423987327236466	0.725836618061445	0.0540890734542042	-0.671747544607241	8.27806668986725	0.223933730786583	0.801709165529095	0.0614931144957248	-0.74021605103337
5.14819841391018	0.523159923544437	0.702597480821539	0.112158980981598	-0.590438499839941	8.54907402306163	0.3187823132508	0.880179862206221	0.144936636371805	-0.735243225834416
4.00135109768116	0.301538039516018	0.570920175104776	0.0538716156093865	-0.517048559495389	6.92382700652154	0.15499212955144	0.759436077756738	0.0514808260331378	-0.7079552517236
4.8370176903416	0.426143386014048	0.551161940737932	0.0785670746117906	-0.472594866126142	9.6895246548923	0.245612136821017	0.729480072862737	0.0931378736385734	-0.636342199224163
5.2489475083562	0.513597994094702	0.734014752464638	0.107177876600759	-0.626836875863878	8.42910288469947	0.271467997478717	0.891670734996787	0.10678911412923	-0.784881620867557
5.25060831753814	0.511878702238468	0.663867679578393	0.109291492819459	-0.554576186758935	9.7653189202424	0.293847237846763	0.857811326903157	0.118209657211819	-0.739601669691338
3.26329547837859	0.38080483931864	0.522587020761572	0.121813766120007	-0.400773254641564	5.65972171707565	0.197216204121371	0.581229035643464	0.121809929270729	-0.459419106372735
5.19539062291747	0.510528342406065	0.676035748478398	0.0982089529952888	-0.577826795483109	7.88998240504555	0.271184217273776	0.801041303456715	0.108506747533252	-0.692534555923463
5.1472702433388	0.57982048966975	0.69859124215494	0.143821382996854	-0.554769859158085	7.68168108212233	0.3012871047754	0.814763298081487	0.147815870018563	-0.666947428062923
4.87925894348217	0.444890300097206	0.659217955700391	0.0941132242428585	-0.565104731457533	9.22166983825327	0.260683822342765	0.873338292127887	0.102592172449095	-0.770746119678792
4.89576103959338	0.448462866004219	0.732300383115735	0.0918423635236994	-0.640458019592035	6.99416759983037	0.231186515777225	0.868954904553565	0.0904974609760443	-0.778457443577521
5.1329137760066	0.390892110557627	0.632530243620498	0.0607471676801925	-0.571783075940305	8.64309074916481	0.225218451606974	0.814773971276898	0.0766273501323658	-0.738146621144532
5.02038691768806	0.350527152513621	0.622791769233842	0.0603728891212355	-0.562418880112606	10.0301371902654	0.190514621102013	0.868114152064428	0.062139165889114	-0.805974986175313
4.69143605369224	0.429118998483184	0.643219121854118	0.0907321003099573	-0.55248702154416	7.24554977905704	0.21673640377546	0.794413962957444	0.0875504806370091	-0.706863482320435
5.27190711625493	0.371685951999042	0.726977016031244	0.0583878513586744	-0.668589164672569	7.47841232646188	0.204163123567603	0.864605342338791	0.0690049338212515	-0.795600408517539
5.24089125102441	0.569559419247497	0.727590009492245	0.131707626470417	-0.595882383021828	7.36154187317892	0.302064877792426	0.790556131957557	0.135800579282038	-0.654755552675519
4.34455453772174	0.28387793185668	0.438174525072192	0.0409690704371049	-0.397205454635087	8.60230269992671	0.14909786094841	0.544679166940716	0.0428971115892958	-0.50178205535142
4.95444200291194	0.481067391080767	0.658609538675963	0.108638968800796	-0.549970569875167	8.46500921670663	0.26377888949846	0.863504310682154	0.120588385364346	-0.742915925317807
4.86101715272209	0.503505861448627	0.673183972374349	0.108481428221966	-0.564702544152383	8.28580360889202	0.298879196278478	0.850940394610816	0.125960404944415	-0.724979989666401
5.01924882408471	0.544056159683312	0.684755276379502	0.112151235133673	-0.572604041245829	8.24133259182324	0.296168384804228	0.852844800438336	0.116473895424849	-0.736370905013487
5.24146559214908	0.562727833977997	0.659171919023923	0.114770907954589	-0.544401011069333	9.0398920533693	0.306185804289134	0.821989440871419	0.130717071792635	-0.691272369078783
4.80692269720657	0.454349291635033	0.634901565882571	0.0883024917709318	-0.54659907411164	8.41363187735045	0.253887285751246	0.825859646796662	0.0916594049556636	-0.734200241840998
4.94909671565641	0.369026686849226	0.570476525241014	0.0554418930286438	-0.51503463221237	9.28781885239553	0.228529951999608	0.773331546573935	0.0723349530783147	-0.70099659349562
5.13091935982476	0.372406418556666	0.669444936373824	0.0627892700139292	-0.606655666359895	9.04006280870223	0.197629451937247	0.86906700208273	0.0641820854707774	-0.804884916611953
4.56842225529256	0.427069990869539	0.593077218742325	0.086603552666728	-0.506473666075597	8.51517911316035	0.239503921093632	0.802917527445851	0.091520181498798	-0.711397345947053
4.99842918594367	0.630214560276219	0.709204704448838	0.151266835204693	-0.557937869244145	7.32931702950048	0.370482932166897	0.83042254965083	0.170111731563213	-0.660310818087617
4.83183040202365	0.56067313327087	0.71017855578908	0.141076968065641	-0.569101587723439	7.8688962650088	0.295249990063306	0.868832205044226	0.144548806728454	-0.724283398315772
4.77907859425806	0.586453570447186	0.722548060797229	0.141115027834327	-0.581433032962902	6.744333574255	0.314654335313125	0.837748607110918	0.153058081994187	-0.684690525116732
4.14019840664674	0.466164032000284	0.577464219806242	0.154220637851305	-0.423243581954937	8.64310464406513	0.266922436395875	0.776385026809282	0.190404757433594	-0.585980269375688
4.84633897140049	0.611504637111304	0.765083608678855	0.146776345947548	-0.618307262731306	5.41928477306996	0.332864110655815	0.768982013767973	0.154839756125613	-0.61414225764236
5.36655163956712	0.526569381733683	0.639759097760425	0.0945357307091627	-0.545223367051262	9.2581202624519	0.319143521436397	0.798677127819484	0.117375341964252	-0.681301785855232
5.19631592739485	0.499332223370857	0.722606177637643	0.10495878713803	-0.617647390499613	8.08087148512558	0.288956238032002	0.879558114149318	0.120608154948809	-0.758949959200509
4.55843037634243	0.374170262704382	0.577433955275511	0.0922669191571827	-0.485167036118328	9.38570648653936	0.200871022275557	0.732800774848496	0.0936131717503979	-0.639187603098098
5.33695062735787	0.354855814301693	0.65246381346176	0.0516757269515634	-0.600788086510197	8.7260773316414	0.177833247284712	0.825892286507712	0.0506712772632586	-0.775221009244453
4.16118000254653	0.504221212080095	0.514306524500662	0.168988826100789	-0.345317698399873	9.46762636345606	0.286313115707094	0.69559769849633	0.198213969128166	-0.497383729368164
4.89090801122691	0.388604135744988	0.682875004248907	0.070947300790852	-0.611927703458055	8.05477920987697	0.219356617113362	0.840671931972366	0.0812062983088016	-0.759465633663564
5.26950413777863	0.435690272264897	0.640249204770288	0.08217392898251	-0.558075275787778	9.27580007576393	0.246866070046436	0.835491744703026	0.093371520981402	-0.742120223721624
4.72871077622691	0.50853788398131	0.61942859084364	0.108709199284965	-0.510719391558674	8.26086893123874	0.281977075397988	0.792790096895781	0.122696018113306	-0.670094078782475
5.35204577854729	0.544106636513058	0.762776009184288	0.116438653999795	-0.646337355184493	7.75992078561485	0.286618939998194	0.875195982154844	0.118761997644806	-0.756433984510038
5.07930013856345	0.55023843671058	0.653218453592681	0.112724306386536	-0.540494147206146	8.09158501867654	0.306303959419576	0.797108337792836	0.117554091188155	-0.679554246604681
5.28172744020557	0.519194531583725	0.647320934763438	0.102797040831213	-0.544523893932225	9.82555006121591	0.280070207744963	0.867622724760309	0.113092628866171	-0.754530095894138
4.62637253748221	0.463362142193973	0.595416706162744	0.0917841896408691	-0.503632516521875	8.01588640234344	0.269909832143258	0.761211974246243	0.0988032755619966	-0.662408698684246
4.39260799880437	0.461250816742339	0.716656901613465	0.103774332567523	-0.612882569045942	5.35597024531298	0.262470953273433	0.784311764829345	0.111492772133393	-0.672818992695952
5.71591198917123	0.515310308389625	0.727706657755675	0.0914721590177602	-0.636234498737915	7.84035303016292	0.28059518033012	0.818904789784784	0.103794559271883	-0.715110230512901
5.18959786639306	0.432346298449392	0.692878840156273	0.0760424077259888	-0.616836432430284	7.73351980540498	0.231746130435801	0.841575180867896	0.0847489907763223	-0.756826190091573
4.7689328842315	0.33698515713766	0.621953346531999	0.0585519788547487	-0.563401367677251	8.56485708176729	0.157474600957457	0.824540903475637	0.0514870085514544	-0.773053894924182
4.90133097340747	0.465397463980485	0.635622705998776	0.0867346863042833	-0.548888019694492	8.36605365609891	0.241883309216103	0.803588949454018	0.0899321285642513	-0.713656820889767
5.24663347314278	0.575050856158246	0.721067975341259	0.114008736902057	-0.607059238439201	7.54867543095888	0.319738881595773	0.834572755836141	0.119125083297423	-0.715447672538718
4.91216857719299	0.373721361991726	0.660416686037962	0.0670080640019588	-0.593408622036003	8.48204341770304	0.201543381147883	0.851697990947623	0.0695768811917171	-0.782121109755906
5.34070406082635	0.560838617998249	0.686218381005984	0.121681365666563	-0.564537015339421	8.5015379211566	0.309972388594988	0.824362630614978	0.145439757240603	-0.678922873374375
4.96956889480607	0.630547721321349	0.682122714038419	0.243914837124069	-0.43820787691435	9.52708720359594	0.338829599426364	0.813671806187365	0.277393238064679	-0.536278568122686
4.8984368534032	0.536789185117622	0.724007039926406	0.124373454303307	-0.599633585623099	7.76952687702367	0.289287578669819	0.880018961392652	0.130618220673454	-0.749400740719197
5.0337611026856	0.496734635149407	0.68472572101513	0.106305845314534	-0.578419875700595	8.5755295208842	0.290849453440195	0.862998635485602	0.124640347552235	-0.738358287933367
4.86017764896702	0.280770262055457	0.571867525606765	0.0348449624197311	-0.537022563187034	8.25764692895967	0.16735870175667	0.667125880010473	0.0438632100083068	-0.623262670002167
5.54645825397311	0.546065806271976	0.69116293783605	0.103742727928336	-0.587420209907714	8.05156524121092	0.288023858230091	0.78794763841767	0.125371448862686	-0.662576189554984
5.46941215359901	0.468071520582415	0.67060464061409	0.0842203759669831	-0.586384264647107	8.2920075295226	0.268520986716277	0.802157158157944	0.102203221991074	-0.69995393616687
3.83206138780903	0.526069309993626	0.636573047863355	0.13437110716565	-0.502201940697705	5.0311589538948	0.313913055078115	0.750056718331161	0.143608723796203	-0.606447994534958
4.7319382950661	0.538469357896832	0.62903037949621	0.121810960811867	-0.507219418684343	8.19841970494496	0.30608575295501	0.798551148262123	0.141614105167056	-0.656937043095067
5.02834132076385	0.579253820339934	0.66725621924553	0.131222440114686	-0.536033779130844	8.29723930284266	0.336052186354785	0.818136192602644	0.148838865635805	-0.669297326966839
5.66788385070987	0.467190294306074	0.726130531959455	0.0847724038884274	-0.641358128071028	8.24152378394889	0.254147859559444	0.817297374216177	0.0904936405077265	-0.72680373370845
4.68764593151455	0.446847397409396	0.604029375240134	0.0862369247164047	-0.51779245052373	9.04299325812807	0.236625979166109	0.788712083633203	0.0756243824311943	-0.713087701202009
4.7303729019893	0.438740845134376	0.727160003443503	0.0978488250770406	-0.629311178366462	7.42046439069436	0.253699043427458	0.878863530554053	0.112539054324587	-0.766324476229466
5.33687009299777	0.416276907009332	0.731608083962894	0.0782634664050394	-0.653344617557854	8.11878931599387	0.196576677601089	0.879626241272968	0.0698490135447407	-0.809777227728227
5.4137916487512	0.534659658764618	0.70637943939043	0.12304313686455	-0.58333630252588	8.56934578471377	0.308846923386086	0.859833644493032	0.149927045303167	-0.709906599189865
5.06481029759152	0.701579409706545	0.72434443327918	0.177971566048734	-0.546372867230446	7.68272557595974	0.394955488048617	0.868128452535165	0.2030796991492	-0.665048753385965
4.91491827793909	0.425699902487829	0.613785104139825	0.0693539621305156	-0.54443114200931	8.77620279931759	0.254612511744774	0.800528331997769	0.0830200123128478	-0.717508319684921
5.46840298177209	0.514259961002446	0.68810822826699	0.106464241300632	-0.581643986966359	8.48358241519036	0.276834829871467	0.84387815716149	0.112998312521504	-0.730879844639987
4.96275058612183	0.458227771288227	0.69886314708483	0.0900563781305557	-0.608806768954274	7.36341167936804	0.244525080049201	0.84444253698343	0.0961940516461564	-0.748248485337274
5.06502788419136	0.457835165875572	0.661803004189296	0.0912966981725219	-0.570506306016774	9.37386480332439	0.267012171046257	0.886204628551426	0.109680695015447	-0.776523933535979
5.66597589979793	0.373773756453687	0.74652562976642	0.0574910206913302	-0.689034609075089	8.21964143006626	0.184202723077885	0.88022650560724	0.0570914915801035	-0.823135014027136
4.42427229954411	0.447181839737841	0.587425131673887	0.0906264271357508	-0.496798704538136	8.16613161937224	0.250015803330379	0.788637270245209	0.104901038597029	-0.68373623164818
5.0493639548696	0.524974720808215	0.786271281455403	0.120185236091346	-0.666086045364057	5.14377068100098	0.255534679468414	0.741932901335273	0.12805941562625	-0.613873485709023
5.65541219060461	0.465956043393986	0.778705285095013	0.0851585960804213	-0.693546689014591	8.12595350082792	0.243774026569326	0.880933329773132	0.0897796941443808	-0.791153635628751
5.2490427825871	0.446656852238508	0.718897353273688	0.0685961081409133	-0.650301245132774	7.06021638095088	0.236532714084639	0.822151932494598	0.0703916057252172	-0.75176032676938
4.75708690160643	0.505602500747426	0.676179961903128	0.112563581045446	-0.563616380857682	7.65891326285667	0.301706635500108	0.825472296854776	0.123777197554151	-0.701695099300626
4.68434924829354	0.419732669697856	0.58788642931632	0.0778657392368983	-0.510020690079422	9.021600310223	0.214825090508342	0.81935817850183	0.0707809700817472	-0.748577208420083
5.27429755509135	0.461864735616575	0.648788006455912	0.0810172728891673	-0.567770733566745	8.60962203599211	0.24740391910131	0.817103430565172	0.0880560627093767	-0.729047367855796
