LR1_coefficients_null_raster	LR1_coefficients_Elevation_16_k10_R	LR1_R2_null_raster	LR1_R2_Elevation_16_k10_R	LR1_Q_Elevation_16_k10_R	LR2_coefficients_null_raster	LR2_coefficients_Elevation_16_k10_R	LR2_R2_null_raster	LR2_R2_Elevation_16_k10_R	LR2_Q_Elevation_16_k10_R
0.29612472550205	0.0921856918236244	0.115881058816801	0.124350827432309	0.00846976861550801	0.0366705724493565	0.0028241340388441	0.08923374176096	0.0581950713682739	-0.0310386703926861
0.116833025687855	0.0963694728267359	0.0209723286390522	0.110981577247168	0.0900092486081157	0.00293502643748985	0.00318327997885937	0.002217631071292	0.0608610508214367	0.0586434197501447
0.173059907397997	0.0982694251490165	0.0546792551323596	0.15832051881447	0.10364126368211	0.00639027629786841	0.00291783152817692	0.013047800140298	0.110574471673537	0.0975266715332394
0.18707676423452	0.123420462467593	0.04761036735623	0.164895493433034	0.117285126076804	0.00998518686933809	0.00409711816146833	0.0170640031673155	0.11546331217595	0.0983993090086349
0.155461645968032	0.0937785890557408	0.0402336581715865	0.141990046381984	0.101756388210398	0.00458260973057132	0.00214100011452882	0.00594001996842365	0.0707333663134689	0.0647933463450452
0.175315163456511	0.0963172908664705	0.0734250187159455	0.186142202832654	0.112717184116708	0.00759564942988595	0.00264010797691808	0.0205479204957745	0.114577649169947	0.0940297286741722
0.172995171722658	0.102029137851348	0.0566834334301712	0.173024255678253	0.116340822248082	0.00567723157655325	0.00297754229999525	0.0121486397307855	0.113620592298963	0.101471952568177
0.136461681455697	0.0909637916483088	0.0427016841728707	0.155369051080804	0.112667366907934	0.00436558032611382	0.00254480711965847	0.00871952567396635	0.0955798937683976	0.0868603680944313
0.170031250862777	0.088213483083621	0.038470927526786	0.0981656584530251	0.059694730926239	0.00542453677207788	0.00299313791316104	0.00556290337241255	0.0592143168501672	0.0536514134777546
0.0816424376398072	0.0750509124271417	0.0120289980871636	0.0794645645497443	0.0674355664625806	0.00257344914852156	0.00182512284110127	0.00153418652934904	0.0295251091920374	0.0279909226626884
0.295910634166212	0.139516623377139	0.111438023372525	0.226947386829783	0.115509363457258	0.0132910728221779	0.00414407343100809	0.0254415674126843	0.128182515513675	0.102740948100991
0.933712909973523	0.281647871758239	0.37592291479276	0.333749600060005	-0.042173314732755	0.130613051091216	0.0126814362358233	0.491874304702212	0.359501800737961	-0.132372503964252
0.530169225209992	0.148203966623879	0.283380919276278	0.211377200608135	-0.0720037186681428	0.0502301153387634	0.00556834598630681	0.294382363854782	0.16248074834574	-0.131901615509042
0.360100403729181	0.118007099931187	0.187680125791097	0.210108254679559	0.0224281288884611	0.0279688372148227	0.00369690098547366	0.115665859681123	0.136960511879805	0.0212946521986821
0.386393539037391	0.137248610752296	0.201221951954985	0.175648415759636	-0.0255735361953492	0.0301269315600938	0.00506418515727708	0.182441855628938	0.119637356806878	-0.0628044988220602
0.130918441541796	0.0980908589314885	0.0276582340021095	0.127906049951562	0.100247815949453	0.00376457709055722	0.00336378088818134	0.00268030577081978	0.0712701631537283	0.0685898573829085
0.192707733007562	0.0830407226163986	0.0650199577753115	0.112473164069038	0.0474532062937261	0.00711112817696851	0.00225467906828007	0.0149361025417687	0.051460361508982	0.0365242589672133
0.39072833541652	0.137554285138021	0.206222695593901	0.250062249498486	0.0438395539045848	0.0309802861679417	0.00535666349211808	0.151838276880169	0.222008554742125	0.0701702778619557
0.27448838450787	0.0945117549424133	0.110544646940517	0.128412042006379	0.0178673950658618	0.0202126400310586	0.00268224358055438	0.0718745511266019	0.0760581859561665	0.00418363482956463
0.162865042671625	0.0806390511427749	0.0383810772902068	0.0813573473992923	0.0429762701090855	0.0142474061203365	0.0031078832645537	0.0338442954389526	0.0690019425066932	0.0351576470677406
0.206071861065293	0.128681227923761	0.0421520684883679	0.16953840222187	0.127386333733502	0.0165376803791976	0.00490728612544977	0.0127044433925274	0.109823189334606	0.0971187459420785
0.0548970863128375	0.0722636928094593	0.00540993866442018	0.06630683958201	0.0608969009175898	8.90433351489488e-06	0.00213231336466441	1.92475533801727e-08	0.0315389270752147	0.0315389078276614
0.0655987688469843	0.0811690329034213	0.00857466519052126	0.0887276550098415	0.0801529898193202	0.00181535064136612	0.00329563183517546	0.0010815712140349	0.0743593946206601	0.0732778234066252
0.345699673866607	0.120103981348943	0.106016507851135	0.147715725432443	0.0416992175813082	0.0430920735223622	0.00426434970060381	0.0999828230609769	0.107107950606373	0.00712512754539582
0.319756875997433	0.103185320034486	0.168065983923253	0.163896615890665	-0.0041693680325883	0.0302011085420652	0.00302762971203019	0.142838223512147	0.0978810869988073	-0.0449571365133392
0.187705896701834	0.103866732650472	0.056974071663326	0.156851719686965	0.0998776480236389	0.00789496727386326	0.00326606696782428	0.0158891320847228	0.11320495331444	0.0973158212297175
0.0792479229847219	0.0637347102795869	0.0115881605386283	0.0595767672716354	0.0479886067330071	0.000943468649675763	0.00162315265400022	0.000350580297612811	0.0272473990639099	0.0268968187662971
0.676598331154576	0.170649532433874	0.176570401930318	0.106343100570748	-0.0702273013595699	0.0650127491575701	0.00475699012188747	0.10929512331055	0.0412706699848669	-0.0680244533256827
0.200343595385733	0.0947719821777853	0.0513865796334017	0.159269751521573	0.107883171888171	0.0176594058950531	0.00240081941664971	0.0246161296800856	0.0933751074935665	0.0687589778134809
0.242952110248074	0.0947877204524651	0.0775171628199987	0.116948612686648	0.0394314498666492	0.0244870083977663	0.00342526836078554	0.0812939192291641	0.100638789631616	0.0193448704024523
0.185566707239656	0.0981129055474815	0.0484460238680591	0.121192097223057	0.0727460733549978	0.00709538192000676	0.00421598479059411	0.00887024664804036	0.09259097177063	0.0837207251225897
0.164658576729409	0.077869034789639	0.0535073671519618	0.126409782049005	0.0729024148970428	0.00587549716253087	0.00179144231367508	0.00989068507142761	0.0591212449495282	0.0492305598781006
0.199799295860141	0.117077738552661	0.0662358070492513	0.210697042227532	0.144461235178281	0.00814648632464795	0.00407412519482425	0.0159663724324209	0.146490631952751	0.13052425952033
0.464729781135049	0.140373170537228	0.186922878180349	0.24138175359773	0.0544588754173813	0.0618596079568138	0.00531882968110755	0.147419354033484	0.189232068526693	0.0418127144932092
0.0897751634424011	0.0909171831330023	0.0164140421630654	0.120091404018917	0.103677361855851	0.000712579836338706	0.00281717625102756	0.00016151315807083	0.062380585813787	0.0622190726557162
0.219397947993039	0.14522056027971	0.0696372339255446	0.224482509297055	0.154845275371511	0.00439982466878028	0.00413309599503842	0.00494689636845898	0.0962522771469426	0.0913053807784836
0.193829022109474	0.096446168035558	0.0718978066775984	0.131300204001318	0.0594023973237193	0.00675319538876195	0.00291293811593398	0.0199874867133388	0.0660715711658679	0.0460840844525291
0.123576593871514	0.072296108912399	0.0355397896412595	0.103668186358307	0.0681283967170472	0.00416744515935704	0.00216776311440881	0.00795377811987626	0.0641442725487309	0.0561904944288547
0.273669400794632	0.112018958457336	0.0946927577994121	0.205172738233979	0.110479980434567	0.0160170206182529	0.0032231754820193	0.0208102850921888	0.127161540270091	0.106351255177903
0.330380760327995	0.137872353164675	0.117858024592391	0.230701780477092	0.112843755884701	0.0368117272017953	0.00579655880823221	0.0818880558093569	0.211640990093124	0.129752934283767
0.116523164877712	0.081509549112871	0.0246475329611443	0.104909015893668	0.0802614829325234	0.00318300279199981	0.00243897089476468	0.00328759384747353	0.0717846829979885	0.068497089150515
0.333880651847838	0.126438583980329	0.135033742513188	0.152270240527978	0.01723649801479	0.0194594215725426	0.00452347387192178	0.0682336903319729	0.102704201353163	0.0344705110211896
0.288649830251581	0.11248598697953	0.127163043468718	0.143587253707136	0.0164242102384184	0.0190699687067675	0.00399295634133433	0.110982670738243	0.113933866357934	0.00295119561969143
0.172610254950184	0.116861421068833	0.0395820379339841	0.157711088709672	0.118129050775688	0.00634469816169978	0.00353826190830477	0.0085592526305408	0.107326099206698	0.0987668465761568
0.374493502556126	0.113463800275419	0.204080803407795	0.156837967759369	-0.047242835648426	0.0280269981796079	0.00408249960184785	0.162156235892662	0.0937668470909364	-0.0683893888017255
0.184103548137924	0.100835474071714	0.0539326528947806	0.148308268023984	0.0943756151292037	0.00692412354363916	0.00287653899770191	0.00893855195186177	0.0733263043167579	0.0643877523648962
0.243842928457371	0.10961133797626	0.0910805006877512	0.166718556623578	0.0756380559358272	0.0132752850007986	0.00305264298423019	0.0412544456262028	0.0897248621822987	0.048470416556096
0.612931361024018	0.179470383244802	0.251383126561527	0.209764815806308	-0.0416183107552186	0.0485310673995912	0.00583706467986266	0.184266020293711	0.125862826729894	-0.0584031935638165
0.16765343601339	0.101669948379489	0.0620279629067851	0.187868451501706	0.125840488594921	0.00397752310884891	0.00268476323792594	0.00584594029734258	0.083914740643399	0.0780688003460565
0.340036600175785	0.133313226404198	0.0994144374584804	0.203832561407792	0.104418123949312	0.0429931926653122	0.005285107703653	0.0705916932899258	0.167966631469201	0.0973749381792752
0.217384234107204	0.106090119334239	0.0805219832347725	0.179685009362126	0.0991630261273537	0.0149080552737398	0.00400857648145604	0.0431441388596725	0.130447078091369	0.0873029392316964
0.360593118406093	0.135401332981691	0.137123890096305	0.229598329072044	0.0924744389757391	0.0457448834733081	0.00465938591862309	0.0856702780268732	0.152124062301276	0.066453784274403
0.168890833185596	0.0921564472028375	0.0466453956788941	0.127547370023822	0.0809019743449282	0.00539306837785188	0.003220675491016	0.00818282274770144	0.0888380652448136	0.0806552424971122
0.196242114532772	0.116274841972026	0.0639500704980225	0.169696603533653	0.10574653303563	0.00428136445198924	0.00331255140159717	0.00754155168917898	0.0894436708963166	0.0819021192071376
0.21114472606852	0.109152448535856	0.0682319135693797	0.157583864589785	0.0893519510204058	0.00522388449402127	0.00336745454956377	0.00719043275994729	0.0771907563543656	0.0700003235944183
0.25004525139556	0.14690478745095	0.0907517807077176	0.244275344151754	0.153523563444036	0.00858502115931443	0.00512687460151958	0.0185622948217755	0.161306453402528	0.142744158580753
0.148927311402929	0.0921822464755691	0.0448246537176759	0.151239031991621	0.106414378273945	0.00602994734728976	0.00297356478739048	0.00945654116637895	0.105643844762581	0.096187303596202
0.868081761146286	0.190252823857161	0.326995011926884	0.227197012431684	-0.0997979994952002	0.138708974127261	0.00636747234926688	0.375248659677508	0.154194517769826	-0.221054141907682
0.254826982666824	0.103339264738577	0.0989035391249213	0.142757815786388	0.0438542766614667	0.0189990673213249	0.00327609560080122	0.0693414328670562	0.0855175924632362	0.0161761595961799
0.34583882762151	0.130643146188223	0.146433663606906	0.225392371785982	0.0789587081790759	0.0380585636183427	0.00451793134707886	0.117790879016391	0.177253527191485	0.0594626481750941
0.551766413755936	0.215247184103213	0.396077595657175	0.339207944140391	-0.056869651516784	0.034765778630699	0.00926552358648601	0.357372617502098	0.309605287959986	-0.0477673295421122
0.284890315970543	0.119480726439572	0.1597936833613	0.225800620934391	0.066006937573091	0.0197568090107348	0.00393880487109419	0.127566545963832	0.165407270404654	0.0378407244408211
0.0657913892442919	0.0682589184490115	0.00789091001580247	0.0671980372243342	0.0593071272085317	-0.0028780326801037	0.00179580432348517	0.00278919237372752	0.0300021278961864	0.0272129355224589
0.640645067393201	0.168757338064736	0.253067067295959	0.169028725136041	-0.0840383421599171	0.0684051412957457	0.00597734035895894	0.324978669458129	0.131452147905143	-0.193526521552986
0.135854937454791	0.0768500589178723	0.0327737677253697	0.103786166717923	0.0710123989925536	0.00552509770031763	0.00225812751580833	0.00649876835054707	0.0590940014520088	0.0525952331014617
0.297163850160124	0.12044581584115	0.131293841701982	0.230663984767797	0.0993701430658145	0.0152392037342037	0.00379515131387066	0.0312915164019462	0.116327111755473	0.0850355953535264
0.137573469225019	0.080022858980995	0.0291120667339058	0.10294343332305	0.0738313665891445	0.00449020342095301	0.00223045634369476	0.00259187138562914	0.0520298945651208	0.0494380231794917
0.447715234315998	0.120318720804857	0.208299616546193	0.150135815046671	-0.0581638014995214	0.0483170089104791	0.00443382372862906	0.230645730405236	0.101707645993693	-0.128938084411543
0.196289146131478	0.0802162908831432	0.0788877465514567	0.125782766123596	0.0468950195721393	0.0142713309994086	0.00239077461884208	0.0422159366853035	0.0646055611259638	0.0223896244406603
0.380174648375165	0.142235516076278	0.204754105542063	0.218449935047862	0.013695829505799	0.0255715539753744	0.00477516058121041	0.138409863529219	0.1479844422796	0.0095745787503809
0.125817371681774	0.0647594337839257	0.0258851815610979	0.0741021184257982	0.0482169368647003	0.00581565077532074	0.00189836269928199	0.00727138146056959	0.0438248092296027	0.0365534277690331
1.04207058618696	0.197405860519504	0.419108262189955	0.156623633075595	-0.262484629114359	0.143955610019343	0.0077402448803599	0.52001665914174	0.104227803407942	-0.415788855733798
0.225300561544861	0.13022623882048	0.0624612002423365	0.162228486143498	0.0997672859011618	0.00678599137867256	0.00464304077902536	0.00665620142359552	0.0977173027311982	0.0910611013076027
0.298687986915241	0.119484764048992	0.0870288962539195	0.15028752682937	0.0632586305754505	0.0172526473608631	0.00310385314534718	0.0213392652698398	0.0682215275279875	0.0468822622581476
0.442413982648426	0.172421257473555	0.204091907308695	0.26310078223131	0.0590088749226146	0.0407701757924432	0.00655488879023693	0.175350564810683	0.194104820536205	0.0187542557255216
0.118616576373437	0.0935726730909024	0.0270654951751825	0.144588149693475	0.117522654518293	0.0045011676286839	0.00289783104703485	0.00475547040840317	0.102893065278084	0.0981375948696811
0.254315876551017	0.101850178264515	0.0771033431171116	0.148323870774229	0.0712205276571176	0.0311238694134305	0.00397012603365618	0.0487729727434887	0.112653282526777	0.0638803097832887
0.161858827405776	0.119142595461231	0.0359574713263327	0.148914846166578	0.112957374840245	0.00785367617560969	0.00477031473057588	0.0126699331838832	0.119199825638356	0.106529892454473
0.211748845470131	0.120440462180989	0.0717744960606777	0.243432778964415	0.171658282903737	0.00736572404633591	0.00392977311582494	0.0119745877853784	0.200281555550045	0.188306967764667
0.206979014349909	0.0884080908417942	0.0841428906963842	0.135710908407763	0.0515680177113786	0.00899615368064069	0.00287126388770109	0.0240559828142302	0.0935229099581788	0.0694669271439486
0.249354091277588	0.115216531532321	0.106165827360795	0.186101841163956	0.0799360138031614	0.0181431888578068	0.00392879170557314	0.0656391374126615	0.127836212342647	0.0621970749299855
0.15537816630576	0.110774897691827	0.0415181053780244	0.155289255085606	0.113771149707581	0.0056179374714623	0.00336155314568444	0.008952307252799	0.108137563365781	0.0991852561129819
0.162040433633534	0.090686229985509	0.0443516046125834	0.134696407723179	0.0903448031105957	0.0046829497461822	0.00281098311827178	0.00486175597687558	0.0741217740021141	0.0692600180252386
0.178590913555078	0.119313122663336	0.0463445100521412	0.146509676019176	0.100165165967034	0.00589754940174711	0.00388770240031408	0.0100545523026629	0.097546353259066	0.0874918009564031
0.121528344471266	0.0970583040079432	0.0246335450004484	0.138597432022365	0.113963887021916	0.00272345811062501	0.0031719201388634	0.0018563607938946	0.0973838321342848	0.0955274713403902
0.399843851466592	0.108124651628662	0.205956423652319	0.1724343551116	-0.0335220685407192	0.029849237021673	0.00303348528181522	0.164571997820434	0.103036271039602	-0.0615357267808322
0.100409126150873	0.0568866563076886	0.0146147489642474	0.0487200711147997	0.0341053221505524	0.00193866887322856	0.0011409531354086	0.000732706970538449	0.0127758722110845	0.012043165240546
0.628661675893653	0.161745199992259	0.250936863492556	0.152678296073453	-0.098258567419103	0.0661913192473641	0.00610501923321522	0.308063338364559	0.113650722171844	-0.194412616192715
0.39197235348864	0.145492568640488	0.208698280868692	0.253059096396266	0.0443608155275738	0.029735474210293	0.00520468911264506	0.130923728901665	0.147125789683339	0.0162020607816747
0.126158468527608	0.0797403217473977	0.0291105840424345	0.107540046891865	0.0784294628494301	0.00393061767146449	0.00216807801386133	0.00511790676122334	0.0593584213183881	0.0542405145571647
0.29655424667857	0.108660906251004	0.128639638138816	0.151045643049374	0.0224060049105577	0.023547881623882	0.00412123473793546	0.124437574592883	0.127897896199389	0.00346032160650629
0.405031516562544	0.120673364491783	0.232393821990982	0.181388397144481	-0.051005424846501	0.0282716182973526	0.00362448554716893	0.218666825864907	0.115568586648499	-0.103098239216409
0.126981342461088	0.0695420903813746	0.0281298667381647	0.0767797052447976	0.048649838506633	0.00447903386650845	0.00203281407025682	0.00558475368523789	0.0473616994819482	0.0417769457967103
0.169047756595465	0.102536150257515	0.0563788357704434	0.17371860858644	0.117339772815997	0.00739755160720118	0.00343568049604924	0.0169469866263343	0.116361991561706	0.0994150049353718
0.314501034089924	0.104979620249508	0.18399784609726	0.180192034194817	-0.00380581190244311	0.0272486514982916	0.0036830503443004	0.217916816904492	0.165230737831371	-0.0526860790731209
0.481194287394114	0.114141647814341	0.140401528543168	0.113269040779377	-0.0271324877637916	0.0606505795992937	0.00353305894934821	0.113253252518233	0.0636650917379646	-0.0495881607802686
0.146410564368874	0.089896145071846	0.0206618035445681	0.0924313777867966	0.0717695742422285	0.00619123539187314	0.00219149520861054	0.00354565995671979	0.0441790054019865	0.0406333454452667
0.285500714925422	0.118908825546886	0.0846286594862536	0.143819585127652	0.0591909256413985	0.0269306679252257	0.00447912377084017	0.0513846863372999	0.0990275651527579	0.047642878815458
0.479660149694254	0.139383572440544	0.274251733223064	0.211202741485393	-0.063048991737671	0.0453930124724699	0.00551015050460512	0.261899828567533	0.168528568978443	-0.0933712595890904
0.32713262240009	0.0980110323677377	0.139207949013179	0.124698025840433	-0.0145099231727464	0.02333546608072	0.001685278531767	0.10128746754899	0.0385912411828401	-0.0626962263661501
