Pearson_correlation_null_raster	Pearson_correlation_Elevation_16_k10_R	Pearson_correlation_difference_Elevation_16_k10_R
0.267368053819126	0.27708817822524	0.00972012440611408
0.267368053819126	0.27708817822524	0.00972012440611408
0.267368053819126	0.27708817822524	0.00972012440611408
0.267368053819126	0.27708817822524	0.00972012440611408
0.267368053819126	0.27708817822524	0.00972012440611408
0.267368053819126	0.27708817822524	0.00972012440611408
0.267368053819126	0.27708817822524	0.00972012440611408
0.267368053819126	0.27708817822524	0.00972012440611408
0.267368053819126	0.27708817822524	0.00972012440611408
0.267368053819126	0.27708817822524	0.00972012440611408
0.267368053819126	0.27708817822524	0.00972012440611408
0.267368053819126	0.27708817822524	0.00972012440611408
0.267368053819126	0.27708817822524	0.00972012440611408
0.267368053819126	0.27708817822524	0.00972012440611408
0.267368053819126	0.27708817822524	0.00972012440611408
0.267368053819126	0.27708817822524	0.00972012440611408
0.267368053819126	0.27708817822524	0.00972012440611408
0.267368053819126	0.27708817822524	0.00972012440611408
0.267368053819126	0.27708817822524	0.00972012440611408
0.267368053819126	0.27708817822524	0.00972012440611408
0.267368053819126	0.27708817822524	0.00972012440611408
0.267368053819126	0.27708817822524	0.00972012440611408
0.267368053819126	0.27708817822524	0.00972012440611408
0.267368053819126	0.27708817822524	0.00972012440611408
0.267368053819126	0.27708817822524	0.00972012440611408
0.267368053819126	0.27708817822524	0.00972012440611408
0.267368053819126	0.27708817822524	0.00972012440611408
0.267368053819126	0.27708817822524	0.00972012440611408
0.267368053819126	0.27708817822524	0.00972012440611408
0.267368053819126	0.27708817822524	0.00972012440611408
0.267368053819126	0.27708817822524	0.00972012440611408
0.267368053819126	0.27708817822524	0.00972012440611408
0.267368053819126	0.27708817822524	0.00972012440611408
0.267368053819126	0.27708817822524	0.00972012440611408
0.267368053819126	0.27708817822524	0.00972012440611408
0.267368053819126	0.27708817822524	0.00972012440611408
0.267368053819126	0.27708817822524	0.00972012440611408
0.267368053819126	0.27708817822524	0.00972012440611408
0.267368053819126	0.27708817822524	0.00972012440611408
0.267368053819126	0.27708817822524	0.00972012440611408
0.267368053819126	0.27708817822524	0.00972012440611408
0.267368053819126	0.27708817822524	0.00972012440611408
0.267368053819126	0.27708817822524	0.00972012440611408
0.267368053819126	0.27708817822524	0.00972012440611408
0.267368053819126	0.27708817822524	0.00972012440611408
0.267368053819126	0.27708817822524	0.00972012440611408
0.267368053819126	0.27708817822524	0.00972012440611408
0.267368053819126	0.27708817822524	0.00972012440611408
0.267368053819126	0.27708817822524	0.00972012440611408
0.267368053819126	0.27708817822524	0.00972012440611408
0.267368053819126	0.27708817822524	0.00972012440611408
0.267368053819126	0.27708817822524	0.00972012440611408
0.267368053819126	0.27708817822524	0.00972012440611408
0.267368053819126	0.27708817822524	0.00972012440611408
0.267368053819126	0.27708817822524	0.00972012440611408
0.267368053819126	0.27708817822524	0.00972012440611408
0.267368053819126	0.27708817822524	0.00972012440611408
0.267368053819126	0.27708817822524	0.00972012440611408
0.267368053819126	0.27708817822524	0.00972012440611408
0.267368053819126	0.27708817822524	0.00972012440611408
0.267368053819126	0.27708817822524	0.00972012440611408
0.267368053819126	0.27708817822524	0.00972012440611408
0.267368053819126	0.27708817822524	0.00972012440611408
0.267368053819126	0.27708817822524	0.00972012440611408
0.267368053819126	0.27708817822524	0.00972012440611408
0.267368053819126	0.27708817822524	0.00972012440611408
0.267368053819126	0.27708817822524	0.00972012440611408
0.267368053819126	0.27708817822524	0.00972012440611408
0.267368053819126	0.27708817822524	0.00972012440611408
0.267368053819126	0.27708817822524	0.00972012440611408
0.267368053819126	0.27708817822524	0.00972012440611408
0.267368053819126	0.27708817822524	0.00972012440611408
0.267368053819126	0.27708817822524	0.00972012440611408
0.267368053819126	0.27708817822524	0.00972012440611408
0.267368053819126	0.27708817822524	0.00972012440611408
0.267368053819126	0.27708817822524	0.00972012440611408
0.267368053819126	0.27708817822524	0.00972012440611408
0.267368053819126	0.27708817822524	0.00972012440611408
0.267368053819126	0.27708817822524	0.00972012440611408
0.267368053819126	0.27708817822524	0.00972012440611408
0.267368053819126	0.27708817822524	0.00972012440611408
0.267368053819126	0.27708817822524	0.00972012440611408
0.267368053819126	0.27708817822524	0.00972012440611408
0.267368053819126	0.27708817822524	0.00972012440611408
0.267368053819126	0.27708817822524	0.00972012440611408
0.267368053819126	0.27708817822524	0.00972012440611408
0.267368053819126	0.27708817822524	0.00972012440611408
0.267368053819126	0.27708817822524	0.00972012440611408
0.267368053819126	0.27708817822524	0.00972012440611408
0.267368053819126	0.27708817822524	0.00972012440611408
0.267368053819126	0.27708817822524	0.00972012440611408
0.267368053819126	0.27708817822524	0.00972012440611408
0.267368053819126	0.27708817822524	0.00972012440611408
0.267368053819126	0.27708817822524	0.00972012440611408
0.267368053819126	0.27708817822524	0.00972012440611408
0.267368053819126	0.27708817822524	0.00972012440611408
0.267368053819126	0.27708817822524	0.00972012440611408
0.267368053819126	0.27708817822524	0.00972012440611408
0.267368053819126	0.27708817822524	0.00972012440611408
0.267368053819126	0.27708817822524	0.00972012440611408
