LR_coefficients_null_raster	LR_coefficients_Elevation_16_k10_R	LR_R2_null_raster	LR_R2_Elevation_16_k10_R	LR_Q_Elevation_16_k10_R
8.56102309659526	12.1787607509212	0.271759447088637	0.459982883960444	0.188223436871807
8.56885575429066	11.6714164208241	0.277402878720476	0.430441949147209	0.153039070426733
8.8967701605176	11.7846605657565	0.286303391217423	0.420143904497997	0.133840513280574
8.57442975720232	11.636248620058	0.277044058991921	0.426743084927946	0.149699025936025
8.20804628625558	11.6754741092374	0.262771640155459	0.444682572649944	0.181910932494485
8.26334817846099	12.1018851322069	0.259195556769345	0.464968639078842	0.205773082309498
8.93664273617418	11.7633373470328	0.2774376080209	0.402049756673803	0.124612148652903
9.14689055051665	12.5785894182407	0.282703695190129	0.447147250043514	0.164443554853386
8.4239052292562	11.4153454342374	0.281697710981093	0.432649942708024	0.150952231726932
8.45510457903975	11.9733868473531	0.263496061216776	0.441949198045906	0.17845313682913
8.71178701840285	12.3112259304906	0.261397545139017	0.436608081020456	0.175210535881439
8.25718410188503	12.0292283395523	0.260598028651744	0.462577909706639	0.201979881054895
8.48128619007352	11.8430234050987	0.276317505500095	0.450621905309078	0.174304399808984
8.67865664873053	12.3448518408451	0.267510698604362	0.452699554426251	0.185188855821889
8.13141428542992	11.688117713704	0.264682870806418	0.457388219215337	0.192705348408918
8.41415781230438	11.6863985210822	0.272093958875856	0.438996581841923	0.166902622966066
8.38177049766143	12.2924398315559	0.257367622860959	0.462978394353794	0.205610771492835
8.18544134492207	11.6693872954586	0.267199818750341	0.454203238588999	0.187003419838658
8.5107114380576	11.428671756168	0.264189740815193	0.398453730763991	0.134263989948798
8.26236828410493	11.676084418767	0.264318060230201	0.44148337491461	0.177165314684409
8.60433541453532	12.1352610442449	0.265552072061448	0.441789549154628	0.17623747709318
8.51033295406885	11.8311453877367	0.271762436276609	0.439290759291488	0.167528323014879
8.42395718720834	12.1553069122821	0.265265760582326	0.461937174560471	0.196671413978145
9.32082118932419	11.9988046255162	0.272414713584673	0.377572480077349	0.105157766492676
8.56147086906814	12.5035417417254	0.263445240609055	0.469961031266975	0.20651579065792
8.56162376661606	12.0493795972484	0.274582717035876	0.454875403226747	0.180292686190872
8.63870061865365	11.9665178008392	0.27382553243791	0.439455432395877	0.165629899957967
8.66533395370416	12.4415437610285	0.275765828514223	0.47546718000747	0.199701351493247
8.20784374540568	11.6340821438723	0.265331226458799	0.445858055047583	0.180526828588784
8.20988487835856	11.4468809112782	0.268812910340196	0.437071489962022	0.168258579621826
8.2160525694594	11.4916450118691	0.261962870859922	0.428627357786998	0.166664486927076
8.08136485490528	11.5498737223794	0.262548938196108	0.448536169842909	0.185987231646801
7.94840454730156	11.7894790225479	0.248943156078201	0.45806979356867	0.209126637490469
8.42085310085669	12.1230644978194	0.263733198720275	0.457171987901269	0.193438789180994
9.05100078049372	13.0368378015644	0.270782850516942	0.469866667036401	0.199083816519459
12.6620461005451	19.3049625807287	0.177009388414148	0.344134814378039	0.167125425963891
8.54708717733832	12.0055051439934	0.256411882877867	0.423121328875097	0.16670944599723
8.53837183862163	12.3820801149273	0.264106595256169	0.464535061855442	0.200428466599273
8.62665352377885	12.0204293252777	0.27091499101386	0.439936956314178	0.169021965300317
8.59538876700598	11.7211832456916	0.280091870491539	0.435626737152688	0.155534866661149
8.85416647136221	11.8908423234773	0.270966043427867	0.408739778632143	0.137773735204276
8.31053846757093	12.230232394497	0.254731865605828	0.461420120319806	0.206688254713979
8.33475229106546	11.305754951696	0.266681682738137	0.410401642094667	0.14371995935653
8.76497266890741	12.5133164983866	0.274620196704855	0.468142813807606	0.19352261710275
9.2051828762924	12.3342285205794	0.275971779998022	0.414405943041084	0.138434163043061
8.90533583642165	12.7358457744749	0.267246504032205	0.457160998059477	0.189914494027272
8.22766768011561	11.4390885295757	0.266365589497147	0.430635312041295	0.164269722544149
8.41864222269511	11.5649813578616	0.266282905048028	0.420292088672245	0.154009183624217
8.49404878245896	11.8413509022375	0.268552720862655	0.436520574660482	0.167967853797827
8.31162558123394	11.7788584183659	0.271986138622857	0.45686027160384	0.184874132980983
8.56458922487043	11.8611780774289	0.267475202478425	0.429070110564476	0.161594908086051
8.62716556439056	11.573076492588	0.287047043058038	0.432032701181138	0.1449856581231
8.58364897809807	11.9125890322617	0.27618336102096	0.44490582537842	0.168722464357461
8.44542097513095	11.6463526789988	0.279295676552864	0.444225662664615	0.164929986111751
8.17786455892181	12.1502512015796	0.246001818278533	0.454183303660863	0.20818148538233
8.31931465847594	11.5870326766848	0.27341608154432	0.443604127075164	0.170188045530844
8.6061425597197	12.1480269012353	0.274973377004488	0.45823391238194	0.183260535377452
8.2820656005215	11.8256723466648	0.259113474978207	0.441841506773224	0.182728031795017
8.66651596284177	12.2793382360961	0.272190887254226	0.457021450438191	0.184830563183965
8.14972665717263	11.6079919051856	0.262343903104504	0.445144738509898	0.182800835405394
9.06471107027187	12.9870350802817	0.263457764389929	0.452298616012372	0.188840851622444
9.41381173288277	12.5440859251094	0.274814797601571	0.408121334696511	0.13330653709494
8.52396453246386	12.0373752500221	0.270218545120929	0.450710466201085	0.180491921080155
8.25403119126351	11.7280662192983	0.258109209969526	0.435839181287015	0.177729971317489
8.55383381651071	12.4132084211166	0.263266650171957	0.463707890807321	0.200441240635364
8.61708702565408	11.5898080190128	0.273601851238624	0.413954605640874	0.14035275440225
8.4954722709224	11.9688813477981	0.266466785560034	0.442361491869716	0.175894706309682
8.39175218294213	11.9777108187602	0.264797079094999	0.451188163768658	0.186391084673659
8.56344149399325	11.5192247952689	0.271618337104978	0.411065552636399	0.139447215531421
8.33881565324942	11.7947135378899	0.271140591735418	0.453693701065155	0.182553109329737
8.28550840309176	11.8771789561498	0.26293212891905	0.451891419485654	0.188959290566604
9.08931525675893	11.1044894351102	0.232822849389788	0.290644840531114	0.0578219911413264
8.44475379928311	11.3759754767654	0.273961926978212	0.415810720938007	0.141848793959795
8.355502132022	11.8794951938619	0.261637958550891	0.442337517855966	0.180699559305075
9.05201814382212	12.4485229334451	0.270228376173389	0.427442723705072	0.157214347531682
8.53979515866659	12.7081246901298	0.251910746174027	0.46657007794071	0.214659331766683
8.88785203061134	11.9201818114498	0.274580938230272	0.41308999209385	0.138509053863578
8.25906275180781	11.7868900727539	0.264639582927245	0.450810371750527	0.186170788823282
8.33468606897242	11.96616766063	0.26055665242167	0.44919612491499	0.18863947249332
8.09738601024431	12.1794225282962	0.239557167599463	0.45328885292572	0.213731685326256
8.11932002161605	11.5668986461153	0.255552418105299	0.433787164487092	0.178234746381793
8.30613634090729	11.3888901107184	0.264163701195683	0.415374657297655	0.151210956101971
8.59190485376327	11.5703871001925	0.278075094605165	0.421775272529337	0.143700177924173
8.06777294285644	11.8464900866989	0.253991441836107	0.458029342796987	0.204037900960881
8.20518318762669	11.907535671814	0.260217673562725	0.458359429693927	0.198141756131202
8.41985065532366	11.7059364122951	0.278530676264358	0.450275937652546	0.171745261388188
8.36947573367812	12.3734522454622	0.253855219328581	0.464059344456138	0.210204125127557
8.34557125129357	12.0036501497125	0.265407195218096	0.459229071728679	0.193821876510583
8.28818161153782	11.6947487605302	0.262221284104801	0.436649910842796	0.174428626737995
8.08370983187909	11.2556876043183	0.266550182460941	0.432218921523277	0.165668739062336
8.33068648539815	11.8544111974919	0.264280884451466	0.447575501225502	0.183294616774035
8.5983920968977	12.3147561135886	0.266586470782623	0.457359185597165	0.190772714814542
8.63353924442529	11.9376190122311	0.270939911626325	0.433244282076418	0.162304370450093
8.83652327541426	12.4173747149152	0.282027099297499	0.465789531930498	0.183762432632999
8.75979457805272	11.9342848426342	0.2727208809425	0.423375289780677	0.150654408838176
8.54964651923293	12.0902684688819	0.267237375336125	0.446966453839305	0.17972907850318
8.32710251959583	11.4959624458511	0.269178585947632	0.429087159338412	0.15990857339078
8.48219163794689	11.9306120202829	0.273633443944197	0.452773106247232	0.179139662303035
9.1010262973148	12.7393780130612	0.265800196167614	0.435585253786315	0.169785057618701
8.07167303918215	11.3539007025626	0.255835414178859	0.423375656683559	0.1675402425047
