LR1_coefficients_null_raster	LR1_coefficients_Elevation_16_k10_R	LR1_R2_null_raster	LR1_R2_Elevation_16_k10_R	LR1_Q_Elevation_16_k10_R	LR2_coefficients_null_raster	LR2_coefficients_Elevation_16_k10_R	LR2_R2_null_raster	LR2_R2_Elevation_16_k10_R	LR2_Q_Elevation_16_k10_R
0.153897056675994	0.0774352589862509	0.0342839421418926	0.0745142469842677	0.0402303048423751	0.00642117668815411	0.00186615282190788	0.0102499758019997	0.0289697303181648	0.0187197545161652
0.1810943466944	0.122681710320767	0.0482654794569424	0.162016057245854	0.113750577788912	0.00435112417568914	0.00396575725286953	0.00490058931356357	0.0876766469176036	0.08277605760404
0.169154643839083	0.101635670349199	0.0333295754395992	0.103908772053896	0.0705791966142966	0.00657289287622192	0.00249452090744837	0.00831339963920895	0.0419694999149728	0.0336561002757638
0.210638106566885	0.10598794873308	0.0532718030614743	0.128791154054495	0.0755193509930212	0.008847312049799	0.00280939366861022	0.0143550086576023	0.0639260683974845	0.0495710597398822
0.154283468488741	0.0965114339736646	0.040046901322878	0.144761810073446	0.104714908750568	0.00590979436378021	0.00315334815525078	0.00883518930494945	0.0974516950646437	0.0886165057596942
0.121240477666018	0.0701373344792637	0.0244836473446737	0.0697507916587461	0.0452671443140723	0.00470188474621826	0.00173582624306604	0.00556363342458344	0.0316346304629432	0.0260709970383598
0.170307904511887	0.0884602296379116	0.0613938458841099	0.14193966602171	0.0805458201375996	0.00804124807058458	0.00287204965623377	0.0184720270641569	0.0946527851885688	0.0761807581244119
0.220232644670217	0.113995885787708	0.0512092150510667	0.128569355773767	0.0773601407227006	0.00907339081845284	0.00319089090651907	0.0127263863027962	0.0744617189736038	0.0617353326708076
0.182718212832894	0.106817378880288	0.0382748877920257	0.122530848529298	0.0842559607372719	0.00598537820281292	0.00316779232141697	0.00482991476900333	0.0613362750205672	0.0565063602515639
0.122752257590034	0.0672999021184111	0.0198330169209593	0.062270857575454	0.0424378406544947	0.00528198340607692	0.00222154038960119	0.00449358992709478	0.0346926069133251	0.0301990169862303
0.166499035209203	0.0910139126525573	0.0288056602945456	0.0841231254250264	0.0553174651304809	0.00520349543349669	0.00299732808085042	0.003496169482166	0.0511110172751356	0.0476148477929696
0.205986713781204	0.119582725066213	0.0520700174630084	0.138136757772648	0.0860667403096401	0.00692050723993547	0.00379195171354912	0.010816243492468	0.0912875963536939	0.0804713528612259
0.0521925947032317	0.0498861125577824	0.00378667180770647	0.0336722021472425	0.0298855303395361	0.00142703808941941	0.00120937289409985	0.00042812138661318	0.0144984317672994	0.0140703103806862
0.167986863025741	0.101786168402016	0.0324986297781421	0.116686895693794	0.0841882659156514	0.00653514127815708	0.00363009755799539	0.00788790073793835	0.0922734872219835	0.0843855864840451
0.188368072077295	0.0854656463685358	0.0592136057478962	0.12866259801642	0.0694489922685233	0.00632219596355874	0.00182533103505647	0.00983645490084273	0.0522858870712591	0.0424494321704164
0.302811413742682	0.1459819103849	0.0918867966927858	0.206491090430258	0.114604293737473	0.0135253947862819	0.0052049570046365	0.0243905049678357	0.142434337549059	0.118043832581223
0.203446012562875	0.108545762278739	0.0417745641495377	0.106014736390304	0.0642401722407666	0.0101765329822347	0.00357780179402847	0.0127144320587921	0.0581450929002329	0.0454306608414407
0.169866483106427	0.0937746465886329	0.0453252520187696	0.139361411614564	0.0940361595957942	0.00762267038832619	0.00239642375564767	0.0116907367381755	0.0601172216984954	0.0484264849603199
0.332581324585499	0.168364848445343	0.103197608978161	0.230827403193884	0.127629794215722	0.0136361234251923	0.0050838748036353	0.0221511856500148	0.11431548501214	0.0921642993621255
0.112927106469686	0.0702611915228079	0.023009738373015	0.0795295677592794	0.0565198293862645	0.00351416266041065	0.00173200036696271	0.00286606785214682	0.0321147332739617	0.0292486654218148
0.240790632458723	0.0928028195771526	0.0711552272130122	0.119606206259733	0.0484509790467207	0.0175402425285018	0.00310463505820175	0.0238742006543064	0.0628283651839648	0.0389541645296584
0.271502819670176	0.129078943036806	0.097102291939353	0.199212943440036	0.102110651500683	0.0126207836556781	0.00348591935693432	0.0327326777997952	0.112495885681729	0.0797632078819333
0.210757639513794	0.0943326931173579	0.0705800851230412	0.142482541217538	0.071902456094497	0.00685016724820668	0.00251285707179974	0.0132144452619236	0.0743605913505137	0.0611461460885902
0.153821702731037	0.116998465637538	0.0274733774944867	0.116836863589997	0.0893634860955108	0.00474574361736304	0.00375975378889112	0.00470627835724888	0.0687346757951615	0.0640283974379126
0.109811384972708	0.0822385546646046	0.0151617072448105	0.0690261062647252	0.0538643990199147	0.00378894238588594	0.0027052341719304	0.00285662071810067	0.0439255541979411	0.0410689334798404
0.282172298854924	0.136184872654116	0.0890970065844583	0.178972751485941	0.0898757449014824	0.0102587734905752	0.00392272471287101	0.015248380797213	0.0902355500744218	0.0749871692772089
0.202724453359588	0.102559608158438	0.0570479716828862	0.148809635493205	0.0917616638103184	0.00579345854236158	0.00287521330477972	0.00718372177333498	0.0774008247017896	0.0702171029284546
0.236527992405791	0.134887324420984	0.0572600284302611	0.170711725560895	0.113451697130634	0.00662632682717111	0.00439511011717579	0.0078905228657726	0.0939899017202519	0.0860993788544793
0.130463916768412	0.0815740385678051	0.0213540263106728	0.0769123863918039	0.0555583600811311	0.00515423650491305	0.00201532375324725	0.0052074795084581	0.0359928323402983	0.0307853528318402
0.171584381166236	0.103736632938383	0.0464538140442693	0.128164631084517	0.0817108170402479	0.00563616362707784	0.00284741038253097	0.0111295137150668	0.060169380362163	0.0490398666470962
0.347527206338478	0.160500032572238	0.112350992178632	0.259188755839557	0.146837763660925	0.0129982136220365	0.00628183542958489	0.0209382741661898	0.195057614330096	0.174119340163906
0.169706032831719	0.0961184228961297	0.0430633623785608	0.127975478011028	0.0849121156324673	0.00663842490218246	0.00278564712915275	0.00984506352886614	0.0781444973471056	0.0682994338182394
0.121487182586406	0.0871433831079948	0.0198386642308719	0.0892265785425613	0.0693879143116894	0.00364064282351624	0.00262903455319393	0.00287874579308203	0.0485777195179011	0.0456989737248191
0.225956895090326	0.109058876398329	0.0734460198566849	0.154532159130215	0.0810861392735306	0.0106866492008398	0.00353511123098543	0.0179647634931928	0.102821973590374	0.0848572100971807
0.186712064800646	0.0815941716819943	0.0448014284092978	0.0824816791345999	0.0376802507253021	0.0099546299991352	0.00241056591743887	0.0184706045139952	0.0461522531871734	0.0276816486731783
0.201897670117979	0.097001629510462	0.05712795959923	0.107035132541685	0.0499071729424545	0.00923992570435206	0.00299622705812393	0.0181576747586819	0.0557108783029615	0.0375532035442797
0.100749966236451	0.0769984972127514	0.0144595543224739	0.0733530899187368	0.0588935355962629	0.00128447208469904	0.00146837291347225	0.000398638494828174	0.0220903809312877	0.0216917424364596
0.116001099083318	0.0928460734247892	0.0172143783402045	0.0883926855110696	0.0711783071708651	0.00503500976018433	0.00278012684405248	0.00535976105541726	0.0453770169053191	0.0400172558499019
0.164867266585667	0.103407320788113	0.0350448894051114	0.113326250098136	0.0782813606930242	0.00634519405580692	0.003420796674726	0.0089832457706125	0.074738788975263	0.0657555432046505
0.151085345563309	0.101163276209058	0.0340584345496408	0.117817788459008	0.0837593539093675	0.00550945884091965	0.00285220784149451	0.00653560984393868	0.0576437199475569	0.0511081101036183
0.245965518403091	0.115312109215106	0.0774494635077201	0.15558046685701	0.0781310033492902	0.0131217933806156	0.00316193084406928	0.0219330829190639	0.0740024078960839	0.05206932497702
0.234775726420778	0.119934154033114	0.0564856264941474	0.143849636334178	0.0873640098400308	0.00838102017870775	0.00339791939088953	0.00973838909740537	0.0698757923359483	0.0601374032385429
0.217840219363956	0.109444157289307	0.0856364966751663	0.181694583957696	0.09605808728253	0.00945198070698324	0.0032855745564414	0.0262944186172443	0.103711670511162	0.0774172518939179
0.273834438123925	0.133835335426292	0.0813456009793229	0.207537498087402	0.126191897108079	0.0143459406736349	0.00463642043171117	0.0213665169374611	0.14057245645959	0.119205939522129
0.101787828723911	0.08931454821269	0.0101557935018511	0.0603905995437339	0.0502348060418827	0.00119016291021669	0.00247265496921652	0.000226920315742266	0.0260899005007419	0.0258629801849996
0.225596906507016	0.113980270397352	0.0654129481313406	0.152156161956738	0.0867432138253974	0.00982594647223887	0.00378582519218692	0.0150924225556985	0.0952474815441298	0.0801550589884313
0.140108162539367	0.0767771497332128	0.0546601787041734	0.104231287298219	0.0495711085940458	0.0066853127745967	0.00200523769204716	0.0291060745663889	0.075706896147602	0.0466008215812131
0.16649509823452	0.094085545835294	0.0427747346849409	0.131055570620481	0.08828083593554	0.00564534582213786	0.00272770041193972	0.00541158809947012	0.0755375917697007	0.0701260036702306
0.256279846485779	0.113110513789398	0.0616154656826945	0.136872105764468	0.0752566400817739	0.0152468775449866	0.00339886898583227	0.0206183284780199	0.0843922592203182	0.0637739307422983
0.0703217760297153	0.0563955830537595	0.00602598605922079	0.0410595380198657	0.0350335519606449	0.00152967406351093	0.00142953806481217	0.000513002773285212	0.0195038672546428	0.0189908644813576
0.188821300882831	0.0962470182746033	0.0448640478741754	0.113214416258331	0.0683503683841552	0.00636136193393273	0.00331384085489003	0.00584869104149317	0.0646264305295553	0.0587777394880621
0.0772479475619354	0.0771732468093322	0.00768741155434287	0.0675601152266877	0.0598727036723448	0.00137397613506621	0.00175321532388833	0.000323934696820015	0.0220335105403696	0.0217095758435496
0.271810206545509	0.122343591769902	0.104090576039001	0.182579720567281	0.0784891445282805	0.00942617616535611	0.00321105231131568	0.0240280223914581	0.0843529568863091	0.0603249344948511
0.271363580659618	0.119848172354898	0.115487216371207	0.20850658683776	0.0930193704665529	0.0109048343596467	0.00337576996745376	0.0304386583620743	0.102425692939412	0.071987034577338
0.3180406346457	0.115121928008729	0.099814832647392	0.174147667716568	0.0743328350691763	0.0305533462551745	0.00375891562937262	0.0648143247343718	0.13423003719843	0.0694157124640587
0.152711578799757	0.0843540235907988	0.0386564948065673	0.11466650225996	0.0760100074533929	0.00408177352715461	0.00217577249518612	0.00413263138747913	0.0529172529640055	0.0487846215765264
0.223100645489048	0.104692037632331	0.0633994001589855	0.124591760965865	0.0611923608068799	0.0132821696536048	0.00295182368487064	0.0242066499096475	0.0578062998817556	0.0335996499721081
0.0848041237596134	0.0596792626638391	0.00984743092405577	0.0489673848436604	0.0391199539196046	0.00214391663145214	0.00144171158661874	0.000744894192424657	0.0220409510433049	0.0212960568508803
0.202158340861509	0.0876567620985497	0.0486744423813276	0.0969672612694616	0.048292818888134	0.0115495833636118	0.00332793747844616	0.019372322834747	0.0839134208475907	0.0645410980128437
0.0980484669556868	0.0876466192527001	0.0111080339729094	0.0843297951786005	0.0732217612056911	0.00126613588239501	0.00261577466393295	0.000209374796483671	0.044156000232097	0.0439466254356134
0.122946862113075	0.0688171627876985	0.0180255702935303	0.0534783288710108	0.0354527585774804	0.00408833062322926	0.00211495103507843	0.00309577402518455	0.0376856720814733	0.0345898980562888
0.177192192305873	0.116399128324988	0.0437086608195805	0.15504279577254	0.11133413495296	0.00587902207027475	0.00327179650250127	0.00692877881447439	0.0892262875056501	0.0822975086911757
0.0918340253873356	0.0788578951477355	0.0128682543314119	0.0738393901275558	0.0609711357961439	0.00103226436916935	0.00160893918736577	0.000295835345169173	0.0186256592670653	0.0183298239218961
0.120726414988712	0.07396422462169	0.0174943684011041	0.0649612439998513	0.0474668755987473	0.0036789666201572	0.00145573123124624	0.00188953222502652	0.0208541845563807	0.0189646523313542
0.201844716360618	0.0917679498656278	0.0692510336888203	0.130577203441366	0.0613261697525461	0.00998602184114849	0.00232088203506711	0.0217792468391016	0.059703558541551	0.0379243117024494
0.218092807331294	0.0924433615946387	0.0488431202826974	0.110233287133525	0.0613901668508274	0.0130720461443762	0.00281752890986875	0.0139192689424162	0.0640546397230773	0.0501353707806612
0.152180990071311	0.102952412811318	0.0358553158590789	0.140304558730675	0.104449242871596	0.00415736203933551	0.00217686516985477	0.00468853912564883	0.0521364820070348	0.047447942881386
0.193064044550745	0.109415795588593	0.0481913221798268	0.139560141214009	0.0913688190341817	0.00583293957627439	0.00265969472286416	0.005613373958578	0.0530602306958758	0.0474468567372978
0.242872746219998	0.0924104144727918	0.0687048565735884	0.0883419413055494	0.019637084731961	0.00945004691116584	0.00299752011723678	0.0148914057905251	0.0466419014805402	0.0317504956900151
0.195444646106332	0.0737391931253338	0.0312916195808935	0.0580235020463195	0.0267318824654259	0.0133839279492421	0.00210591509417545	0.012918672706587	0.0312801892305866	0.0183615165239996
0.178090845990265	0.108440949173003	0.0575514504919619	0.171017964948847	0.113466514456885	0.00710496032066645	0.00412902528722988	0.0180563802430174	0.157158311177639	0.139101930934622
0.068383335897205	0.0641915481308687	0.0070589157853003	0.0560536167736055	0.0489947009883052	0.00245805545530621	0.00152810414644253	0.00125804358731941	0.0230756374924514	0.021817593905132
0.178763347290548	0.0975215313763816	0.0338915471782354	0.114041100682877	0.0801495535046417	0.00705896805697593	0.00317424175444497	0.00413196605178551	0.0683919116649786	0.0642599456131931
0.185290478829747	0.075803702068771	0.0391318186972571	0.0698136685511911	0.030681849853934	0.0106429703575123	0.00195566962803754	0.015417950711818	0.0332770589002797	0.0178591081884617
0.0714427273276394	0.0561006001213821	0.00585437141835044	0.0367035698661685	0.030849198447818	-0.000372079533513042	0.000824313344298052	2.2289712263712e-05	0.00520501955813968	0.00518272984587597
0.132059822940985	0.0838587149425958	0.0291532063485358	0.100150407674451	0.0709972013259148	0.00467195440454316	0.00228302643865214	0.00520775912781446	0.0546378844209609	0.0494301252931465
0.187840496906929	0.0823842080542594	0.0437291948076943	0.082787023028632	0.0390578282209376	0.0120924708394851	0.0020416845376926	0.011435002038411	0.0282636078364469	0.0168286057980359
0.188792201967756	0.112367183425553	0.0494977685619797	0.12920612876294	0.0797083602009606	0.00496192701981994	0.00313415187339721	0.00526782036112174	0.0519901335738176	0.0467223132126958
0.157361609146451	0.105321921110869	0.0410109280783812	0.145712901993142	0.10470197391476	0.00530326119707854	0.00384067514464898	0.007260909883254	0.104258148150131	0.0969972382668768
0.1507318186571	0.0995386446329732	0.0246864255931756	0.0983291920316413	0.0736427664384656	0.004849787873574	0.00298607531055891	0.00311073162663315	0.0482548076786047	0.0451440760519715
0.19277143325599	0.0955033920542124	0.0347532874235499	0.102406136792725	0.0676528493691755	0.0120982145740573	0.00260900658170095	0.0130877219210179	0.057555081814814	0.0444673598937961
0.263789497110706	0.116859212798885	0.0785381480582638	0.152129836812482	0.0735916887542185	0.0190307530547204	0.00457122752785087	0.033465928155345	0.110056654846835	0.0765907266914904
0.111286885713335	0.0993638055513084	0.0129504456825626	0.098387597318532	0.0854371516359694	0.00461313012512951	0.00347347788584793	0.00216509657800771	0.0683071483304508	0.0661420517524431
0.125135933753076	0.0860969325013388	0.027553765284985	0.116071921368602	0.0885181560836167	0.00585402769334518	0.00239899138625228	0.00744345501460745	0.0597328415299115	0.052289386515304
0.275793012410238	0.11570216341145	0.0830264844192256	0.14127495438692	0.0582484699676948	0.0100693658306899	0.0033579568486878	0.0143953146326229	0.0660567420366885	0.0516614274040656
0.0725215819933277	0.0509361799242947	0.00660913461485397	0.0352946068263118	0.0286854722114579	0.00107817394070114	0.000570778750462718	0.000193655956123429	0.0047966905049735	0.00460303454885007
0.222767320804908	0.0999299149145689	0.06195116455352	0.118915183165025	0.0569640186115047	0.00950554814457544	0.00234987068242789	0.0143828422808466	0.0447348481080264	0.0303520058271798
0.178573538906328	0.0910095902469466	0.0290609562323022	0.0692924849934112	0.040231528761109	0.0101318320647134	0.002495720825955	0.0101168941448583	0.0296357089955839	0.0195188148507255
0.0980497540877047	0.0691502324034082	0.0134173415672879	0.0558030435589615	0.0423857019916736	0.00236292645583948	0.00129084761654741	0.00139367815163691	0.0145569508342598	0.0131632726826228
0.16005891312218	0.0983236236389515	0.0317323152311342	0.113911923007004	0.0821796077758698	0.00440756660553011	0.00248270117883174	0.0033615147007594	0.0457299270851268	0.0423684123843674
0.115116467105006	0.0875511738163391	0.0233633370673632	0.0998972418173099	0.0765339047499468	0.00319717497646659	0.00290306441840816	0.00285452945894973	0.058377647711538	0.0555231182525882
0.154448159821889	0.0914711654290685	0.0340343092649959	0.0910462743774407	0.0570119651124448	0.00399475779768558	0.0022071872571452	0.00351515465319722	0.0296683818080423	0.026153227154845
0.196895837319574	0.106613029291041	0.0508192619867941	0.137334155353646	0.0865148933668517	0.00648064781768579	0.00311530460961181	0.00786245002039678	0.0698562432300484	0.0619937932096516
0.138080168205265	0.0767100283976819	0.0312288743739145	0.0911029559987188	0.0598740816248043	0.0054757240902639	0.0016027508733988	0.00918981268664715	0.0452054778741588	0.0360156651875117
0.220244790361826	0.107142270035199	0.0789473361762242	0.138621189686207	0.0596738535099825	0.00974404057893481	0.00303808833942441	0.026267178008615	0.057283353315807	0.0310161753071921
0.220661632561998	0.100963749346856	0.0707566919835363	0.12420880441179	0.0534521124282535	0.00707655721684675	0.00206321512262863	0.0116598797339148	0.0360868482146897	0.024426968480775
0.0664117423725815	0.049219345540966	0.00708101884310724	0.0336223353637674	0.0265413165206601	0.00332541829815999	0.0015433102999612	0.00283904766947974	0.0201738784614917	0.0173348307920119
0.238689505978422	0.123619534123763	0.0825318697538017	0.195089427837013	0.112557558083212	0.0102238180601691	0.00414860195317768	0.0220722968375578	0.119669487509926	0.0975971906723679
0.14181888001557	0.091996904074289	0.0234051254216847	0.0803046158141113	0.0568994903924266	0.0059709603486191	0.00293511903233004	0.00628492072462225	0.0476094749840804	0.0413245542594581
0.203358254501814	0.116573725648616	0.041246529942421	0.118523519403246	0.077276989460825	0.0118257959959053	0.00411190937437855	0.018357674369748	0.0809788447127632	0.0626211703430153
