LR_coefficients_null_raster	LR_coefficients_Elevation_16_k10_R	LR_R2_null_raster	LR_R2_Elevation_16_k10_R	LR_Q_Elevation_16_k10_R
12.8444289730404	11.8834186828329	0.457755035200626	0.330245178996824	-0.127509856203801
11.3068923229244	9.26558982535987	0.56403223492274	0.319237363642014	-0.244794871280726
11.3137015006771	9.19776921849315	0.556756623137721	0.310149538021196	-0.246607085116525
11.4112380133804	9.30067615941906	0.538283939151114	0.301387406903419	-0.236896532247695
10.5759174091681	7.92911180211781	0.551372424341178	0.261221059046838	-0.29015136529434
12.3532777969738	10.5183571092214	0.535310235390383	0.327104950297079	-0.208205285093304
11.8302798365862	9.87264930499489	0.551518952695063	0.323733757945732	-0.22778519474933
11.1707049058195	8.9655399045375	0.546548321797723	0.296736154507595	-0.249812167290128
11.0450808804823	8.65485810810462	0.569591984130407	0.294778723828233	-0.274813260302174
12.1913196828853	10.5302063941569	0.504656506638359	0.31733528666862	-0.187321219969739
11.5532104392452	9.33846413370962	0.548438658014078	0.302011697037666	-0.246426960976412
11.2172971163406	9.04165334221956	0.55490340924167	0.303869291038874	-0.251034118202796
11.8933178422095	10.0960075180913	0.53209960510847	0.323173973875707	-0.208925631232763
12.3032081093794	10.6118186564284	0.520434501707557	0.326331608137766	-0.194102893569791
11.4718547222236	9.53871009682916	0.545029240725254	0.317601092158224	-0.22742814856703
11.0179910870616	8.91229112295324	0.562518401251501	0.310213569607801	-0.2523048316437
10.8583698149261	8.65043816290652	0.571019379230583	0.305455510138409	-0.265563869092175
10.98979853105	8.8201388885656	0.538634017824592	0.292425557256804	-0.246208460567787
10.9431841371741	8.33919594374849	0.563907790657522	0.276006429807731	-0.287901360849791
13.3528087682099	12.2377127892903	0.41794542259012	0.29588639000177	-0.12205903258835
11.2283337674451	8.87388588800047	0.554100062318216	0.291699317378324	-0.262400744939892
10.9201998626205	8.31103658691241	0.565259304107657	0.27596060977172	-0.289298694335937
11.1962688764847	8.74750529915951	0.557762191292493	0.286959775058192	-0.270802416234301
11.0230439688681	8.77359458836573	0.57179598508314	0.305311602844751	-0.26648438223839
10.8675587296037	8.62363289097716	0.569199097832445	0.302086205358986	-0.26711289247346
11.7431755858546	9.83616323749346	0.547495203575334	0.323750782418846	-0.223744421156489
11.3913212043122	9.3453471378268	0.566794458339085	0.321527732423303	-0.245266725915783
11.7351723246097	9.70565685212658	0.551574714620237	0.317998764995354	-0.233575949624883
11.6545465422634	9.67405289432733	0.537996995251413	0.312432472844584	-0.225564522406829
13.8644745617927	13.1075775368766	0.389935729001805	0.293752270977199	-0.0961834580246065
11.3154387354039	9.30583308822069	0.543846334927699	0.310023125401934	-0.233823209525766
11.3388736423845	9.1089034671879	0.559236454044283	0.304185146308752	-0.255051307735531
10.8082969310031	8.11988724466711	0.561204506697049	0.266966503962717	-0.294238002734331
11.3558807862506	9.21747946263254	0.55909126045015	0.310467091692555	-0.248624168757595
12.2020685348236	10.4793692518091	0.509233261140891	0.316570390034115	-0.192662871106776
11.2625587636646	8.98894765608969	0.568971698911203	0.305481130923704	-0.263490567987499
12.178681276061	10.5069052274485	0.500946313135278	0.314260970037985	-0.186685343097293
12.4624687640158	10.7936983027005	0.482344035885989	0.304957598451774	-0.177386437434215
11.0746118818489	8.75363038688788	0.557774768427401	0.293716542057378	-0.264058226370023
11.2096596445342	8.9224652697642	0.571082018527468	0.304953433346451	-0.266128585181017
11.3215591473852	9.3223792084753	0.550438512340607	0.314557485469343	-0.235881026871264
12.0212249468828	10.4064936696889	0.514065809538375	0.324698500303238	-0.189367309235137
11.5080322458848	9.4884104042039	0.533293070893485	0.30556308404321	-0.227729986850275
11.1875197655249	9.07867415835112	0.560358603917572	0.311023664288112	-0.249334939629459
10.8938513557588	8.33676741792931	0.567740456213957	0.28024152345297	-0.287498932760986
10.9040132591547	8.46397979125425	0.561548641490702	0.285176698290132	-0.27637194320057
11.7470287334828	9.72701957849165	0.531990051692497	0.307437748454006	-0.224552303238491
10.8094601708256	8.42834140331101	0.567574006280176	0.290836484378659	-0.276737521901518
11.0322651268806	8.70694421389977	0.557315384638282	0.292585862232699	-0.264729522405583
11.677222139279	9.70784854349462	0.550075286705016	0.320434446208339	-0.229640840496678
11.5079037000787	9.45226566213512	0.537081727464292	0.305400637722633	-0.231681089741659
13.0455892936328	12.0127388926353	0.43434112104201	0.310411484770556	-0.123929636271453
10.7007972548106	8.36973929202711	0.559369960418518	0.288430306444909	-0.270939653973609
11.5344505779126	9.22468597992348	0.54504029285727	0.293824582975112	-0.251215709882158
12.9051458783541	11.5844474572491	0.471523989816884	0.320242352332929	-0.151281637483955
11.0419687931216	8.57497487575342	0.565013175801594	0.287198005207682	-0.277815170593912
11.6405862319994	9.38575487665747	0.542873800537467	0.297466288995042	-0.245407511542425
12.2811725993616	10.7586622355787	0.488070152386601	0.31569615166203	-0.17237400072457
11.1234153439963	8.90171329046646	0.565630625611869	0.30531910074625	-0.260311524865619
10.9694413937815	8.37579378055968	0.565508049307947	0.277889335767353	-0.287618713540594
11.0261732325432	8.83435845249526	0.563315028961683	0.304790839878183	-0.2585241890835
12.5061761268033	11.0698938670116	0.483438988087808	0.319249089282117	-0.164189898805691
10.6899809608701	8.30820781486179	0.566552453175641	0.288437103080231	-0.27811535009541
11.7506764274559	9.45396557138835	0.545068949549338	0.297374621612816	-0.247694327936522
12.1788524439642	10.4062727827235	0.518405278011649	0.319004824418116	-0.199400453593533
11.5577963507478	9.92531945699438	0.537220101384006	0.333919151683732	-0.203300949700274
10.3555118972745	7.58165541041723	0.552490270859916	0.249608710118133	-0.302881560741783
11.7129879163166	9.73373053030693	0.538891811391768	0.313671451710678	-0.22522035968109
11.3334332849362	9.09245211946572	0.558330173215379	0.302886781996603	-0.255443391218775
11.6953471377084	9.78786996783295	0.529631798828146	0.31266146776464	-0.216970331063506
10.6532266101598	8.06578306000888	0.54594575298478	0.263773035473277	-0.282172717511502
12.3605664767836	10.9084574123627	0.521601305132528	0.342403947516869	-0.179197357615659
11.8798234626753	10.3624483466809	0.523022991271129	0.33540978304273	-0.187613208228399
11.2650353405892	9.04668861366739	0.551190572453903	0.299616764652436	-0.251573807801467
11.8385986614755	10.2203355514798	0.520846073068224	0.327181899711735	-0.193664173356489
10.2708299023229	7.40167486261512	0.531182390601268	0.232510604263806	-0.298671786337462
12.0278022081212	10.1651274374027	0.532912800174774	0.320818507148141	-0.212094293026633
12.0943387969002	10.4695432805923	0.508583721842463	0.321220926394952	-0.187362795447512
11.16316475735	8.8078800593485	0.565893747461566	0.296929380616423	-0.268964366845142
11.4662938400964	9.35968631865602	0.535969810886079	0.301000310914584	-0.234969499971495
11.4290918876533	9.37880447552493	0.555377048770647	0.315216981224883	-0.240160067545763
11.5219072212709	9.12105543172639	0.5527489522155	0.29195743031508	-0.26079152190042
11.9142470094888	10.0647043229238	0.528326605553246	0.317776286527281	-0.210550319025965
11.7079495336999	9.97867557563152	0.560432954834933	0.343129414887562	-0.21730353994737
14.0653473315385	13.4944391291945	0.389483088174743	0.302167340179769	-0.087315747994974
12.8870901690375	11.7256417109947	0.429210302735699	0.299491020151901	-0.129719282583799
10.7783290017269	8.14778898095625	0.563701075247884	0.271503666293487	-0.292197408954397
11.5683306951401	9.70308386674346	0.540123602060433	0.320273862605759	-0.219849739454674
10.98293579828	8.48969849714676	0.562711165678898	0.283389228527249	-0.279321937151649
12.6864178832721	11.5981482898039	0.454345661709479	0.320063268874564	-0.134282392834915
11.6613978031743	9.66615310107168	0.539475259846843	0.312412076001468	-0.227063183845374
13.1509721623702	11.9127041784416	0.437678658924028	0.302698682524507	-0.134979976399521
12.0858252224173	10.48032321482	0.520894747583492	0.330139032644577	-0.190755714938915
10.6085402930902	7.88416410810722	0.55731718100133	0.259449384150186	-0.297867796851144
11.2914928336011	9.20352603346717	0.568106762473019	0.31811627224654	-0.249990490226478
11.4825125302446	9.44780016016875	0.547945505283711	0.312661978513053	-0.235283526770658
10.9641447320276	8.68763883499752	0.566697121444617	0.299885291207895	-0.266811830236722
11.5986185136923	9.58763468877106	0.553300038934863	0.318655405441074	-0.234644633493789
11.7572507336037	9.86335483900848	0.529170839572686	0.313894582760105	-0.215276256812581
13.0277529222349	12.1292738586455	0.421482359818071	0.307935771436585	-0.113546588381486
