LR_coefficients_null_raster	LR_coefficients_Elevation_16_k10_R	LR_R2_null_raster	LR_R2_Elevation_16_k10_R	LR_Q_Elevation_16_k10_R
31.2941331899273	26.1672769585209	0.133338215724332	0.163467035533753	0.0301288198094213
37.0047249825128	27.2801987652212	0.154077069941294	0.146826024683519	-0.00725104525777506
22.4149052402642	18.9518413526656	0.11845490813894	0.148479467958753	0.0300245598198129
55.4321607413109	34.0700977223712	0.154118495224258	0.102085070578491	-0.052033424645766
16.4388006878206	17.576969691453	0.0795080317845547	0.159383394463269	0.0798753626787146
28.7352599063993	21.3780249701908	0.16291616940456	0.158107845554345	-0.00480832385021437
33.2340286844437	24.8140261765233	0.140935750829485	0.137763445318753	-0.0031723055107323
17.0257648213479	18.4866955159084	0.0829162356890301	0.171407262269042	0.0884910265800117
30.2589186387543	24.8616196292252	0.150915984928905	0.178637075289296	0.0277210903603916
22.5436055874351	20.2135030624912	0.0817314926534754	0.115215305614408	0.0334838129609323
103.965995776478	54.4875149742652	0.136499748895413	0.0657396737196898	-0.0707600751757233
55.7403248568905	35.969194104487	0.180859772762966	0.132053140463316	-0.0488066322996498
36.7050611984598	27.4041694465799	0.159130535356177	0.155531812444335	-0.00359872291184221
45.8823829042864	33.2669828934434	0.157983567809192	0.145623393017344	-0.0123601747918479
34.5619161454291	26.4884582667533	0.144823614679827	0.149156247371013	0.00433263269118522
26.2218322322169	23.1826764825358	0.127285042811678	0.174446701444991	0.0471616586333135
37.2250740995435	26.741801818506	0.126934585513968	0.114861500944918	-0.0120730845690503
43.5885871804654	30.49694255672	0.145310028541508	0.124723113975174	-0.0205869145663348
50.4340293637807	32.8171252531128	0.168626411634088	0.125188273225007	-0.0434381384090812
16.6733842790995	18.2774299327636	0.0519989116812525	0.10956234629212	0.0575634346108676
36.1614927606437	25.5454298359625	0.177443745111477	0.155266850370792	-0.0221768947406848
44.6317792795726	32.7881702678719	0.13898898996222	0.131525720340531	-0.00746326962168908
38.564585583903	30.6113892300522	0.122312326341545	0.135127367396141	0.0128150410545954
41.0127862697905	28.2411642293475	0.160532030711693	0.133466620322299	-0.027065410389394
23.6390632592836	21.2807702915048	0.116913457319758	0.166135703764596	0.049222246444838
40.3888412823555	27.6284185869383	0.141948644215628	0.116467522154398	-0.0254811220612297
26.9616884693832	23.2941644190195	0.133098402003098	0.174203657775656	0.0411052557725588
22.8745505577131	21.9095365763927	0.108843588052396	0.175084791072533	0.0662412030201371
46.7802896588488	31.4019861145719	0.143271072052424	0.113196040115616	-0.0300750319368083
43.0115268771022	29.8575064905912	0.141189860157115	0.119295810917185	-0.02189404923993
40.1488237986219	27.9747416449469	0.168018343727981	0.143030133123894	-0.0249882106040874
58.5504563147125	35.3760034521601	0.149791059702328	0.0958798169301388	-0.053911242772189
26.6552911313219	21.4059776753005	0.138889563884066	0.157056970210016	0.0181674063259497
43.1393789328964	29.4158960207065	0.153973469099382	0.125529735967573	-0.0284437331318089
29.1137324640378	24.0584022833997	0.127606124979706	0.152789542490091	0.0251834175103857
12.9424218928839	16.533540419097	0.0524033496999449	0.14994914770947	0.0975457980095248
38.4920571542127	29.4804512196302	0.151328681293522	0.15564370879481	0.0043150275012879
21.6590218851963	20.092565989455	0.109380903096087	0.165051305753328	0.0556704026572409
28.9255770617764	24.124919965206	0.148830897742195	0.181528630137454	0.0326977323952592
17.4956146224642	19.166462189379	0.0840345349557735	0.17683476536216	0.0928002304063866
19.8060160880895	19.6876465320307	0.0967740394715854	0.167662736908975	0.0708886974373895
23.5544399268746	21.156448415275	0.110495369025768	0.15630338301871	0.0458080139929416
60.7569381120041	34.3562902961412	0.179681303664213	0.100741398000672	-0.0789399056635413
50.5769476240121	32.7467871892272	0.140175206791874	0.10303569307925	-0.0371395137126234
75.3554723772095	44.8086331093267	0.144924856961528	0.0898506055097516	-0.055074251451776
8.22522916320367	14.152988549583	0.0273513966084584	0.141992085258575	0.114640688650117
37.8114701635868	27.0188684726656	0.144516019949447	0.129386063444126	-0.0151299565053204
43.709071095309	31.4231824268386	0.121840873922153	0.110416630147451	-0.0114242437747022
33.0723831096569	24.1525024154955	0.140713744431113	0.131587342610034	-0.00912640182107935
21.263608525993	20.6193580800285	0.0755508763327311	0.124566189706894	0.0490153133741627
41.5135661556219	27.4014146500499	0.14736972453048	0.112579284222298	-0.0347904403081827
27.3139103827882	23.9065690061981	0.12556825393733	0.168667315903694	0.0430990619663639
65.6094554577644	41.0911618340235	0.155220942559476	0.106757555834833	-0.048463386724643
46.4892929678231	29.3053822439149	0.165256060771366	0.115141157875913	-0.0501149028954539
12.5992647978233	18.2013571680908	0.0337605626140588	0.123541006389968	0.0897804437759094
108.513853997954	58.4414844900307	0.141596631151596	0.0720127414235251	-0.069583889728071
3.35918159426231	12.4661050679115	0.00523282919262795	0.126361709519715	0.121128880327087
43.1451438643388	30.0808197949871	0.132672941492331	0.113079056605259	-0.0195938848870718
65.401994946925	39.6665475671914	0.140675902283815	0.0907341666696835	-0.0499417356141315
56.0861582812057	40.0679629279474	0.165266886916868	0.147894949271398	-0.0173719376454702
30.1017450307102	23.0732537013327	0.12565470349518	0.129448617144496	0.00379391364931672
55.0646541624988	34.7861999983901	0.162205681865439	0.11350592365121	-0.048699758214229
39.8337880989765	30.175993396778	0.126636580177458	0.127427577898232	0.000790997720774178
24.5946885165173	23.1449631731389	0.108104891500383	0.167864933138857	0.0597600416384733
39.0104316018476	26.3553686735804	0.133784237815952	0.107069543053222	-0.0267146947627301
39.0882024343284	27.415730844906	0.149195813998771	0.128691311457366	-0.0205045025414048
24.770694838348	21.5699436568044	0.132908363062692	0.176708842332174	0.0438004792694815
27.0787777602891	22.7606367503699	0.119757570255543	0.148353566014624	0.028595995759081
61.5561391205336	35.0259978640256	0.153636941720521	0.0872204399141989	-0.066416501806322
76.0757815812855	42.7784888472172	0.141408476090586	0.0784003150697749	-0.0630081610208116
42.9666464399269	29.3044821481625	0.131992218290685	0.107655897489161	-0.0243363208015248
29.2074237728496	24.363771378969	0.120227808596579	0.146687053735443	0.0264592451388647
16.5985821692334	19.7114150892248	0.047493498221832	0.117438935291486	0.0699454370696537
26.6439739466396	22.7189394595341	0.117209455607384	0.1494256246435	0.0322161690361165
18.4569016619105	19.0778892469191	0.0885158089277823	0.16582431783872	0.0773085089109377
51.2884870504649	35.1578142996013	0.149578289040103	0.123241464533086	-0.0263368245070177
71.589588480219	41.3287462279798	0.137547355023315	0.0803787593878843	-0.0571685956354304
37.0304720701945	26.8358788450378	0.142558154902019	0.131277264131506	-0.0112808907705129
69.7148713406961	39.1838124479263	0.162910529679234	0.0902393559823259	-0.0726711736969083
79.7567643710333	44.7882432128834	0.147685439068163	0.0816610618237717	-0.0660243772443915
23.6176296911169	21.4177757074394	0.131800802821969	0.190054649830438	0.0582538470084689
33.006049284346	25.3814023858674	0.1299251335879	0.134716761164108	0.00479162757620827
11.2561342229256	15.0964357243205	0.0502468289856886	0.158475931581312	0.108229102595623
35.4686375767562	27.5827966831941	0.138590040516679	0.146961623694861	0.00837158317818276
43.8495115276968	29.7206265358944	0.130991323746368	0.105514771485922	-0.0254765522604454
60.8646127399998	37.2926933181512	0.186789333421503	0.122957260840428	-0.0638320725810745
38.7948667106382	27.335899057654	0.136371304140095	0.118720445821341	-0.0176508583187546
35.1178162661843	25.4173540295097	0.148008838392746	0.135949507463613	-0.0120593309291338
55.5488230175364	33.2082719326206	0.161547851093951	0.101234453830644	-0.0603133972633076
36.4299781895759	26.9984222147102	0.152021407960281	0.146402344451055	-0.00561906350922556
7.96553671311752	16.1457322580109	0.0258322902112666	0.186094120761592	0.160261830550325
36.427475297373	25.6669409167107	0.154296775810295	0.134317085236064	-0.019979690574231
15.6924492835822	18.3043640044539	0.0792880043375475	0.189155787138002	0.109867782800455
22.1914886375356	16.5175668735118	0.0923429141882445	0.0897030434099576	-0.00263987077828691
17.2906643600759	19.5281738267096	0.0890238006288879	0.199108759261082	0.110084958632194
12.9215443431553	15.4989425235655	0.0640867425610698	0.161669396370062	0.0975826538089918
98.3798452948946	52.9322865274047	0.14870982560215	0.0754836742249178	-0.0732261513772321
21.3669668808398	22.9623448445978	0.0550844701880601	0.111547597873626	0.0564631276855658
25.0028501472528	21.1526730343012	0.113561107987412	0.142516591224322	0.02895548323691
53.9243852938936	34.0014330232634	0.139538081374905	0.0972749719173343	-0.0422631094575709
