Pearson_correlation_null_raster	Pearson_correlation_Elevation_16_k10_R	Pearson_correlation_difference_Elevation_16_k10_R
0.320709798269458	0.324299997967523	0.00359019969806512
0.320709798269458	0.324299997967523	0.00359019969806512
0.320709798269458	0.324299997967523	0.00359019969806512
0.320709798269458	0.324299997967523	0.00359019969806512
0.320709798269458	0.324299997967523	0.00359019969806512
0.320709798269458	0.324299997967523	0.00359019969806512
0.320709798269458	0.324299997967523	0.00359019969806512
0.320709798269458	0.324299997967523	0.00359019969806512
0.320709798269458	0.324299997967523	0.00359019969806512
0.320709798269458	0.324299997967523	0.00359019969806512
0.320709798269458	0.324299997967523	0.00359019969806512
0.320709798269458	0.324299997967523	0.00359019969806512
0.320709798269458	0.324299997967523	0.00359019969806512
0.320709798269458	0.324299997967523	0.00359019969806512
0.320709798269458	0.324299997967523	0.00359019969806512
0.320709798269458	0.324299997967523	0.00359019969806512
0.320709798269458	0.324299997967523	0.00359019969806512
0.320709798269458	0.324299997967523	0.00359019969806512
0.320709798269458	0.324299997967523	0.00359019969806512
0.320709798269458	0.324299997967523	0.00359019969806512
0.320709798269458	0.324299997967523	0.00359019969806512
0.320709798269458	0.324299997967523	0.00359019969806512
0.320709798269458	0.324299997967523	0.00359019969806512
0.320709798269458	0.324299997967523	0.00359019969806512
0.320709798269458	0.324299997967523	0.00359019969806512
0.320709798269458	0.324299997967523	0.00359019969806512
0.320709798269458	0.324299997967523	0.00359019969806512
0.320709798269458	0.324299997967523	0.00359019969806512
0.320709798269458	0.324299997967523	0.00359019969806512
0.320709798269458	0.324299997967523	0.00359019969806512
0.320709798269458	0.324299997967523	0.00359019969806512
0.320709798269458	0.324299997967523	0.00359019969806512
0.320709798269458	0.324299997967523	0.00359019969806512
0.320709798269458	0.324299997967523	0.00359019969806512
0.320709798269458	0.324299997967523	0.00359019969806512
0.320709798269458	0.324299997967523	0.00359019969806512
0.320709798269458	0.324299997967523	0.00359019969806512
0.320709798269458	0.324299997967523	0.00359019969806512
0.320709798269458	0.324299997967523	0.00359019969806512
0.320709798269458	0.324299997967523	0.00359019969806512
0.320709798269458	0.324299997967523	0.00359019969806512
0.320709798269458	0.324299997967523	0.00359019969806512
0.320709798269458	0.324299997967523	0.00359019969806512
0.320709798269458	0.324299997967523	0.00359019969806512
0.320709798269458	0.324299997967523	0.00359019969806512
0.320709798269458	0.324299997967523	0.00359019969806512
0.320709798269458	0.324299997967523	0.00359019969806512
0.320709798269458	0.324299997967523	0.00359019969806512
0.320709798269458	0.324299997967523	0.00359019969806512
0.320709798269458	0.324299997967523	0.00359019969806512
0.320709798269458	0.324299997967523	0.00359019969806512
0.320709798269458	0.324299997967523	0.00359019969806512
0.320709798269458	0.324299997967523	0.00359019969806512
0.320709798269458	0.324299997967523	0.00359019969806512
0.320709798269458	0.324299997967523	0.00359019969806512
0.320709798269458	0.324299997967523	0.00359019969806512
0.320709798269458	0.324299997967523	0.00359019969806512
0.320709798269458	0.324299997967523	0.00359019969806512
0.320709798269458	0.324299997967523	0.00359019969806512
0.320709798269458	0.324299997967523	0.00359019969806512
0.320709798269458	0.324299997967523	0.00359019969806512
0.320709798269458	0.324299997967523	0.00359019969806512
0.320709798269458	0.324299997967523	0.00359019969806512
0.320709798269458	0.324299997967523	0.00359019969806512
0.320709798269458	0.324299997967523	0.00359019969806512
0.320709798269458	0.324299997967523	0.00359019969806512
0.320709798269458	0.324299997967523	0.00359019969806512
0.320709798269458	0.324299997967523	0.00359019969806512
0.320709798269458	0.324299997967523	0.00359019969806512
0.320709798269458	0.324299997967523	0.00359019969806512
0.320709798269458	0.324299997967523	0.00359019969806512
0.320709798269458	0.324299997967523	0.00359019969806512
0.320709798269458	0.324299997967523	0.00359019969806512
0.320709798269458	0.324299997967523	0.00359019969806512
0.320709798269458	0.324299997967523	0.00359019969806512
0.320709798269458	0.324299997967523	0.00359019969806512
0.320709798269458	0.324299997967523	0.00359019969806512
0.320709798269458	0.324299997967523	0.00359019969806512
0.320709798269458	0.324299997967523	0.00359019969806512
0.320709798269458	0.324299997967523	0.00359019969806512
0.320709798269458	0.324299997967523	0.00359019969806512
0.320709798269458	0.324299997967523	0.00359019969806512
0.320709798269458	0.324299997967523	0.00359019969806512
0.320709798269458	0.324299997967523	0.00359019969806512
0.320709798269458	0.324299997967523	0.00359019969806512
0.320709798269458	0.324299997967523	0.00359019969806512
0.320709798269458	0.324299997967523	0.00359019969806512
0.320709798269458	0.324299997967523	0.00359019969806512
0.320709798269458	0.324299997967523	0.00359019969806512
0.320709798269458	0.324299997967523	0.00359019969806512
0.320709798269458	0.324299997967523	0.00359019969806512
0.320709798269458	0.324299997967523	0.00359019969806512
0.320709798269458	0.324299997967523	0.00359019969806512
0.320709798269458	0.324299997967523	0.00359019969806512
0.320709798269458	0.324299997967523	0.00359019969806512
0.320709798269458	0.324299997967523	0.00359019969806512
0.320709798269458	0.324299997967523	0.00359019969806512
0.320709798269458	0.324299997967523	0.00359019969806512
0.320709798269458	0.324299997967523	0.00359019969806512
0.320709798269458	0.324299997967523	0.00359019969806512
