LR1_coefficients_null_raster	LR1_coefficients_Elevation_16_k10_R	LR1_R2_null_raster	LR1_R2_Elevation_16_k10_R	LR1_Q_Elevation_16_k10_R	LR2_coefficients_null_raster	LR2_coefficients_Elevation_16_k10_R	LR2_R2_null_raster	LR2_R2_Elevation_16_k10_R	LR2_Q_Elevation_16_k10_R
2.12344755338034	0.435377594657061	0.137577750217461	0.112492289490306	-0.0250854607271549	4.3879133389655	0.271025128254966	0.1029082758346	0.108007652803425	0.00509937696882519
2.04604523236319	0.400413165189059	0.132942126962515	0.100537972256004	-0.0324041547065103	4.13680542994222	0.24583995415755	0.0978500052055209	0.0961762098931738	-0.0016737953123471
2.16418588681469	0.411074135580786	0.129800175879621	0.0971820155078438	-0.0326181603717774	4.27274717851776	0.228988970745176	0.0920563488566377	0.0857649967935067	-0.00629135206313101
1.93825019550373	0.411984491389502	0.116188996394773	0.102407343402949	-0.0137816529918242	3.59066448467204	0.26680271871791	0.0773927923419575	0.112935712507853	0.0355429201658951
1.78734960485829	0.359784668942543	0.10774748357353	0.0801918327126596	-0.0275556508608699	3.489860228321	0.222298461645248	0.0787845636316319	0.0785346761557287	-0.000249887475903196
1.83154190560301	0.350617112732075	0.104394175275278	0.0752293158130952	-0.0291648594621825	3.16509958519955	0.194063616588354	0.0680564494006902	0.0656853121095358	-0.00237113729115442
1.86977847658989	0.366258134097453	0.107570159808665	0.0763181214406158	-0.0312520383680488	3.29838430738945	0.216326046157756	0.0695050539773905	0.0693079848647652	-0.000197069112625348
1.77356030891576	0.366190470727592	0.108640214250477	0.0839529602284579	-0.0246872540220191	3.13015701429593	0.227803205199057	0.0698523295437249	0.0841140930511551	0.0142617635074302
2.08852717063061	0.399343922785676	0.137888697461378	0.103603907726438	-0.0342847897349406	3.90482364812628	0.228004748277402	0.0951924384372531	0.0910402039436072	-0.00415223449364582
2.01818889456352	0.343688364311637	0.116563347585301	0.0683666315151939	-0.0481967160701071	3.43559205348892	0.178574358988727	0.0701377015692493	0.0503759831348925	-0.0197617184343567
1.99009720064613	0.409127680133686	0.133365898111473	0.104895488707979	-0.0284704094034947	3.49733736153344	0.247033045228189	0.0929249322400154	0.101001316106665	0.00807638386664923
1.93744577717918	0.369996590762285	0.121959185363943	0.0867717046811502	-0.0351874806827925	3.78701980815419	0.206304350218775	0.0860654391164729	0.07117874994417	-0.0148866891723029
1.992264654631	0.404100367395636	0.118882521877741	0.0887671970622408	-0.0301153248155001	3.60389708557148	0.240503634167442	0.074184722812183	0.0765927109790401	0.00240798816685715
2.17871304569839	0.422237699271379	0.142935340536009	0.107405559774089	-0.0355297807619199	4.19215436342219	0.248054249454096	0.0965090248575016	0.0956159787608247	-0.000893046096676897
1.9209654053178	0.360279125629791	0.114254250195208	0.0802239131774594	-0.034030337017749	3.63680781123869	0.21392354211568	0.0831687239936237	0.0785997133204511	-0.00456901067317261
1.9313275515367	0.359911101334902	0.112935624226263	0.0784523117065805	-0.0344833125196824	3.86036801468474	0.225901784724797	0.0856501990684415	0.0786969499684223	-0.00695324910001922
2.08233754903872	0.356834223040028	0.121242895323142	0.0707917156139045	-0.0504511797092375	3.83506957178903	0.210892873987662	0.0895153108074064	0.071945318674446	-0.0175699921329604
2.05783124725765	0.393505093555529	0.130090280473802	0.0882632478983129	-0.0418270325754894	3.83295007199677	0.231354734844751	0.0957265914037266	0.0807739853492441	-0.0149526060544825
2.21880197811606	0.44038992970576	0.156165792817933	0.111651332224189	-0.0445144605937444	4.19448524149512	0.263296916841009	0.114772088071511	0.102545644319548	-0.0122264437519625
1.78135605929342	0.356912008038617	0.108731497377857	0.0833350813163675	-0.0253964160614897	3.47904493358101	0.210640570137208	0.0728744841992135	0.0717831267510602	-0.00109135744815331
1.98705894188826	0.337032720636792	0.107071496124808	0.0588236164455242	-0.0482478796792842	3.80934304082134	0.187843750571027	0.0777974371606743	0.0475193348080767	-0.0302781023525976
1.97220071910387	0.370994993451705	0.128227589680664	0.0879235333563961	-0.040304056324268	4.01608716674786	0.229406336724211	0.0924530161504193	0.0824399058344064	-0.0100131103160129
1.95316251414845	0.3535403293735	0.111265480637861	0.0750883528992923	-0.0361771277385685	3.79206256485084	0.218520963285489	0.0862235987526499	0.0808799059532709	-0.00534369279937902
2.00085633016343	0.386268713304829	0.122003561583398	0.0927047686936764	-0.0292987928897213	3.57854474284009	0.227691837426096	0.0816842364614072	0.0907175793791175	0.00903334291771031
2.12157732671826	0.409299881058653	0.136897625614886	0.100243660654808	-0.0366539649600778	3.69374480391275	0.230494348733316	0.0863532428207401	0.085698229355815	-0.00065501346492508
2.23926250568679	0.429436118516062	0.136857491261129	0.105444338019191	-0.0314131532419372	4.64672720308818	0.254984583647843	0.103144108261395	0.0996620885294667	-0.00348201973192812
2.08775605968847	0.413785048170829	0.133392838458758	0.10337679810185	-0.0300160403569083	3.8533461594457	0.244658584120494	0.089930589577085	0.0952076652845991	0.0052770757075141
1.75917638335759	0.361190367268685	0.0884868811546741	0.0762804000362675	-0.0122064811184066	3.08478352750215	0.219678501257898	0.0622557444981449	0.0852299666038902	0.0229742221057453
2.3654430833612	0.460437330107433	0.153574775869927	0.127061316817152	-0.0265134590527751	5.20859095638131	0.280221243601147	0.122990192783658	0.125757889983925	0.0027676972002669
2.44402007619736	0.462698845295764	0.189156504190699	0.130902261143422	-0.0582542430472773	5.08739692316694	0.272500915416722	0.142354805056234	0.114319605853989	-0.0280351992022458
2.01774751945285	0.361936498005139	0.124296866316263	0.0752516792415021	-0.049045187074761	3.86508244650048	0.224420320778437	0.0918694374320045	0.0713245523989821	-0.0205448850330224
1.35561155555435	0.389456118768242	0.0835277223595719	0.0926060164957312	0.00907829413615928	0.797105358038949	0.253521648030589	0.0161924651142122	0.0977828920295347	0.0815904269153225
1.93294838894526	0.376653686568151	0.0994544309680977	0.077052186500274	-0.0224022444678236	3.69220988237809	0.223143767097056	0.0717341401892497	0.0760277557334448	0.00429361554419505
1.99767796880823	0.41560570499834	0.128095947879905	0.103399436062293	-0.0246965118176126	3.87034530957457	0.255659342649432	0.0872268583864892	0.0959585368508983	0.00873167846440913
2.06621381019569	0.384041507601319	0.124043345671448	0.081957294449056	-0.0420860512223922	4.05921278031596	0.230297191926611	0.0920587056743742	0.0743681211133339	-0.0176905845610403
1.90625003697948	0.367813286275437	0.112934980907765	0.0821972009159971	-0.0307377799917675	3.48889185401887	0.210137593941491	0.0769066792027887	0.0745923240362094	-0.00231435516657928
2.02001867215063	0.399631630873149	0.129372040239177	0.101258120873049	-0.0281139193661276	3.98792888189187	0.237084931260643	0.0935853216957505	0.0934969790021259	-8.83426936245796e-05
2.11649035798692	0.416922201978163	0.133770264481839	0.100552063469973	-0.0332182010118663	3.88833462639516	0.256685252045574	0.0942155476644051	0.0999960042557212	0.00578045659131605
2.32923006613132	0.469841955047935	0.159754953787297	0.135491986264569	-0.0242629675227279	4.74894118666929	0.280575007136913	0.12378105368978	0.136455475411207	0.0126744217214271
2.00328038632211	0.362536158170498	0.129018980144413	0.0842326103028659	-0.0447863698415468	4.35295792965153	0.197989163474043	0.102484243996883	0.065826608391314	-0.0366576356055695
1.94062907684557	0.34596369983605	0.122558216858464	0.0791780182617227	-0.0433801985967413	4.46917086029281	0.207266600183815	0.105792051840627	0.0743110732983574	-0.0314809785422694
1.74276790594311	0.34953668189964	0.0959176512762492	0.0683573181924027	-0.0275603330838465	2.7628023680447	0.21391050264348	0.0605531097888535	0.0674339783355168	0.0068808685466633
1.96292300606133	0.39630917026293	0.127009801204296	0.10205266440878	-0.0249571367955156	3.46879994026038	0.223184929027439	0.0780965354230371	0.0865791124559937	0.00848257703295667
1.87824292299486	0.397489263183526	0.116612391855917	0.102294871087856	-0.0143175207680617	3.32400798445605	0.220607762848077	0.0721849008365242	0.0846328524172367	0.0124479515807125
1.81039083474505	0.37039101642462	0.105130397843355	0.0865779017597435	-0.018552496083612	3.31075630600834	0.218910907409667	0.0662651468880251	0.0778597307702642	0.0115945838822391
1.82771098794733	0.334174671269839	0.107703278066432	0.0738103733298455	-0.0338929047365865	3.60836200063727	0.189918192214242	0.0777811435621054	0.0656869199425131	-0.0120942236195922
1.83474480369597	0.370541538404106	0.109310258760139	0.0797502752301312	-0.0295599835300074	3.55231101045907	0.218022798206844	0.0757782831772957	0.0675954549201216	-0.0081828282571741
2.35346027264499	0.426977085473732	0.162319619828258	0.109572116461833	-0.0527475033664256	4.80405705887709	0.239708751700826	0.118881311457578	0.0938670171731435	-0.0250142942844346
2.16627617541408	0.43908942742533	0.132945129797337	0.118227015224013	-0.0147181145733242	4.99592502673227	0.276951639292842	0.108162960380158	0.122321504317452	0.0141585439372941
1.57357756350222	0.278956582559117	0.0802175665865877	0.0502365849978709	-0.0299809815887168	3.22775860209279	0.151830034292615	0.0593376203942255	0.0393473870893445	-0.0199902333048811
2.25652617788114	0.413659519261283	0.151819321993766	0.100810671313516	-0.0510086506802504	4.29941695688943	0.238871343316754	0.103065609880323	0.0880165903207133	-0.0150490195596094
1.90107098001199	0.395375627907494	0.123621915601606	0.0985465889139634	-0.0250753266876422	2.88331068795044	0.235207852342164	0.0661190957509043	0.0902779646539362	0.0241588689030319
2.01375261314135	0.411992196643016	0.127314025962596	0.105106213672459	-0.0222078122901376	3.84872555302024	0.238983895279696	0.0880994429565356	0.0942150671195758	0.00611562416304026
1.71882527739411	0.350513693839709	0.091752959823947	0.0728938765958858	-0.0188590832280612	3.31330803885806	0.210807978085391	0.06477295567469	0.0705723171016175	0.00579936142692752
1.74214283301117	0.299130961910656	0.0928804406326252	0.0553168509923215	-0.0375635896403037	3.60346863901265	0.165722978861924	0.0740542874356827	0.0468952152393416	-0.0271590721963411
1.96777059428718	0.421223369946152	0.126757578113322	0.108588241278929	-0.0181693368343932	3.85834338796054	0.250067908143138	0.0873761936208142	0.0958418654865941	0.00846567186577993
2.02277683193228	0.377680837434254	0.127247495020046	0.0883449043187874	-0.0389025907012583	3.93014169983784	0.204995250880571	0.0901414850119661	0.0717173007388945	-0.0184241842730716
2.16527218938826	0.420298042849772	0.143117116491248	0.116601521633482	-0.0265155948577665	4.97625695841901	0.247786657573285	0.113797247915945	0.105821577336083	-0.00797567057986222
2.03214953457095	0.373796548284443	0.116061176220298	0.0799846869691484	-0.03607648925115	3.53726875657006	0.218627878930203	0.0760333434575769	0.0781152263183701	0.00208188286079328
2.15095304305716	0.402860477414045	0.132759479453396	0.098900712068628	-0.0338587673847678	4.5831551909946	0.230154288759036	0.0980234229675604	0.0874693573223224	-0.0105540656452381
1.77931671238508	0.368488687095488	0.105190414623122	0.0865381782421803	-0.0186522363809415	3.6334141582771	0.23229544542657	0.0758402461358645	0.0862579413744212	0.0104176952385567
1.90909003548886	0.344332689990407	0.108683043475802	0.0718012573530068	-0.0368817861227951	3.48010878420728	0.201468664690446	0.0742509410996039	0.067965897099501	-0.00628504400010296
2.0002953504026	0.360106627575865	0.116935802881839	0.07428094832556	-0.0426548545562789	3.88984662302995	0.207111079204772	0.0831744096903124	0.0650507628970268	-0.0181236467932856
1.82937246735176	0.365833987102556	0.110912672879932	0.0896084167217033	-0.0213042561582287	3.35536554559747	0.218754925882594	0.0696532773899942	0.0797263934754903	0.0100731160854961
1.78607726382918	0.337009184049925	0.097068270918229	0.067828149431061	-0.029240121487168	3.4121173718545	0.190155759434888	0.0709704439038017	0.0596004735577595	-0.0113699703460422
2.10822763245978	0.413560258159535	0.146824919186614	0.111024422347441	-0.0358004968391726	4.90888887304487	0.264878969017181	0.120972744735594	0.108245771525325	-0.012726973210269
1.88691675300701	0.367752927548681	0.113566146844238	0.0850015056611464	-0.0285646411830921	3.91622843991541	0.218036883622086	0.0842588320105526	0.0810335010748968	-0.00322533093565584
1.78239641571514	0.33745728369254	0.102397775283822	0.072094398074491	-0.0303033772093309	3.61488366785111	0.20956210907078	0.0755134659289635	0.0701987806064419	-0.00531468532252163
2.19815930044761	0.432984156138261	0.137305043660902	0.10506875022053	-0.0322362934403713	3.88044168271004	0.254050024028111	0.0877952746288604	0.0998614181491184	0.012066143520258
1.94460728804354	0.409118918698093	0.120978649256714	0.102406501496109	-0.0185721477606056	3.84681293234007	0.252064106875799	0.0885402425220672	0.100756023139717	0.0122157806176501
1.6641118126677	0.31830377107713	0.0917208637356224	0.0665226907728209	-0.0251981729628015	3.05147714617666	0.180577779418863	0.0580132376190105	0.0559778101258243	-0.00203542749318612
1.8147398794457	0.315711957057254	0.103148277950396	0.0618389217862221	-0.0413093561641737	2.98097203118585	0.162050759872475	0.0616022964837044	0.0449413325313905	-0.0166609639523139
2.15920871776019	0.442078961802062	0.1520945991063	0.123803536504491	-0.0282910626018085	4.61550017914609	0.265692060469223	0.116494362862755	0.113232154415611	-0.0032622084471438
2.02208159484358	0.392256453373312	0.129119856775467	0.0966118645794692	-0.0325079921959976	3.95358105396269	0.214032842527589	0.0900858110019988	0.0773832228679007	-0.0127025881340981
2.38444671677223	0.483419008663391	0.186580560856672	0.145839777981861	-0.0407407828748106	4.32483604236501	0.288275198318735	0.119557984028065	0.128317520297102	0.0087595362690373
1.99704941216373	0.431172655999737	0.123598106299264	0.103928549742874	-0.0196695565563892	3.36718274169466	0.257359316253782	0.0740952525526988	0.0950806859389019	0.020985433386203
1.94316429961402	0.384753488749137	0.12042841814973	0.100630637701438	-0.0197977804482929	4.03211310721047	0.224053895198135	0.0893057403819671	0.0963992208962643	0.00709348051429719
1.9340279766959	0.382224790449856	0.117871873507616	0.0951453327101089	-0.0227265407975074	3.42534962496628	0.212698779260781	0.0756633804514567	0.0831646903231287	0.00750130987167195
2.07358816169572	0.349784985952056	0.132590268097287	0.0759784088370767	-0.0566118592602107	3.62562414184855	0.191742933735469	0.0883952360381834	0.0635158366969475	-0.0248793993412359
1.93163394528417	0.377145999397821	0.114408176663954	0.0874510294001061	-0.0269571472638482	3.72349100199447	0.224905942165153	0.0778285939015617	0.0852867910454964	0.00745819714393466
2.21273438696073	0.444346157650171	0.144185965232127	0.125543688863544	-0.0186422763685828	4.76164709280873	0.2630596937464	0.102026962828708	0.112991800820798	0.0109648379920907
1.94226099732702	0.343825991471779	0.112630268718085	0.0719550284274952	-0.0406752402905898	3.88704441951798	0.203210034884803	0.0855621153506088	0.0666123130665945	-0.0189498022840143
1.93542467526808	0.386941073734422	0.121826079015191	0.0967652390247281	-0.0250608399904633	3.86708096741157	0.236820113058923	0.0848267948409583	0.0891212554019088	0.00429446056095047
2.08081729533716	0.401089202471991	0.127340680067176	0.0931285765606437	-0.0342121035065323	3.84488505414398	0.231198141662136	0.0855760054893672	0.0825968872173133	-0.00297911827205395
1.94042887415599	0.404561678173741	0.120289329832423	0.0972210108704523	-0.0230683189619712	3.57121645964562	0.24509110223503	0.0771694907860433	0.0871278230486881	0.00995833226264474
1.87028557115151	0.361079357036483	0.119703410493566	0.084581079515212	-0.0351223309783539	3.49548007639564	0.213501448031619	0.0828315049784798	0.0777243454993859	-0.0051071594790939
1.55847222278119	0.310827227781494	0.0800546441591242	0.0599448062867311	-0.0201098378723931	3.22197286925195	0.208867913094088	0.0687757077594212	0.0707284164674583	0.00195270870803702
1.80791735355125	0.362655527420392	0.100411711302169	0.0778403882920519	-0.0225713230101166	3.41624999925497	0.221560905882336	0.0693149706017367	0.0770426315723838	0.00772766097064705
1.74877660307623	0.351779808631929	0.102754701055069	0.0770588533649156	-0.0256958476901537	3.16456179318081	0.22338595965865	0.062369639328603	0.0710203022220452	0.00865066289344223
1.99372058056763	0.40053712233118	0.125353001272071	0.090423233946631	-0.0349297673254397	3.93949863323204	0.244873680563838	0.0953115243479749	0.0874931637171059	-0.00781836063086898
2.00109396366947	0.349722929399136	0.115847041517765	0.0734724046017716	-0.0423746369159937	4.03538019184415	0.211839227901758	0.0894694418972791	0.0741037419002745	-0.0153656999970046
2.37002718557379	0.446311589197522	0.151250449373614	0.117041911254583	-0.034208538119031	5.19923172126208	0.254061713734313	0.123095780765829	0.10768512229354	-0.0154106584722886
2.16919920507174	0.448924094931806	0.138860116792705	0.118738769394111	-0.020121347398594	4.69762251098967	0.290521333169665	0.104851204153677	0.120286008931989	0.0154348047783122
2.07303286195235	0.397066948009465	0.129673684748083	0.0909273171239401	-0.0387463676241433	3.71954047883746	0.248931645815008	0.0904142447696654	0.0936852250799183	0.00327098031025291
1.90108019840153	0.399070301217246	0.109928349792439	0.0951417134190187	-0.01478663637342	3.62478030728735	0.249143178319353	0.0735397136648227	0.093542698302197	0.0200029846373743
2.19258975484261	0.437716572661031	0.136636320009805	0.107843784292591	-0.0287925357172145	4.00645811513337	0.245398829061802	0.0898935458092566	0.0921833153247241	0.00228976951546751
1.87611199331097	0.332422614513641	0.108689480019261	0.064868935241201	-0.0438205447780601	3.80658314315741	0.191392824942486	0.0809309141252933	0.0551347801915229	-0.0257961339337704
2.20095893026776	0.422294629061217	0.143092698202195	0.107212469470698	-0.0358802287314967	4.46665366026814	0.253311378856069	0.107346451572031	0.105177731236386	-0.00216872033564453
1.99969003802734	0.38059679708395	0.126444471075401	0.0853929936767272	-0.0410514773986737	3.41403471679512	0.217383910015159	0.076511440408462	0.0693134659413218	-0.0071979744671402
2.08906662126462	0.401523778010054	0.134183290898228	0.103195124482545	-0.0309881664156831	3.9799058226938	0.241425543746701	0.0964006938387654	0.101902272415547	0.00550157857678184
