LR1_coefficients_null_raster	LR1_coefficients_Elevation_16_k10_R	LR1_R2_null_raster	LR1_R2_Elevation_16_k10_R	LR1_Q_Elevation_16_k10_R	LR2_coefficients_null_raster	LR2_coefficients_Elevation_16_k10_R	LR2_R2_null_raster	LR2_R2_Elevation_16_k10_R	LR2_Q_Elevation_16_k10_R
3.73639473582061	1.15179763631479	0.070269939708208	0.130702671327833	0.0604327316196255	3.23349652747224	0.44763909269737	0.0259015172315362	0.0862804405020645	0.0603789232705284
2.27179476707375	0.98921477273788	0.0391287440291217	0.0924493159011467	0.0533205718720249	1.37283577189175	0.355558438289124	0.0076869722510968	0.0608193429439909	0.0531323706928941
5.06675736851136	1.35809792587006	0.116368081736572	0.138400546718092	0.0220324649815199	5.07792485834408	0.401152411600928	0.0539906106770253	0.0793319150966729	0.0253413044196476
3.45138107133719	0.817597387652843	0.0299596900294813	0.0247804951279404	-0.00517919490154092	1.94170100947205	0.170125002519235	0.00589021206843808	0.00632127832929676	0.000431066260858685
3.5127776615769	0.873558816058863	0.0654527196941518	0.079413966331371	0.0139612466372192	3.31492350557472	0.280112456808772	0.0253303217776347	0.0421507482309647	0.0168204264533301
5.94728550947833	1.15427094791666	0.114204159509884	0.0814931501535033	-0.0327110093563806	7.57249504861886	0.366072901905486	0.0788824494071466	0.0478646948168913	-0.0310177545902553
4.75989809896818	1.35987147514967	0.11212171860924	0.200625325039851	0.0885036064306103	6.12699422138102	0.423376965515066	0.0620012788943729	0.116946101240479	0.0549448223461057
4.1686715830526	1.13784537526914	0.065233080096195	0.104552027410774	0.0393189473145788	4.01018510435471	0.275540520259389	0.0243303688612703	0.0379863653305828	0.0136559964693125
2.85693348870919	0.786865062152523	0.0499889261794633	0.100271131889561	0.0502822057100978	2.35939400097199	0.118084717346802	0.020461291160732	0.034824313737419	0.0143630225766869
1.77555044439127	0.574994966322013	0.0572624109320459	0.0779549918788877	0.0206925809468418	0.425756604629929	0.0525922432222971	0.00801886414479461	0.0137819877861605	0.00576312364136588
5.77432194227053	1.33536664235358	0.109678170084305	0.109435252901679	-0.000242917182626076	5.48839963961446	0.329331751299106	0.0457796577950149	0.0435613224451851	-0.00221833534982979
3.13333275037734	1.23782080250965	0.0672044797807945	0.179944205832742	0.112739726051947	2.54240369521962	0.383077134317696	0.025609043041591	0.119713575764741	0.0941045327231502
4.8720337059666	1.37247123712224	0.0849275514227178	0.123166597922091	0.0382390464993732	4.25653287204598	0.500608938481497	0.0385516294855748	0.0933799726587717	0.054828343173197
1.88471901052032	0.741215159289987	0.0132104009978813	0.0356951924252052	0.022484791427324	1.0721110663782	0.200525152824962	0.00212171843995413	0.0149196558195158	0.0127979373795616
3.6300136192353	1.12279257005512	0.0762151972996271	0.137497885032446	0.061282687732819	4.1143043415262	0.399750049981657	0.0406118429103034	0.101024687767045	0.0604128448567412
4.71235875461958	1.15196903872135	0.0731065592923546	0.072317946451047	-0.000788612841307587	4.72799816829698	0.275256585764749	0.0304481848887234	0.025204631711649	-0.00524355317707439
2.47232272228502	1.08589915825398	0.0410163583340888	0.125916679886707	0.0849003215526186	1.66539225553745	0.442697558780593	0.0089526375704913	0.101617605173833	0.092664967603342
3.96123743736531	0.995611056101644	0.056256956475196	0.0655270946141496	0.00927013813895357	2.61914973292891	0.289587253357008	0.0157031185079424	0.0318926798770755	0.0161895613691331
2.8882594602141	0.810719361651192	0.0612923882051011	0.0748345722889524	0.0135421840838513	2.27015465214209	0.256401336542278	0.0210478015721303	0.0453036291273	0.0242558275551697
3.36801919564181	1.0891058704056	0.0578873986359449	0.145097438463031	0.0872100398270861	3.63990298188221	0.377264494191037	0.0256626846650591	0.110967983890445	0.085305299225386
4.85877805392347	1.28368896966543	0.0961781719283144	0.124427091361472	0.0282489194331571	5.49852155451186	0.378776113604237	0.051800304042403	0.0728804522736549	0.0210801482312519
2.52937689563631	1.35077301196905	0.0460343601942519	0.158179554096986	0.112145193902734	1.79382232596606	0.407752843234964	0.0148365298941683	0.0941325864445927	0.0792960565504243
3.84963022253524	1.03696691630127	0.054233036600249	0.0619731007629249	0.00774006416267585	3.6428558873795	0.301064164100554	0.0231050596729708	0.0320276095552114	0.00892254988224054
6.52367533430419	1.53583728141314	0.0734885195478688	0.0740252615902581	0.000536742042389363	6.139876773655	0.48481421585958	0.0324812710867238	0.0351440935556975	0.00266282246897374
1.99685705869785	0.973497171390456	0.0262702082936848	0.114520616407576	0.0882504081138914	1.49737851306502	0.351156516573525	0.00793582129911327	0.0769291850255263	0.0689933637264131
6.05467843241262	1.42854070984298	0.13294045265636	0.137531515820253	0.00459106316389279	5.94564811397362	0.417794273540326	0.0678166477065982	0.0781539659965644	0.0103373182899661
4.45644896643933	1.18654993354823	0.0633588395370361	0.0782587632579538	0.0148999237209178	4.54738845288107	0.354524672007067	0.0328767236965335	0.0447708748722095	0.011894151175676
3.10449815961186	1.03238214331779	0.0556478487110575	0.109927287852757	0.0542794391417	2.98800497027952	0.283318045879941	0.0221542091405346	0.0479558045176486	0.025801595377114
5.44256756300601	1.1972464228475	0.120556103558733	0.120035871896943	-0.000520231661790715	5.77925047179869	0.335831576228294	0.067157740664411	0.075530282109486	0.00837254144507497
6.30185170533703	1.33753552238177	0.176834000546332	0.159907913183634	-0.016926087362698	6.77182034295901	0.402192572258585	0.100043795137921	0.0987008914802651	-0.00134290365765612
6.11802738226257	1.12022911544152	0.133482561375556	0.0992462601668293	-0.0342363012087267	10.2404986025969	0.345889951603105	0.126063686536442	0.0711528557302257	-0.0549108308062164
2.37801945123229	1.17140021620587	0.0408461347268998	0.170355495807728	0.129509361080828	1.58158150764738	0.417124258983681	0.00847708006560905	0.113648752784401	0.105171672718792
4.03170980103114	1.46026651734126	0.093854511141563	0.209476670545235	0.115622159403672	3.98356983239064	0.53484473513955	0.0377969253388616	0.157123848011133	0.119326922672271
2.03276973213199	0.615640956930973	0.0218135522741979	0.0382548675161173	0.0164413152419194	1.98697923605424	0.243231518092608	0.011318733040426	0.0336818724818066	0.0223631394413806
1.74933210928409	0.732053476328442	0.0314933815829252	0.0886788656430031	0.0571854840600779	0.375813085091524	0.112862178762456	0.000956991488046042	0.0173205705433987	0.0163635790553526
2.64945379404651	1.22129954798214	0.042459477024256	0.167248626667684	0.124789149643428	2.35702684272371	0.490161650992677	0.0159851502851827	0.13817955979293	0.122194409507748
4.56403162596122	1.38264789931954	0.091095951020069	0.138393246184509	0.0472972951644402	4.55844180996546	0.486713274863285	0.0448578248930659	0.101946945701404	0.0570891208083378
3.82919986307601	1.30610308550461	0.0698051010723659	0.130559611328634	0.0607545102562686	3.02531014346942	0.402889648817235	0.020888351682082	0.070927135368488	0.050038783686406
3.92423288657317	1.49395353777818	0.0429944828191904	0.112005707511255	0.0690112246920649	3.60293022535454	0.475759843939003	0.014679641514669	0.0637643297055749	0.049084688190906
2.83053093766519	0.673937982265026	0.0484584960964911	0.0617344255229626	0.0132759294264714	2.30339111176368	0.175830523050061	0.0152624303146521	0.0239498210283078	0.00868739071365567
4.08802822709435	1.29493554902725	0.0453778964682223	0.0770183954744141	0.0316404990061918	3.25808382574381	0.350069461741239	0.0130322946207151	0.0326062532610717	0.0195739586403566
4.93444575298415	1.56945357974012	0.0917541418012171	0.170911791173158	0.079157649371941	5.25535591060044	0.500179847723668	0.0524319736564577	0.122490160853841	0.0700581871973832
2.32017151862134	1.07909210191847	0.0267780450206627	0.102251580445332	0.0754735354246693	2.18150530508023	0.354338035662919	0.0103234690114328	0.061088142737311	0.0507646737258782
3.36232983414388	1.0413903945591	0.0501715403056441	0.0897452138090672	0.039573673503423	1.89796261605978	0.290142931961481	0.0139202115641497	0.0624578693065779	0.0485376577424282
2.63712665277874	1.12365894625124	0.0419751411565897	0.115762215769631	0.0737870746130418	2.24359868512892	0.354287857020317	0.0160277078150595	0.0799772692031811	0.0639495613881216
5.13957620176636	0.793482510649191	0.0636773344770263	0.0236477554874482	-0.0400295789895781	5.13812000550444	0.19648406113809	0.0338802824664258	0.00814312459563761	-0.0257371578707882
2.59458517048848	0.530403596773369	0.0372443017380091	0.0296604638940661	-0.00758383784394298	2.16109666581692	0.138564799505729	0.0201188045651755	0.0156079559116928	-0.00451084865348263
3.80436949748553	1.21997621776252	0.0868237541932886	0.108300928642741	0.0214771744494522	2.16349091691665	0.410158332594351	0.0187503546369836	0.0701145334860163	0.0513641788490327
5.41388541890285	1.74631127344295	0.0821316461487227	0.180170272629185	0.0980386264804628	5.73313055994225	0.674661582739581	0.0432299467614962	0.143428323959519	0.100198377198023
2.19061620599493	1.15939581035745	0.0103732324293476	0.0632771096771635	0.052903877247816	2.79031428059324	0.400181097354157	0.00650357407529791	0.0454620308651874	0.0389584567898894
4.77091726626272	1.64048244057631	0.0727296167870443	0.106292572651243	0.0335629558641991	3.25554568529173	0.509535057700998	0.025501891046727	0.0666802802130173	0.0411783891662904
6.07416334060496	1.217918639475	0.147218403980311	0.107543802177314	-0.0396746018029971	5.88234805374808	0.301716239570946	0.0639586406142551	0.0437097694184193	-0.0202488711958358
3.58757148727801	1.09280028922599	0.0996427795718441	0.118587165812557	0.0189443862407132	2.80304062068552	0.314475215001386	0.0350181400662134	0.0605676345578497	0.0255494944916364
6.06478235175913	1.28283163744962	0.167075770002858	0.145097577370894	-0.0219781926319643	7.50708756259885	0.351624209983458	0.105758858126725	0.0760388426711923	-0.029720015455533
4.86413881942383	0.961891035930396	0.11353110904972	0.0846239178017656	-0.0289071912479548	5.35494138691215	0.270206266006286	0.0549989005058602	0.0374083501621705	-0.0175905503436897
2.5360879890345	1.24679116013292	0.0426636190237255	0.127287359276921	0.0846237402531959	1.62760847822908	0.351237988269713	0.00854182893696817	0.0560095023530903	0.0474676734161221
3.5714555639351	1.02710009214014	0.0729093789438795	0.110759837711109	0.0378504587672297	3.42436660313715	0.316729656338264	0.0256769607388159	0.0665072438690959	0.04083028313028
4.091208157972	1.1001920162721	0.105215802449398	0.147307601546339	0.0420917990969414	4.8897189801754	0.312202570746685	0.0504053613844093	0.0695454573505285	0.0191400959661192
6.1909182087015	1.49111131875834	0.152526945084983	0.172838169422076	0.0203112243370929	7.17396046707073	0.541944229387426	0.0852835230182524	0.121015576522597	0.0357320535043442
5.17654750584116	1.12968005604419	0.0882468629337163	0.071604175902862	-0.0166426870308543	4.20018840319505	0.284950867647892	0.0273751578707622	0.0284636624612316	0.00108850459046944
5.39163373449512	1.15710824233579	0.147620504764073	0.124702638691096	-0.0229178660729771	7.14721410888602	0.299877699270293	0.0889351282265453	0.0550189977888367	-0.0339161304377086
6.84683578837132	1.37345249202221	0.135168096880337	0.0902135077482763	-0.0449545891320605	8.20691581443586	0.394653797337069	0.0766460592419692	0.0446851921830028	-0.0319608670589664
2.1002890746294	1.13881813612769	0.0336951678883076	0.134810049749823	0.101114881861515	1.24634970142064	0.369873769991367	0.00662856534460152	0.0924630608977294	0.0858344955531279
4.94696110554328	1.18124353167148	0.117709734390396	0.127691879037644	0.00998214464724825	5.98821733869274	0.365466055351373	0.0614513842562232	0.0776334730651475	0.0161820888089243
3.78957884438361	1.11261403940356	0.0925692337968194	0.126828567642599	0.0342593338457797	2.76878669636266	0.386374850175569	0.0314016876866667	0.0802567778882972	0.0488550902016304
3.96645195139181	1.19622870594586	0.0822558147522074	0.166486388893571	0.0842305741413637	4.8588444172943	0.447719968638809	0.0435999713334848	0.127804835764688	0.0842048644312032
5.06677110239655	1.37813968790717	0.0599196375683119	0.0797697028318263	0.0198500652635144	4.8660984367098	0.393827952475074	0.0257952570211416	0.042262710659213	0.0164674536380714
3.63561179557391	1.67789059490295	0.0504451895153968	0.192106097423752	0.141660907908355	3.28460309912032	0.634949072307438	0.0183794875328941	0.150969970514406	0.132590482981512
3.73918349164524	1.02977873115925	0.0550508583694899	0.0662245381785199	0.0111736798090299	3.56724794139882	0.332833383682003	0.0257966988232466	0.040795204726919	0.0149985059036723
2.47626250456369	1.10399950454066	0.0484734919393751	0.161758791392787	0.113285299453412	1.69291718388403	0.366324044284642	0.00949709318330366	0.0931563195540952	0.0836592263707915
4.52503380128244	1.26855212512231	0.0997649140922745	0.12528490923218	0.0255199951399058	4.24408396391315	0.362812814426959	0.0428577451873749	0.0596576552068989	0.016799910019524
2.20367353400771	0.941674829313014	0.0426203050023463	0.114546223978443	0.0719259189760963	1.90185922588056	0.312178413243602	0.0141146823964255	0.0681428609237132	0.0540281785272877
3.00556258043782	1.05264191981857	0.0595356770269016	0.125639427698442	0.0661037506715407	2.58286066281105	0.440049616967373	0.0235163509677759	0.108788438443963	0.0852720874761869
4.29226524048841	1.00889812241823	0.086546395819108	0.0837320980084729	-0.00281429781063515	5.64179140714458	0.247720562520167	0.0465991732446443	0.0298714521951323	-0.016727721049512
6.56226862935978	1.59963256444074	0.189256880843021	0.209028824627856	0.0197719437848349	7.88526767035548	0.46832559597072	0.110865930642046	0.111268737036351	0.000402806394305344
8.01346992499344	1.67763202746936	0.176518022269386	0.176960911853664	0.000442889584278627	10.0751051603364	0.474536834671236	0.134198335482789	0.105578264567038	-0.0286200709157516
3.35979797138589	1.48947497732229	0.0477513794539345	0.179399511531331	0.131648132077396	2.28291301817719	0.498397201011396	0.0109906185178458	0.104056871533398	0.0930662530155521
3.47755848016707	1.21429667276862	0.0868336551127992	0.163203318427743	0.0763696633149434	3.23960306095579	0.378631769471806	0.032292555361838	0.0959877734659008	0.0636952181040628
6.74586944173207	1.66228063268396	0.113582516723615	0.114420262502624	0.000837745779009108	7.0257649148113	0.56829574650286	0.0621838058012041	0.0683593851236637	0.00617557932245956
6.05596990943447	1.06786270497658	0.0641815996311633	0.039514183534648	-0.0246674160965153	6.26543812646159	0.211239753186954	0.030579192830266	0.00953495704682819	-0.0210442357834378
5.42246635047964	0.9471010588387	0.0729675601291801	0.0402603727994295	-0.0327071873297506	5.89919249735472	0.276323097083416	0.0386054408392743	0.023064790525287	-0.0155406503139873
3.8125786750027	1.48973852573549	0.0606092030097215	0.166857541534424	0.106248338524703	3.62881401357594	0.494119021522863	0.0243574357407076	0.108721700882334	0.0843642651416264
2.97249469170489	1.0613373513666	0.0626284840649667	0.132930832816552	0.0703023487515852	2.93699776836943	0.344817417222865	0.0231096570355383	0.082296108344373	0.0591864513088346
4.46691415490111	1.34483000736465	0.070549944227796	0.12401657576279	0.0534666315349944	4.04609014372192	0.397733471936252	0.0292506227828298	0.0657893264762256	0.0365387036933958
2.60409180751547	1.00197568745538	0.043028723779048	0.0897914504160925	0.0467627266370445	1.58411622173801	0.279248404545664	0.00880421622307584	0.0446045742807103	0.0358003580576345
3.02768433922639	0.772567767792233	0.0456208915333168	0.0478107447767856	0.00218985324346881	1.59992167131324	0.199190099128353	0.00704695130549301	0.01810355851134	0.011056607205847
2.86482160204613	1.17858221414119	0.0539764579641909	0.162620704566154	0.108644246601963	2.47359150451205	0.373746339262387	0.0171837808727723	0.0981185186075071	0.0809347377347348
4.33695260260747	1.13946664561368	0.0850407808539485	0.0980614761529557	0.0130206952990072	3.65319918679618	0.405651496872483	0.0273485210604931	0.0566533746274583	0.0293048535669652
10.1123718476064	1.30526237844802	0.133647502651269	0.054049895825236	-0.0795976068260334	14.0866257291296	0.412135792522021	0.104256794612546	0.0308486845944865	-0.0734081100180595
3.25815074828695	1.19455865824252	0.068724536823608	0.153593222406623	0.0848686855830151	3.73760599634696	0.511844622834644	0.031488984008315	0.130340935081071	0.0988519510727556
4.04727322708091	1.29067008175893	0.0991041011815005	0.1941158474514	0.0950117462698997	3.96302539761033	0.420630962586764	0.0364650345711932	0.117153329477776	0.0806882949065824
3.74495178234928	1.14337129335005	0.0862309386199612	0.123849759783119	0.037618821163158	3.78512120624967	0.343809699998051	0.0367394402486218	0.0664015505581972	0.0296621103095754
3.69917392735169	1.24720292407105	0.0660546628833256	0.124860930017536	0.0588062671342107	3.04632699702182	0.365106234293663	0.0225813313703451	0.065776602328902	0.0431952709585568
3.66499023421417	1.14704947069286	0.0567335436513387	0.0937246649664361	0.0369911213150974	3.0371531118438	0.35102263554371	0.015584470423849	0.0457341880271076	0.0301497176032586
5.23816429725591	1.78692142788441	0.116610941309221	0.202870966363792	0.0862600250545705	5.39995367995347	0.586418983716214	0.0592469892164613	0.13468320806207	0.0754362188456084
4.58015049093411	1.53481422812824	0.116016100271767	0.219444432502544	0.103428332230778	4.27920916132387	0.48444592948567	0.0435516333515757	0.122430224948336	0.0788785915967603
2.4245909453731	0.822796184329407	0.0490488003429813	0.109150365237435	0.0601015648944537	1.48112877199118	0.156441365819677	0.0110305665427867	0.0454464292347289	0.0344158626919422
5.59767784912618	1.08272315988383	0.0930849173737378	0.0637536994883894	-0.0293312178853484	6.69624200474656	0.268394018975683	0.0512435601021755	0.0267011936076647	-0.0245423664945108
5.767669333831	1.01888525383561	0.106806413791511	0.0706317236630807	-0.0361746901284306	6.25646310345917	0.244187298868491	0.0642030680516878	0.0285869322372738	-0.035616135814414
6.22404395380615	1.41193257719149	0.0573744076515135	0.0714478908491982	0.0140734831976848	5.2882858257618	0.330323372150576	0.0182165825654643	0.0266726498206971	0.00845606725523272
