LR_coefficients_null_raster	LR_coefficients_Elevation_16_k10_R	LR_R2_null_raster	LR_R2_Elevation_16_k10_R	LR_Q_Elevation_16_k10_R
0.509296956839824	10.3162109515054	0.000115741503094293	0.0766541838686358	0.0765384423655415
2.83146978651658	12.4170145133675	0.00300595949299674	0.0933129943282911	0.0903070348352944
1.44013402286358	18.248439528083	0.000808302401439224	0.209492261910259	0.20868395950882
5.48072138253607	13.6113539052817	0.0106800639464927	0.106328465199041	0.0956484012525485
0.220463997273532	9.77507090413581	2.59091497658118e-05	0.0822178476108927	0.0821919384611269
3.14844805837343	13.3598911992798	0.00461075250186777	0.134008712861086	0.129397960359218
-0.258525356290446	3.65540796142288	1.36915797129906e-05	0.00441842451348727	0.00440473293377428
0.767131900404893	9.79363662765297	0.000244970809905354	0.064448187433585	0.0642032166236796
6.35681016117227	14.9496123070198	0.0182400266069922	0.162837831193888	0.144597804586896
-0.390625241258435	7.52221441252572	5.82219894905224e-05	0.0348502842331413	0.0347920622436508
7.99766952846923	14.6839585885648	0.0291780882563703	0.158768624910179	0.129590536653808
3.72422976960416	13.7109705574398	0.0064123653504113	0.140291134357023	0.133878769006612
1.08040919778297	12.2342499738926	0.000572850577368442	0.118568136760513	0.117995286183145
9.52237523065064	17.6469114269492	0.0333554179683644	0.184910555645577	0.151555137677212
3.00717453311893	12.5799324719072	0.00477816066994831	0.134973516739111	0.130195356069163
11.311019240026	16.5299784558183	0.0519822815150282	0.179202855529424	0.127220574014396
-1.79420769935537	10.0436942583541	0.0013488186904842	0.0682250067823952	0.066876188091911
23.8322336420592	21.2479519063369	0.0889241338370226	0.11409662009422	0.0251724862571979
0.86529422926231	9.39314321387446	0.000344335605112675	0.065497494213103	0.0651531586079903
31.1583581046395	25.0529914686366	0.129592498502772	0.135237893654516	0.00564539515174334
1.24863214376862	10.9650754744328	0.000766092310751929	0.0953638600486462	0.0945977677378943
-1.50905862512219	2.75455265586122	0.000637023432174442	0.00342605099897393	0.00278902756679949
1.58347128091159	13.2849390356207	0.00093579950916433	0.106323690685936	0.105387891176772
1.16880803841547	9.45738789442551	0.000585592515934758	0.0618870811017488	0.061301488585814
4.05681790680728	10.0549934739544	0.00734067613640296	0.072790899362167	0.065450223225764
12.5838529604952	16.1259358438121	0.0563238532631551	0.149301240013934	0.0929773867507786
1.09538750700131	10.8334635704662	0.0005690776808871	0.0898502144230517	0.0892811367421646
1.46234030299317	7.31759695859005	0.000918806312187177	0.0371374882595791	0.036218681947392
12.0552151838409	15.7119349373508	0.0559814522484649	0.153497760131123	0.0975163078826585
4.64248659816298	12.3479673457119	0.00902852953955621	0.103099160648418	0.0940706311088616
1.23995900031154	14.0432651522839	0.000713214185401132	0.147669221769035	0.146956007583634
-0.815645060021281	7.29280896049913	0.000346493654294987	0.0447127140059049	0.04436622035161
-1.03903272321018	9.58077648886253	0.000544174843929295	0.0746843968978504	0.0741402220539211
0.626644212692805	10.7333469200745	0.000193191943427049	0.0914883432899509	0.0912951513465238
0.165929952490818	9.78116289156195	1.50603609797018e-05	0.0844724847431187	0.084457424382139
-0.750476860328695	10.8118200497197	0.000281071967236678	0.0941648919506655	0.0938838199834288
0.199725266002442	6.01728036656458	8.76145770723342e-06	0.012836875570868	0.0128281141131607
14.2022671668322	17.5804389922685	0.0697280161647268	0.172464554035991	0.102736537871264
-0.245836936767262	6.76606461595594	1.9228983654099e-05	0.0235116342786094	0.0234924052949553
2.45367319367415	14.265924239862	0.00273583702196189	0.149281191297698	0.146545354275736
1.31584419461166	11.0048965102692	0.000727417638944088	0.0821287650689871	0.081401347430043
0.659243398068633	6.25245268825272	0.000105110111296411	0.015261675339203	0.0151565652279066
2.20863751046554	11.0539714883346	0.00216217208171122	0.0874231638022402	0.085260991720529
0.980135767544786	10.2312969677626	0.000393210770634281	0.0691612434501004	0.0687680326794661
1.46416731306312	10.0215239978365	0.000896532701391183	0.0677954788205394	0.0668989461191482
27.4817307476024	24.6364033218432	0.131464002686394	0.170538239571816	0.0390742368854222
-1.70220458656116	9.62411543859183	0.00159062669581684	0.082075749884764	0.0804851231889471
18.1020166603827	19.5288444317639	0.0858902871770213	0.161358458597296	0.0754681714202751
-0.398271431897362	8.16072920392569	7.24948473855823e-05	0.0491309593730598	0.0490584645256743
-0.338695409032581	9.57844571052182	5.91156802406764e-05	0.0763172349188357	0.076258119238595
-0.37737897280321	10.4726874730186	7.28227654221946e-05	0.0905266660450276	0.0904538432796054
1.44089569350766	15.0514209231772	0.000877707751660814	0.154592462238634	0.153714754486973
-1.10800537979068	3.51104510239769	0.00033881760458671	0.00549165836974744	0.00515284076516073
0.677431045326015	11.3134210449508	0.000222815254013155	0.100311590539917	0.100088775285904
4.84528908029967	14.7374370185373	0.0106910589687871	0.159651763572702	0.148960704603915
-1.04472609583926	4.96503326965037	0.000379435610782541	0.0138333069535094	0.0134538713427269
5.2281833977049	13.4908859852402	0.0147466781661534	0.158497348315075	0.143750670148921
-0.632220076242872	4.85524088096217	0.000135864500304561	0.0129341970915589	0.0127983325912543
1.54476878256133	7.86776485388397	0.000879283119054718	0.036817388703866	0.0359381055848112
17.6958310346064	18.9804850325348	0.0918447357651559	0.170559310718499	0.0787145749533432
2.42384286951315	7.49819287922066	0.00268357001528234	0.0414539275374743	0.038770357522192
-0.79482739392446	9.09813927172913	0.000333709555809029	0.0705791849752598	0.0702454754194508
2.79188554141105	11.9206847034689	0.0037680847957431	0.110885899524101	0.107117814728357
2.2632603196536	12.4538288794499	0.00212111889581104	0.103669322836507	0.101548203940696
-0.763431556297372	11.9615186982184	0.000311537184684114	0.123449917333123	0.123138380148438
1.37704516354875	10.3120412939216	0.000677715001913027	0.0613463172673845	0.0606686022654715
12.6159796261868	16.7015582345654	0.0549677734471586	0.155499375018044	0.100531601570886
8.17793277899004	16.2608684375954	0.0248473355838366	0.158572804899277	0.133725469315441
-2.32292426782442	5.49166487083124	0.00206536029942839	0.0186329759906494	0.016567615691221
-0.47006218765393	7.44568267168733	7.99213167672316e-05	0.0323675264466345	0.0322876051298672
26.1722521847711	22.6698485778941	0.105001632625845	0.12716265122176	0.0221610185959145
-1.39225960941548	6.09996587606882	0.000881140973592843	0.0273028676204577	0.0264217266468648
1.14928195928343	12.0865312527008	0.000630000371070152	0.1124707171349	0.11184071676383
1.19968307692114	11.1446818427138	0.000591234261300215	0.0823588598573229	0.0817676255960227
0.311971516554656	11.6570111211423	5.08681625031224e-05	0.114640761439423	0.114589893276919
5.71453083419099	15.089879933569	0.0136061790077352	0.153142264252059	0.139536085244324
14.3649633473566	17.2895764507958	0.0700663715434376	0.163839180613339	0.0937728090699016
5.16805263796831	18.6210177061634	0.00783068865209146	0.16409728829226	0.156266599640168
23.0186717762051	21.93605935067	0.101763480253056	0.149175376980657	0.0474118967276009
0.0189931129270432	6.39730637629635	9.52657935603757e-08	0.0174456627287484	0.0174455674629549
1.16489817816824	7.80112568474718	0.00058640711413103	0.0424508438654658	0.0418644367513348
1.53220954510807	10.6664026745699	0.00104481207624848	0.081730899805764	0.0806860877295155
-2.71467339909015	7.29730102904837	0.0041137473667162	0.0479816793353624	0.0438679319686462
3.67509166184029	14.9365857546746	0.00637939880631727	0.170096148569287	0.163716749762969
1.14831407378329	10.5115854779284	0.000618420852415584	0.0836464827532959	0.0830280619008803
-0.392925245735234	7.96887837498634	6.2547140776524e-05	0.0415269923975768	0.0414644452568003
7.94251853643158	16.240915461404	0.0238542414728343	0.160997309924511	0.137143068451677
2.99493184781802	17.3150438517995	0.00369546461579061	0.199384235273627	0.195688770657837
-1.26374306131185	13.6702637607776	0.000688794784701727	0.130099175277706	0.129410380493005
-0.376150561728871	9.29818917179608	7.00764712479413e-05	0.0691184588812141	0.0690483824099661
3.61848709479622	18.3233877588655	0.00522719423176863	0.216358820006359	0.211131625774591
9.74251733337863	16.3723817393475	0.0374688151056693	0.17080468991297	0.1333358748073
3.93581112716613	14.4663825277927	0.00716628102203693	0.156276511726331	0.149110230704294
8.3465117447302	15.3552533974026	0.0317976487798632	0.173719047812657	0.141921399032794
-0.840098699912462	13.1447086665418	0.000338134448608654	0.133622381190902	0.133284246742294
7.15848684031885	14.4057645815532	0.0235984075101627	0.15426284467429	0.130664437164127
2.77296463801052	11.2610905880046	0.00370821346410415	0.0987155212606328	0.0950073077965286
3.58673937056017	15.1346115909046	0.0057751120681845	0.165978485408373	0.160203373340188
21.0492623202144	21.3049943600312	0.107119652265361	0.177135951135705	0.0700162988703443
13.0967873097449	17.3821351415588	0.0610491472445009	0.173582024953296	0.112532877708795
