LR_coefficients_null_raster	LR_coefficients_Elevation_16_k10_R	LR_R2_null_raster	LR_R2_Elevation_16_k10_R	LR_Q_Elevation_16_k10_R
20.4745332285827	26.3017344715777	0.167587417325086	0.459013954042434	0.291426536717349
18.5811649346583	21.2572908567526	0.271784659066905	0.590389477400095	0.318604818333191
18.4083461038076	19.7662059731381	0.29144308866672	0.557717883414693	0.266274794747973
18.1695599605344	19.3292405354391	0.293325422481793	0.550977911958002	0.257652489476209
18.3962660418754	20.8051338990727	0.268059776004664	0.569058658951182	0.300998882946518
19.8516178938871	23.8437348731322	0.220123361317124	0.52706794987025	0.306944588553126
17.3815127609445	19.5607018051931	0.273223576161704	0.574322216075368	0.301098639913663
20.5633485174379	25.9719783254499	0.18348098762225	0.485799628587436	0.302318640965186
18.2539848516793	21.0745737347184	0.264448741180078	0.585042549747057	0.320593808566979
18.1894301048067	20.3245086809126	0.27927562893933	0.578733586885392	0.299457957946062
19.3308741153827	22.8561687778569	0.224214516326581	0.520249089140781	0.2960345728142
18.3096856350517	20.3357790454392	0.272855977663917	0.558646451360117	0.2857904736962
17.4284536497528	19.7135572686554	0.265878924531735	0.564598762563004	0.29871983803127
21.5488518500637	27.5093939430664	0.164704346510191	0.445515232400618	0.280810885890427
19.2741799570844	21.8936662495214	0.266150030122485	0.569974477329814	0.30382444720733
17.7982759590526	19.6169452571504	0.282615757173772	0.569832196294425	0.287216439120653
18.8480786018243	22.0581764154026	0.253932256929853	0.577253578690812	0.323321321760959
20.0805977531488	24.3379227922356	0.217215084601829	0.52959935597752	0.312384271375691
19.4078851741123	22.7504798876275	0.231667964042678	0.528365431591287	0.296697467548608
17.9113256156707	20.0696132345753	0.279408029497343	0.582244176417833	0.30283614692049
18.3433280565733	21.2848331432727	0.250748649455079	0.560359266933035	0.309610617477956
18.755386528284	21.8548023813986	0.240242740657858	0.541421779666765	0.301179039008907
17.7062780284997	20.597797098267	0.267596234723804	0.601050155089366	0.333453920365562
17.7566624352955	19.7261645953553	0.279479663986571	0.572475007323928	0.292995343337356
18.2304576997757	21.0751076323755	0.253960019240928	0.563317874872362	0.309357855631434
18.340891376537	20.7001211099454	0.281246763141913	0.594615390589773	0.313368627447861
18.0435921327745	20.0448116256513	0.281951815269932	0.577532690336812	0.29558087506688
18.8253654901401	21.5469334873387	0.247319612663089	0.537757386252779	0.29043777358969
17.982641355724	20.4993143840636	0.271111115546557	0.584739925788358	0.313628810241801
18.0016275406067	20.6213999711629	0.27232806131305	0.593128593539476	0.320800532226426
17.401630654627	19.477481431014	0.270534429052779	0.562538132292802	0.292003703240024
17.9494760914657	19.9205591352226	0.276590724148055	0.565432579658801	0.288841855510746
19.2755518904025	22.2011006539426	0.240284682279055	0.529060304728935	0.28877562244988
21.2916919226905	27.8082201260131	0.164635183938121	0.466114286029137	0.301479102091016
18.4423207996221	20.5452016496094	0.282220104331449	0.581328134834422	0.299108030502973
20.0830676319117	24.3777119368677	0.198793874627401	0.486152475310045	0.287358600682644
20.4570157477361	25.3981667276824	0.183821448166813	0.470283872846792	0.286462424679979
18.8198824285828	20.9587559998033	0.286375733373842	0.589490924498284	0.303115191124442
18.2377411216937	19.3000896433504	0.299084114420686	0.555921696099932	0.256837581679246
21.260215462603	26.8395413540975	0.184842833365963	0.488946335758893	0.304103502392929
18.4597556084996	21.0423946134918	0.266912074954568	0.575639207360446	0.308727132405878
17.6645049849241	19.8583900112661	0.276862173031676	0.580754352918969	0.303892179887293
17.7386790085584	20.2466330617408	0.272266614999356	0.588709689613874	0.316443074614518
20.5040110735088	25.5929586494459	0.177688026204619	0.459478518717301	0.281790492512682
17.9892352912789	19.035280118357	0.302176935592368	0.561562597659378	0.25938566206701
17.7967090515747	20.0927345698752	0.276251118982981	0.584448781677793	0.308197662694812
18.2060360694942	20.1574288165466	0.282269977327917	0.574311983504625	0.292042006176708
17.6047343323016	19.5050796764102	0.285686070654048	0.582062141906037	0.296376071251989
19.5604588381878	23.4239081276704	0.228836923107133	0.544666241641162	0.315829318534029
17.9694005412451	20.347065662448	0.276249202175497	0.587869792979949	0.311620590804452
18.5750359964584	22.0175135947874	0.234961586969525	0.547920826052491	0.312959239082966
17.9153013709763	19.7104900304545	0.29129646278894	0.585228593447369	0.293932130658429
18.1852187377978	20.1294569429701	0.285942418051268	0.581499524070102	0.295557106018834
17.9206790065817	20.287148234959	0.272787091763678	0.580230588475954	0.307443496712276
19.8224323778347	24.5276306506401	0.200142908450174	0.508605708417904	0.30846279996773
18.184651742842	19.640946645146	0.28512336985301	0.552066492998581	0.266943123145571
19.4342163172113	23.0100163976562	0.225711655974761	0.525167078778576	0.299455422803815
20.2595541833132	24.4919703937741	0.195077911583527	0.473194293354816	0.278116381771289
19.2310055995745	22.3076500242481	0.232386491040354	0.518989123151593	0.286602632111239
21.6116682372034	22.6043196586608	0.335804885096358	0.6097292494677	0.273924364371341
18.3367296393546	21.4210997074689	0.245363339659537	0.555767515686124	0.310404176026587
18.5516753311898	21.5729316419178	0.247622040581102	0.555757183604802	0.308135143023701
20.2998109735044	25.0074682243457	0.199007881580329	0.501267397193887	0.302259515613557
17.9912181232129	20.1014154874384	0.272964139252258	0.565563613522813	0.292599474270555
20.3377525379505	25.8035798511612	0.182534139198075	0.487687731199646	0.305153592001571
18.0786459539853	20.263933258769	0.286057058170717	0.596502245462866	0.310445187292148
24.0346501483581	31.8218831909632	0.119746138042456	0.348402599304943	0.228656461262488
17.7188478963221	19.5323800058423	0.27781612844488	0.560325705440607	0.282509576995727
19.0501697597845	22.558315518454	0.228233856869223	0.531177198692326	0.302943341823103
18.7561838966379	21.7266350579684	0.248187874819396	0.552739187768886	0.304551312949491
21.9802863807304	28.8802209257065	0.146061389019564	0.418517357192299	0.272455968172735
17.7575670757292	20.0586418752277	0.276581249560198	0.585736881099781	0.309155631539583
19.2093290155088	19.6779607249745	0.296272735018981	0.51602554196648	0.2197528069475
17.5918251012844	19.7255370456284	0.27727167555143	0.578608893872153	0.301337218320723
17.6468786182511	19.8024245233552	0.27278005688957	0.570108183174629	0.297328126285059
17.8344395436681	19.8257330098919	0.279682713375534	0.573652539839181	0.293969826463647
18.8023165037548	22.0200621301192	0.244012790316597	0.555482877648134	0.311470087331537
17.6312696652404	19.179288245422	0.289582729525985	0.568740527387398	0.279157797861413
20.3709081896914	24.9475186459454	0.197319236090125	0.491187240721658	0.293868004631533
19.14270433833	22.7275460419347	0.227669327517062	0.532655915918688	0.304986588401626
19.3668614810038	23.7846814477495	0.206050974402648	0.515815729006935	0.309764754604287
17.6625907428169	20.0945672595303	0.272223950522251	0.584815075079298	0.312591124557047
18.0200455479296	20.5576064007	0.270880999507986	0.585134335446541	0.314253335938555
20.7857875977183	25.9393191872492	0.179397435119555	0.463707504190433	0.284310069070878
19.568534564624	22.7283233898649	0.251527763294025	0.56318080549391	0.311653042199885
18.0639811879783	20.6004384806921	0.271800240370659	0.586704666464622	0.314904426093963
18.2299421213011	20.0423684414399	0.285048871757121	0.571861096738055	0.286812224980934
20.729685495548	25.9500732642202	0.184206515969171	0.479115760177226	0.294909244208055
18.4269826605258	21.1850974809102	0.251789708498104	0.552375200404825	0.300585491906721
17.824535443239	20.659340892267	0.263882888755794	0.588371239382857	0.324488350627063
18.2393703784366	20.4861514145865	0.281190245416103	0.588769144226995	0.307578898810892
20.6282618671066	24.6623814374413	0.206355865693106	0.489559282638543	0.283203416945437
17.9760206082838	19.4043304527325	0.298276432333774	0.576863249405757	0.278586817071983
19.8123794395499	22.835003188518	0.230524666162264	0.508264764070994	0.27774009790873
18.5335811058238	20.1087337244485	0.288930467481783	0.564531031291399	0.275600563809616
18.0460812175545	19.8516402912779	0.285939425005019	0.574307835219148	0.288368410214129
17.9088877180456	20.2407000973606	0.277466313746395	0.588257969397254	0.310791655650859
17.6178770062445	19.4034387546675	0.282584429384255	0.568908223293253	0.286323793908998
18.7115865382558	22.3518948710934	0.2346944488803	0.555845388096533	0.321150939216233
20.5016467098733	26.0881101825778	0.176227883763284	0.473615706302911	0.297387822539627
