LR1_coefficients_null_raster	LR1_coefficients_Elevation_16_k10_R	LR1_R2_null_raster	LR1_R2_Elevation_16_k10_R	LR1_Q_Elevation_16_k10_R	LR2_coefficients_null_raster	LR2_coefficients_Elevation_16_k10_R	LR2_R2_null_raster	LR2_R2_Elevation_16_k10_R	LR2_Q_Elevation_16_k10_R
0.402439226464147	0.140838815459343	0.590785625762932	0.64883372089016	0.0580480951272282	0.0316995585440824	0.00693769529043343	0.45466967520181	0.809750087014991	0.35508041181318
0.36651649220759	0.136815596782055	0.552002508514162	0.764007656954031	0.212005148439869	0.0257921913745628	0.00563304913356869	0.384478747224189	0.863906254710186	0.479427507485998
0.308891040595133	0.116555248939085	0.543589900377075	0.651388648335728	0.107798747958653	0.0191906664570803	0.00494373487757437	0.385529604298893	0.794263863796305	0.408734259497412
0.328881455462911	0.122065755739707	0.571202626721664	0.656333211549362	0.0851305848276986	0.0183229945973551	0.00480546654689898	0.367852161761516	0.711868452992874	0.344016291231358
0.361308077140289	0.130303161276329	0.567002990923336	0.765230223077348	0.198227232154012	0.0232064285657581	0.00513958348915728	0.375782905182524	0.892646680534356	0.516863775351832
0.364337482009922	0.104403056337592	0.571650906091757	0.559207106663244	-0.0124437994285125	0.0313223553546305	0.00476971361948533	0.492334783580805	0.69895411556737	0.206619331986565
0.341871604121103	0.128476222280171	0.59612085561477	0.746838734745894	0.150717879131125	0.0273922910291393	0.00563091329245815	0.482349122533538	0.890156611751035	0.407807489217498
0.355541302638371	0.121605160574634	0.519286423959127	0.594877696452497	0.07559127249337	0.0240295997458735	0.00569298964805044	0.360262645766348	0.750279466691927	0.390016820925579
0.288281056347841	0.13592482237556	0.439048046486801	0.766161100819792	0.327113054332991	0.0185404649199353	0.00595606453506008	0.30417100728079	0.916619110602614	0.612448103321824
0.359748566592803	0.13899384597252	0.546623219884884	0.680594737647051	0.133971517762168	0.0296378857152385	0.00645297117555397	0.45093448917427	0.814877671092919	0.363943181918648
0.351708639135762	0.130562364421656	0.596010079151988	0.742896913321065	0.146886834169077	0.0237924603463896	0.00536463310801187	0.424221893604419	0.875028692524796	0.450806798920377
0.360900167885311	0.133589952187598	0.651707874332135	0.731292213584876	0.0795843392527406	0.0288233921913283	0.00600976370526763	0.543524368676926	0.861043623782758	0.317519255105832
0.35794989532773	0.132263487753751	0.557623753139914	0.717521687656331	0.159897934516417	0.0301983881058337	0.00567643651592099	0.475069458540236	0.840629739607208	0.365560281066972
0.309638339611576	0.118990665700736	0.466843578646922	0.630897033505421	0.164053454858499	0.019085860993511	0.00378676914749786	0.319127398603909	0.578812591085277	0.259685192481368
0.331957727543741	0.132512997324652	0.559919958835456	0.661003566440367	0.101083607604911	0.0191093787129556	0.00563606382265515	0.367574595330207	0.73132460261063	0.363750007280423
0.337296290366398	0.126327797175148	0.568357975804674	0.777998784793344	0.20964080898867	0.0274327790108725	0.00528361345548571	0.451025490534637	0.923091011760742	0.472065521226105
0.38670974701509	0.133719233555463	0.611294584829943	0.778122598265485	0.166828013435542	0.0248905676409074	0.00497824331874983	0.403131060544635	0.865732100120328	0.462601039575693
0.37321246065553	0.13821270346662	0.554994690015878	0.651566022006585	0.0965713319907071	0.0239102569126324	0.00636508229143699	0.359808155340695	0.749743951894998	0.389935796554302
0.348606384846814	0.126737557644459	0.551099144374012	0.634322725186256	0.0832235808122441	0.023152855576047	0.00541969468751314	0.403844257529767	0.746066874152751	0.342222616622984
0.349876524185442	0.119496739496172	0.617786760831897	0.694170262480329	0.0763835016484312	0.026502239484685	0.00480203927598374	0.489673514463893	0.813772253718993	0.3240987392551
0.326974252937098	0.130338565711262	0.541282340014136	0.711077535844945	0.169795195830809	0.0249262478490675	0.00591841503324981	0.404649253204445	0.824057019988682	0.419407766784238
0.349206396302422	0.138239573899248	0.517824397710528	0.73807107700296	0.220246679292432	0.0243550483569436	0.00521916245527448	0.372277446104781	0.804444098269234	0.432166652164452
0.300175697369367	0.112369414977508	0.457691121389666	0.510324325601151	0.0526332042114845	0.0198473000773377	0.00568360628097116	0.346910653999468	0.649320590148611	0.302409936149143
0.365406777291305	0.133461720354003	0.684057895774384	0.783454364974093	0.0993964691997085	0.0274982253061049	0.00523018054575351	0.557088066922938	0.869254232664109	0.312166165741171
0.315680926665619	0.110427172359338	0.502227413200878	0.650250703909524	0.148023290708646	0.0251824366226045	0.00480221305749314	0.396578901320032	0.820880989267519	0.424302087947487
0.354436517712308	0.129365895900007	0.566241729905252	0.708340334249468	0.142098604344216	0.0248889837525121	0.00546982410483826	0.407125688672503	0.813329853269959	0.406204164597456
0.32420890288503	0.130436034522795	0.541361519473974	0.722148948875287	0.180787429401313	0.0207885886996374	0.00622529578016608	0.368491524782548	0.89898492227257	0.530493397490022
0.387872318360661	0.138823815285905	0.619735496604871	0.758431496568239	0.138695999963368	0.0281060090909961	0.00567594822815928	0.425369200595385	0.832864288183582	0.407495087588197
0.304746187114487	0.115541084932109	0.510657731858035	0.612603144701339	0.101945412843304	0.0182538214834005	0.00461849880280845	0.350347321831248	0.676210369902027	0.325863048070779
0.387233321103267	0.130652023354659	0.63163075804535	0.700133675773114	0.0685029177277642	0.0335192784549633	0.00548727713489754	0.517409362620309	0.784721228380175	0.267311865759866
0.334176725328902	0.122512977804921	0.602188755205615	0.760359800439605	0.158171045233991	0.0218512126990644	0.00522207030882891	0.417985034796793	0.9115300494896	0.493545014692806
0.338974290489669	0.106298509652415	0.525310125958408	0.502559728703669	-0.0227503972547389	0.0267615379722219	0.00431498114089303	0.440280063982868	0.548260352596163	0.107980288613295
0.396095354035786	0.123666782033982	0.605202745782022	0.655942601531276	0.0507398557492544	0.0353244333605137	0.00477356405103884	0.496397372261133	0.742507818251963	0.24611044599083
0.358776487649312	0.125597606718113	0.674945648505477	0.728930179482242	0.0539845309767644	0.0283568252286203	0.00406271203421463	0.653196551634715	0.798735298863983	0.145538747229268
0.377570617730427	0.129918092028832	0.624998252164053	0.649176248744348	0.0241779965802945	0.0286213370952027	0.00566160748964724	0.467532325714577	0.726900983957442	0.259368658242865
0.317360584097112	0.143568778620174	0.462894070783508	0.754980691338178	0.29208662055467	0.0188996550852149	0.0060711766160663	0.307473331530125	0.872350198589576	0.564876867059451
0.342020858598703	0.140806701825315	0.463948369814471	0.709372617956347	0.245424248141877	0.0193254120329139	0.00602533217682573	0.282809100613833	0.803779756870227	0.520970656256394
0.410564665926157	0.136351831469646	0.623541593471577	0.688754950739711	0.0652133572681344	0.0407884513675968	0.00593969369945954	0.557442580409991	0.788044584317222	0.230602003907231
0.330720022771821	0.123202522784165	0.590169308804732	0.723872038122903	0.133702729318171	0.0238119305961012	0.00579483592820113	0.438601289824117	0.916109281311672	0.477507991487555
0.372499555280308	0.145592754538103	0.521854231277357	0.767015700087139	0.245161468809781	0.0213390105845633	0.00544534585869809	0.31359825117082	0.836928053880256	0.523329802709436
0.369269537099437	0.135260999355737	0.638105053996333	0.720827202064605	0.0827221480682719	0.027169217019447	0.00500947778615216	0.49561928183021	0.735835989736943	0.240216707906733
0.362431873599846	0.127750412172303	0.65547706756313	0.810138552783914	0.154661485220785	0.024779584185595	0.00483001989915128	0.456956241292014	0.904126665225202	0.447170423933187
0.324578764346064	0.135963707580688	0.564882912195047	0.732001727007886	0.167118814812839	0.0233179862816032	0.00650118023043702	0.427094308330399	0.883858038154962	0.456763729824564
0.352115219564778	0.143621553103147	0.503660849465366	0.630686146572454	0.127025297107087	0.0209292818708503	0.00641954293419931	0.32300059798556	0.731604224950128	0.408603626964568
0.313939215598324	0.114930505536433	0.517652576642406	0.620829061854491	0.103176485212084	0.0222095894584141	0.0042810819506319	0.395083355928203	0.666708772715951	0.271625416787748
0.35316317761502	0.127602647920198	0.630052400127473	0.726315802139902	0.0962634020124288	0.0268839044439611	0.00552417527676228	0.497070562071119	0.867743934829867	0.370673372758749
0.383525265676951	0.126835626071022	0.649858861524321	0.720839050854855	0.0709801893305347	0.0332254852058256	0.00455239211590529	0.556850653367483	0.744488558068887	0.187637904701404
0.334771422975499	0.11799105139225	0.612666205691156	0.683831691509867	0.0711654858187112	0.0280262255295902	0.00550638800705466	0.510930377729108	0.843248179077402	0.332317801348295
0.333538710408466	0.113796912391307	0.503145704333287	0.583253656824227	0.0801079524909407	0.0256141850236473	0.00464288981096328	0.40548464599372	0.674829110514263	0.269344464520544
0.338713991995423	0.130236297034863	0.519160428661649	0.68251016085546	0.163349732193811	0.0236656479724587	0.00579621905226332	0.374901892561708	0.802024751243188	0.42712285868148
0.344277848489642	0.110081152767343	0.553568748111446	0.551311342191761	-0.00225740591968504	0.0212183422775639	0.00480539235361429	0.375817309307905	0.654239629481008	0.278422320173103
0.304517741765294	0.106914791676257	0.501996807396448	0.574986388996086	0.0729895815996389	0.0265123926396771	0.00434138794451528	0.465896560916209	0.688811834330618	0.222915273414409
0.387002670832725	0.130103717757793	0.586643863320567	0.676211662230279	0.0895677989097119	0.0314105570116641	0.00588718769910283	0.451529328990314	0.782621891777342	0.331092562787029
0.379658671509212	0.128594277356075	0.609045212059308	0.768543777437473	0.159498565378166	0.0298259000087793	0.00502295939454569	0.463846983224233	0.864072575308432	0.400225592084199
0.379714471282866	0.12959843216661	0.573762678364606	0.702233484992366	0.12847080662776	0.0336820133710813	0.00514267984869685	0.4684808509316	0.787712904352559	0.319232053420959
0.293859893184736	0.112033537786487	0.510477108761744	0.598099065644306	0.087621956882562	0.0217864567523995	0.00497542639815373	0.424242250367548	0.716211199008827	0.291968948641279
0.3500119684387	0.137248508368383	0.539997304074555	0.701365465878365	0.16136816180381	0.0220603936463578	0.00629160465619377	0.358836559027625	0.831621646976485	0.47278508794886
0.358233589383014	0.135797217247365	0.544131826470804	0.704847123298013	0.160715296827209	0.022261968232815	0.00597015606510117	0.356963971894286	0.853475209807897	0.496511237913611
0.33197260372593	0.124162898109282	0.60090342741858	0.630398455077364	0.0294950276587844	0.0263062555392849	0.00547048958785299	0.547987619907616	0.732169381071179	0.184181761163564
0.324281775764668	0.116814465841022	0.5112530690902	0.641087766374223	0.129834697284023	0.0250297551498795	0.00522177420153056	0.400932905297447	0.777752600180611	0.376819694883164
0.351612545565628	0.134534238610253	0.592733238980259	0.727794025934307	0.135060786954048	0.0262695140861971	0.0061404378472254	0.46665766588775	0.887823907903334	0.421166242015584
0.348774508761335	0.132937026293177	0.609902580263757	0.687529711416251	0.0776271311524946	0.0279603844663494	0.0068088974571047	0.511781442418405	0.883993057826557	0.372211615408152
0.299692001453735	0.12965421835553	0.40928658943409	0.588664887196003	0.179378297761913	0.0217748379798646	0.00556560252671277	0.300398021514595	0.656235790067423	0.355837768552828
0.315799280849851	0.113785347846391	0.494559748682425	0.552596644365187	0.0580368956827623	0.0213199834328496	0.00485736536145343	0.382397566356203	0.648271767414305	0.265874201058101
0.341666721709173	0.135575300935524	0.444714194686894	0.591155270416654	0.146441075729761	0.0265155878011666	0.00565243628853673	0.326708790400681	0.647013163961128	0.320304373560447
0.350869585264006	0.127263722729038	0.629953515742833	0.743738936667622	0.113785420924789	0.0234455253840123	0.0054195778892214	0.44740313460329	0.894676533238521	0.447273398635231
0.361868770763071	0.137640321244159	0.329792769741884	0.445677354801487	0.115884585059603	0.0275239157628799	0.0061210383592079	0.235217735212206	0.477953964557994	0.242736229345788
0.357364750923794	0.125513360631731	0.57800472463437	0.75446205607246	0.176457331438091	0.0238325707319877	0.00493701371133483	0.389392227493334	0.864788681184375	0.475396453691041
0.344779092357189	0.13141946297402	0.554410083400959	0.697683489567438	0.143273406166479	0.0258737469065386	0.00471510908735258	0.420231307670936	0.726512990315274	0.306281682644338
0.35133207736883	0.121234866465207	0.62305053109952	0.657001133133007	0.0339506020334878	0.026582052824614	0.00492037500911612	0.507605319295781	0.763336764111747	0.255731444815966
0.302933276243977	0.12633339873809	0.277947978479503	0.455524780014445	0.177576801534941	0.0246761312062621	0.0059263781230529	0.219038821200362	0.500756813834543	0.281717992634181
0.333958264100917	0.122787388396738	0.580617450746526	0.729412094078925	0.148794643332399	0.0234798874389858	0.00504888438982151	0.422979468443408	0.846259703386894	0.423280234943486
0.326276276263941	0.114113590766327	0.511035190743426	0.57665643519176	0.0656212444483344	0.0327209324880736	0.0049365886666061	0.461058027337981	0.659073392604345	0.198015365266364
0.399526005458348	0.12412487535321	0.736330551086339	0.782822485139976	0.046491934053637	0.0331168858746049	0.00485796007517153	0.581322678635725	0.887391590045371	0.306068911409646
0.324972373206379	0.128241827711352	0.492921304572528	0.679639802657783	0.186718498085255	0.0224937196430075	0.00605778275058164	0.341970826215473	0.81760893828277	0.475638112067297
0.355437759934991	0.117603775639354	0.506550827670368	0.594149385415244	0.0875985577448762	0.0281859384272206	0.00533609474055944	0.394934850903022	0.696602059645432	0.30166720874241
0.335828962771326	0.125173679041501	0.609457729126748	0.70860798964395	0.0991502605172025	0.0220445402107024	0.00504014593090816	0.432237441337643	0.806708750590034	0.374471309252391
0.335718531219664	0.111273897358475	0.495078091367596	0.544225228068653	0.0491471367010574	0.0236591264647026	0.00484498308825872	0.360712934617824	0.599702862747886	0.238989928130062
0.391808484824211	0.146339961851749	0.620918345099063	0.74874968666496	0.127831341565897	0.0255617363783126	0.00642318761384984	0.416212930045602	0.874467135672455	0.458254205626853
0.367002348044372	0.124026674276691	0.574206022229158	0.632781498816933	0.0585754765877748	0.0303896313996384	0.00553397760484888	0.47068626054228	0.776726375791818	0.306040115249538
0.350588385829499	0.106572911101983	0.43620536781251	0.463837297551727	0.0276319297392175	0.0309861529008408	0.00481938069042957	0.382359040281107	0.546391071950431	0.164032031669324
0.291821538162029	0.120889168128134	0.517219296867686	0.675315914066799	0.158096617199112	0.0172023738862988	0.00496193617158394	0.35658548502865	0.745108535342852	0.388523050314202
0.391146402577177	0.120689740951141	0.610215073156393	0.618431472184657	0.0082163990282641	0.0424562370340883	0.00504057270013578	0.586176061056037	0.702585111615058	0.116409050559021
0.353152357594164	0.153533545238365	0.435940280974191	0.703467284023213	0.267527003049022	0.0207999969122116	0.00675475706653388	0.272914263737349	0.830325127969525	0.557410864232176
0.321574898301332	0.116434620420876	0.497419826600791	0.584744245071793	0.0873244184710024	0.0282637064114831	0.00524680006937996	0.43589795944359	0.690149684361666	0.254251724918076
0.344814623859285	0.132082325159095	0.519856481868454	0.686729468339957	0.166872986471503	0.0308821584629393	0.00638608668271366	0.435087103763004	0.868079396375854	0.43299229261285
0.35384223796538	0.116914569128859	0.600786853426883	0.629346429417385	0.0285595759905021	0.0283182243212405	0.00387541233731962	0.494778242793116	0.579837415696452	0.0850591729033361
0.411550237012259	0.135112138738663	0.675063078001183	0.696686305248792	0.0216232272476089	0.0332463643616096	0.00532134942560427	0.529580812506179	0.755424630353536	0.225843817847357
0.396445670818136	0.119394944778017	0.616325319623834	0.633022847852434	0.0166975282286003	0.0365815618698879	0.00513870446207743	0.510123484566231	0.715847465325526	0.205723980759296
0.37927263385648	0.123020843547642	0.684912395569352	0.809494967060163	0.124582571490811	0.02760216808789	0.00453173446209799	0.502407642880613	0.918958662693953	0.41655101981334
0.324544641958981	0.12423512422105	0.554606385565048	0.659169637540739	0.104563251975691	0.0173895589474498	0.00482895298658619	0.354633366832651	0.709359800943453	0.354726434110802
0.342003803358874	0.132885623144967	0.547011618264812	0.699196993173727	0.152185374908915	0.0228645571294391	0.00515374950914547	0.385961822816854	0.759179477029567	0.373217654212713
0.366311864725963	0.129170611557043	0.71176475977821	0.802916221792886	0.0911514620146764	0.0283593718371825	0.00511809698774058	0.559631396387268	0.896712869797982	0.337081473410714
0.354785552143876	0.126237732428672	0.599544587664764	0.634277437090485	0.0347328494257207	0.0257378138751622	0.00546350948209365	0.466554501576256	0.733935906148335	0.267381404572078
0.336722013300525	0.110624258320731	0.592796281377899	0.571426007550929	-0.0213702738269707	0.0286598268246728	0.00464616399072322	0.565037188390618	0.695472873071352	0.130435684680733
0.344269521754607	0.129243902791081	0.613318859026289	0.743781881566901	0.130463022540612	0.0220995121835687	0.005854856714122	0.42956385049772	0.927995575156584	0.498431724658864
0.346261682688141	0.12064386364924	0.556355710031152	0.740746210891998	0.184390500860846	0.0244805792792295	0.00454726679600933	0.418092051486601	0.828798329874415	0.410706278387814
0.310905615540885	0.105853857830914	0.527242495929348	0.61940886668345	0.0921663707541013	0.0236177079960508	0.00469572913675331	0.408595335973142	0.733232673852004	0.324637337878861
0.382245330828727	0.136633338124673	0.558613555487509	0.626152934306041	0.067539378818532	0.0298772926555934	0.00601499066622849	0.421518190708002	0.711037824090836	0.289519633382834
0.279660162789294	0.107930470646142	0.358744126067765	0.487364141235611	0.128620015167846	0.0197744691446133	0.00420777931068038	0.272014402152862	0.496940723009822	0.22492632085696
