LR1_coefficients_null_raster	LR1_coefficients_Elevation_16_k10_R	LR1_R2_null_raster	LR1_R2_Elevation_16_k10_R	LR1_Q_Elevation_16_k10_R	LR2_coefficients_null_raster	LR2_coefficients_Elevation_16_k10_R	LR2_R2_null_raster	LR2_R2_Elevation_16_k10_R	LR2_Q_Elevation_16_k10_R
3.02124973339323	1.03902584980537	0.249449982735068	0.431356908586376	0.181906925851307	2.6972246193835	0.449620262538077	0.169649646386512	0.470696488098353	0.30104684171184
3.00535527945993	1.06521374659237	0.332599636672467	0.439442642190507	0.10684300551804	3.22424977904759	0.486846790539767	0.336868959688311	0.538086130998121	0.20121717130981
3.36261874913396	0.972280829941743	0.328454984629919	0.400486734352941	0.0720317497230222	4.10184618476938	0.464090104070475	0.30700560705322	0.479624722168337	0.172619115115117
3.69480068373286	1.04578019283303	0.273390031663265	0.343559608783648	0.0701695771203825	4.46201626448174	0.468441236849308	0.253159024545516	0.379829837180533	0.126670812635017
3.40077745659459	0.873439080618374	0.314611878888235	0.337837784805489	0.0232259059172534	4.56008958565242	0.35191087650396	0.328322783248949	0.337675139499691	0.00935235625074166
4.05963458839282	1.01463159383265	0.387016914987517	0.372324401414599	-0.0146925135729175	4.78187180273664	0.44390784161565	0.349564288309957	0.417741319107152	0.0681770307971948
4.40491894128117	0.934109096679836	0.403769516461405	0.402073349823295	-0.00169616663810979	5.57608203084375	0.403946886105044	0.383182239612269	0.479564281018072	0.0963820414058033
4.28449700690679	1.03326735141339	0.455634567446107	0.442757055559513	-0.0128775118865937	5.5771186869873	0.467520005320856	0.443669682409755	0.517215537221019	0.0735458548112638
3.14023634374056	0.927704265399638	0.261312468490365	0.319889179082776	0.0585767105924107	2.73806668363415	0.437431417081701	0.16525031676482	0.398085674780165	0.232835358015345
3.14797636690552	0.97998240607039	0.195149652870366	0.277050465760992	0.0819008128906263	3.57879970559404	0.39591005409774	0.177215812948825	0.303431991788091	0.126216178839266
3.44518682073775	1.00739319315025	0.285491233339009	0.371135863822937	0.0856446304839276	3.98192969228893	0.4507246771626	0.253407218015184	0.409338196107105	0.155930978091921
2.56585553280622	0.732178048272067	0.282160480472143	0.339546804716244	0.0573863242441006	2.66396386216949	0.2772440391367	0.216850327460884	0.324841711936501	0.107991384475617
3.52564230643806	1.01045208190962	0.355661516590259	0.412321883769785	0.0566603671795257	3.57180606329619	0.406493063083933	0.291997053524771	0.452367485331768	0.160370431806997
3.7526023195748	1.11450914744619	0.326615687039131	0.437110989500395	0.110495302461264	4.3978529357071	0.50515637586146	0.29019281117934	0.52649797066633	0.23630515948699
4.02904802522166	0.965593944264761	0.413613866916625	0.387019946230662	-0.0265939206859636	5.49046222825879	0.470636580846802	0.445319750781459	0.494101867989061	0.0487821172076017
4.5267797008407	1.05665251288368	0.448385208931157	0.429400022841508	-0.0189851860896483	6.01297146212801	0.473959763391834	0.456041851856427	0.517895110134043	0.0618532582776162
3.62464327876502	1.01736904001819	0.349241202106834	0.425587560268459	0.0763463581616252	4.57223893580315	0.429484455015271	0.348065450466649	0.465706982016838	0.11764153155019
3.96394638072988	1.02022655997855	0.359855115322262	0.399391926165471	0.0395368108432091	4.55987646076932	0.460299879870498	0.327377749773985	0.479384731488693	0.152006981714709
3.45668901110496	1.0951001032212	0.310299238934046	0.429867599270267	0.119568360336221	3.78344066880313	0.496267828525688	0.26072757039582	0.504885400565816	0.244157830169996
4.56944199406573	0.80254510159682	0.43491021273236	0.287043956098845	-0.147866256633514	5.98674613996828	0.375266939656876	0.445744779833399	0.351927451359193	-0.0938173284742061
2.84725379124277	0.909608528745038	0.17385755958376	0.266535609016454	0.0926780494326948	2.5154762674682	0.416759215657723	0.116959358016604	0.320387580421578	0.203428222404974
3.99438827213368	1.04064982222431	0.376940242034937	0.399589315632315	0.0226490735973778	4.65528823967898	0.455320073383538	0.367775000047179	0.476671216693352	0.108896216646172
4.74038487441861	1.11372185001002	0.432157651092538	0.405258715595669	-0.026898935496869	5.25617314625034	0.48128382315769	0.383990955027421	0.442650236039119	0.0586592810116977
3.66459421253286	1.0155675383033	0.339189464906491	0.403326600398074	0.0641371354915831	4.44755681436362	0.454573669654607	0.324971317597229	0.458070006490711	0.133098688893482
4.07518676085662	0.862985387993313	0.252553368893732	0.235878545489429	-0.0166748234043033	5.61838560537413	0.385986117692467	0.236668808159062	0.270192728305257	0.0335239201461949
2.70104497867553	0.904393916155307	0.238115142585885	0.353813581415228	0.115698438829343	2.41262211763978	0.388937204976823	0.16313134015199	0.410425748959602	0.247294408807611
3.00160474852953	1.12691305285164	0.344242744723036	0.491445444796206	0.14720270007317	2.92461149983197	0.421936034273834	0.339658060213566	0.533275481680542	0.193617421466976
3.41007379021126	1.11196389961592	0.2623236890912	0.355785937326532	0.0934622482353328	4.26105046051063	0.478206068862721	0.246113501892621	0.376802293011813	0.130688791119192
3.73638087861393	1.09489060150078	0.333079173403499	0.398381135570635	0.065301962167136	4.79161748799398	0.469766581606887	0.342217577326333	0.456015207871774	0.113797630545441
3.46677438551664	1.08925155488088	0.224510748344425	0.263988733567163	0.0394779852227378	3.53316454881746	0.49015862848306	0.192139488703876	0.287958685973692	0.095819197269816
3.09059916209186	0.699150343998825	0.376282268810981	0.331736333247939	-0.0445459355630428	3.85554476904941	0.30060256255053	0.339648434752704	0.358793603543569	0.0191451687908655
3.41057683259919	1.02769538301459	0.35830681642741	0.40813557919764	0.0498287627702299	4.34349237769843	0.48206810942267	0.370202877133178	0.480849603224766	0.110646726091587
4.5837210409606	0.980344862007091	0.407099148848732	0.311846749333728	-0.095252399515004	5.46457604458762	0.443334195230338	0.379343562774024	0.359873163235996	-0.0194703995380279
3.33393180764867	0.85061345006403	0.337021852765561	0.348530318670249	0.011508465904688	4.4963171983032	0.405616821762724	0.338664577820258	0.425386247256023	0.086721669435764
4.73111786347996	1.12882554751271	0.453536534754524	0.444958743081432	-0.0085777916730917	5.87860109787408	0.457118812125985	0.441333485420217	0.474216096445901	0.0328826110256836
4.05782934391665	0.985376520468347	0.38493956722885	0.400744493790304	0.0158049265614543	5.48849584846262	0.445296467244416	0.398914845257647	0.486748054878953	0.0878332096213059
3.91964731812521	1.10904164987868	0.362763878424474	0.411858966012047	0.0490950875875722	5.27873214025091	0.51396842907374	0.355928939380531	0.494713739004683	0.138784799624151
3.1349977411757	1.01370080884567	0.289860968546584	0.389515325771971	0.099654357225387	3.30369360396608	0.465675504277813	0.227695160178823	0.457053329834199	0.229358169655376
3.59250378494779	1.02384238397175	0.34982361997344	0.382396445772303	0.0325728257988628	3.8545311727242	0.458119178315746	0.298444417507217	0.440431385523112	0.141986968015894
4.12957856286023	0.954302226301077	0.439055522746386	0.382811434182531	-0.056244088563855	5.07133259220323	0.438968182608615	0.444794828240967	0.471811429361923	0.0270166011209566
4.21456742437828	1.05747672633044	0.268322727886291	0.283821562934251	0.0154988350479601	6.45899234839813	0.48642189204995	0.270204530753119	0.310506692479115	0.0403021617259965
3.60610808070556	1.05450045733531	0.361831435178149	0.391308157047816	0.0294767218696672	4.24636763172406	0.450868732172821	0.345558302193407	0.443094966464218	0.097536664270811
3.3269365271728	0.918655009694688	0.344813034965332	0.381817235540468	0.0370042005751359	3.99215493836543	0.470542326566687	0.329485346653545	0.511705838572368	0.182220491918822
3.05610078277506	1.022209053724	0.258787266070214	0.362588263948127	0.103800997877913	3.43525221644319	0.450542602855341	0.212102025248084	0.389317824502838	0.177215799254754
4.34821638666469	0.988204601108035	0.449645793562428	0.395009239508589	-0.0546365540538386	6.09847579235638	0.468978869111441	0.49044520052843	0.470978141570839	-0.0194670589575918
3.76333524063377	1.02152191252947	0.356238115977074	0.373893523707657	0.0176554077305837	4.47302544110834	0.461678146885083	0.342434495303158	0.425120528069679	0.0826860327665204
3.6594001562649	1.10208955284175	0.364418347100156	0.440433076614547	0.0760147295143904	4.50723468247763	0.478549940744019	0.350591934004023	0.477768707228668	0.127176773224645
2.15451904966065	0.663747234697199	0.205233148093323	0.303020383734634	0.0977872356413113	2.68657743898482	0.317712893436214	0.168500328794284	0.345584415341015	0.177084086546731
3.7858905415777	1.05442289871754	0.316732312450755	0.405788602352398	0.0890562899016432	4.8418153842163	0.477956874582627	0.294286817397214	0.463334250415907	0.169047433018693
3.60979854068012	1.0319556956259	0.293676920627325	0.356412394353488	0.0627354737261631	4.38858779486352	0.489274822538017	0.266656924484543	0.429977808007234	0.163320883522691
3.12309665781922	1.04930242209515	0.321370454604224	0.43594251448435	0.114572059880126	3.83313133219906	0.486078343983441	0.338153846340044	0.528636191791525	0.190482345451481
3.56525176772223	0.997682475055785	0.330450636431708	0.379593449444339	0.0491428130126312	3.89841768383882	0.463322233508715	0.289963887845612	0.444335645904433	0.154371758058822
4.47449456378264	0.975147032237665	0.409514592590383	0.362600999903692	-0.0469135926866909	5.927711711296	0.403011145412592	0.41915525882697	0.390928784904707	-0.0282264739222638
3.75866517657958	0.959016570071628	0.331260344444629	0.395773679333151	0.064513334888522	4.58004455036047	0.436374205701023	0.294934016176466	0.452537032206355	0.157603016029889
3.76215527508712	0.949197488840367	0.346986367427773	0.37423324699027	0.0272468795624966	4.71218420071535	0.445700282812867	0.332394649700267	0.462204414898968	0.129809765198701
4.79970272481877	1.24092176168148	0.355543918566487	0.384008066491838	0.0284641479253517	5.94166193948192	0.552946182040966	0.350331608305379	0.45040331106737	0.100071702761991
2.09980020891696	0.908052207203672	0.199344307873215	0.437833380459366	0.23848907258615	2.00279822928106	0.395000607089351	0.137087325918992	0.517084699381149	0.379997373462158
4.71162922797374	1.05124103000462	0.430246493714476	0.413999024366668	-0.0162474693478073	6.63674017227923	0.498217116946701	0.460368865873082	0.529082121402534	0.0687132555294519
4.11179194481617	0.828047095564277	0.435933751721251	0.347081406514316	-0.0888523452069349	6.12322921826201	0.331580391768027	0.513830469172104	0.36117281474456	-0.152657654427544
3.08103360708329	0.888268468600875	0.331018125187014	0.39113667428488	0.0601185490978663	3.90728562708936	0.41974269124987	0.320697378597277	0.449160916908043	0.128463538310766
2.763999436485	0.952351662977958	0.268966720670067	0.372673481581741	0.103706760911674	2.64996031799702	0.462566522800738	0.215314804930902	0.491792074118638	0.276477269187736
3.39021248859157	0.964191776931588	0.361244987012166	0.381815587307832	0.0205706002956663	4.30183656485651	0.465452929896757	0.386927763042184	0.486340815611958	0.0994130525697741
3.94551022118424	1.03430155902535	0.390104329907351	0.403667742216512	0.0135634123091614	4.4811472065074	0.484620960461282	0.357223915189647	0.500801975528461	0.143578060338815
3.0601659967767	0.959602921855822	0.299093369262817	0.378293983539853	0.079200614277036	3.85629971666016	0.4586750293629	0.287178223482887	0.463962324533238	0.176784101050351
3.85957346660623	0.908746694653068	0.392799261363852	0.36395191542859	-0.0288473459352614	4.74596412698021	0.419474170020598	0.396255281883738	0.444361495382465	0.0481062134987269
3.52319097961045	0.975605204643111	0.340358370493826	0.376078248780436	0.0357198782866099	4.23664806651197	0.443013777552604	0.337418378314791	0.442524245082069	0.105105866767278
3.11410643649119	0.940135860553543	0.231886887907314	0.290032793710777	0.058145905803463	3.75388765017822	0.424131618839213	0.213832892545689	0.320527113689225	0.106694221143536
3.88687145590961	0.958930389664154	0.382665932789679	0.347693985957666	-0.0349719468320124	4.73301869314835	0.451844491860647	0.389953163841348	0.433970862372726	0.0440176985313784
3.07163692959862	0.938685859627751	0.30027702800747	0.364724105408637	0.0644470774011672	3.72255371199867	0.471023778279047	0.284401802922489	0.466851162425742	0.182449359503253
3.15775662268327	1.00042164932029	0.290612258220276	0.407214045786607	0.116601787566331	4.50327780301804	0.492696392898664	0.289478502688874	0.495077498284106	0.205598995595232
3.27961932271623	1.05752696371646	0.289982280153165	0.39470175012873	0.104719469975565	3.65102378811577	0.520356237891125	0.261405438853738	0.508045602960779	0.24664016410704
3.97934455118984	0.978444473171512	0.374131308544858	0.385127709140349	0.0109964005954908	5.86875889961765	0.487139876629602	0.424937205967355	0.509813304164859	0.0848760981975039
3.34662590315922	0.721414998734866	0.332834133934744	0.284983820247476	-0.0478503136872683	3.89556982371111	0.247999899618976	0.323509572274637	0.272896132052343	-0.0506134402222939
3.62439389609296	1.019991704047	0.380010291772262	0.431190428627677	0.051180136855415	5.11688169078946	0.48576113547031	0.402108627207125	0.516525742437535	0.11441711523041
3.62211739529375	0.895326647511974	0.370586454060757	0.362933103694427	-0.00765335036632969	4.82781340790478	0.425311913089379	0.393555007315616	0.442551680847563	0.048996673531947
3.60282548925244	0.721755122912952	0.384068783579145	0.358645249053578	-0.0254235345255674	4.16440212401941	0.273053903770046	0.34186962839445	0.375545113443201	0.0336754850487512
3.00235317009995	0.852603200287306	0.307140781634188	0.379521140835236	0.0723803592010475	3.77495078524228	0.378179103249799	0.28540191311453	0.433183899877693	0.147781986763163
3.71246240409474	1.05612283363285	0.297443970186885	0.418015980012666	0.12057200982578	4.53600988486185	0.478425836442194	0.264054958119912	0.495603918753524	0.231548960633612
3.87172815313946	1.07722576868498	0.33723151884825	0.399402367851943	0.0621708490036928	4.77335503275675	0.497329219198287	0.326878048094189	0.475321919781676	0.148443871687486
3.40350145578849	1.02524953567255	0.352060248455086	0.417460353291616	0.0654001048365302	3.69494278951419	0.478074360098311	0.303901648626248	0.528059411953275	0.224157763327027
4.44586666046548	1.01128252926305	0.341554128850135	0.260286795008878	-0.0812673338412574	5.74897508134178	0.44507449727567	0.332546574159006	0.268684486398138	-0.063862087760868
2.38078766020931	0.928748418964041	0.0972704687155669	0.173850184911455	0.0765797161958885	2.37647280297139	0.420790631335596	0.0835070734243799	0.210192708002158	0.126685634577778
3.72126446601052	1.13677902054031	0.30701618820678	0.380817912864283	0.0738017246575028	4.32871198882532	0.506094295526506	0.278979638877527	0.423833774142946	0.144854135265419
2.85409601683242	1.03712426519423	0.272742642495126	0.442184009633604	0.169441367138478	2.68087199990584	0.481317545816088	0.192731068982295	0.530204089562538	0.337473020580243
3.87783203777592	1.06291416797957	0.378653737826262	0.414780701095124	0.0361269632688619	4.41847211762801	0.486904593120335	0.331984101257873	0.484299894860202	0.152315793602329
3.66471203213167	1.03781853267639	0.364684507479878	0.429655307591026	0.0649708001111478	4.57884055725434	0.478390362431768	0.371041022694189	0.516834824402722	0.145793801708532
4.2904808422356	0.937056962732871	0.479716110017468	0.3993155267952	-0.0804005832222673	5.65043444077213	0.440338809285996	0.536992640034669	0.518341552102586	-0.0186510879320835
2.85791923043172	1.04662159512748	0.259153168615064	0.402160099329918	0.143006930714854	2.59332173481789	0.461535395288684	0.183995723700739	0.466693348724264	0.282697625023525
2.86195877265143	0.764900296133043	0.250581839349445	0.277006988815249	0.0264251494658033	3.50019708922514	0.294577736106872	0.212454767605514	0.264476282008533	0.0520215144030196
3.57221047680624	1.07684761776637	0.299178667896274	0.377450193294626	0.078271525398353	3.7795427247625	0.497163448652051	0.24821311439051	0.444051026604998	0.195837912214488
3.72478131462201	0.940455691815872	0.369444569898905	0.370711266516253	0.00126669661734763	5.07576933674224	0.452855344542947	0.399713311312553	0.458726881314185	0.0590135700016319
3.45686589267323	1.05088086209483	0.3064753679297	0.40624109780462	0.0997657298749199	3.96372638633216	0.498879409575146	0.282585114629879	0.485142687154871	0.202557572524992
2.11884620756598	0.896593067457029	0.19282605320938	0.345156696732771	0.15233064352339	1.35581113086263	0.395863722825243	0.0862544540795628	0.406800035432288	0.320545581352725
2.69637710022391	0.788404255174035	0.328903261310141	0.412134003994821	0.0832307426846802	3.46191391233381	0.33780834870312	0.314272529002038	0.440145995789512	0.125873466787474
2.81943087099166	0.920890175596412	0.318390693929039	0.474307340112081	0.155916646183042	3.25565384978024	0.384976147775475	0.298130529302651	0.553443858547182	0.255313329244531
3.70125330787083	1.00839100746943	0.330209767197458	0.372942158902324	0.0427323917048653	4.54577752413148	0.441462252086724	0.310081812730192	0.398005298843139	0.0879234861129468
3.68940134492156	0.872366384674537	0.33663133425663	0.293488981836438	-0.043142352420192	4.79424340881876	0.421096951333952	0.348411283548929	0.37214596600509	0.0237346824561616
2.99524898704863	0.837169494403379	0.281471316430958	0.320832362605564	0.0393610461746056	3.54624564938827	0.366081305428771	0.269421689336803	0.352966869199488	0.0835451798626845
3.1764649857681	1.38371218515636	0.163258366341881	0.396742100860502	0.233483734518622	2.6086141332857	0.566882506027433	0.096455457981609	0.414699563046086	0.318244105064477
2.82926832367372	1.01525745626559	0.256008481098148	0.387795998516235	0.131787517418087	2.63959423101642	0.46216726088294	0.179677296001385	0.437192077131543	0.257514781130157
