LR1_coefficients_null_raster	LR1_coefficients_Elevation_16_k10_R	LR1_R2_null_raster	LR1_R2_Elevation_16_k10_R	LR1_Q_Elevation_16_k10_R	LR2_coefficients_null_raster	LR2_coefficients_Elevation_16_k10_R	LR2_R2_null_raster	LR2_R2_Elevation_16_k10_R	LR2_Q_Elevation_16_k10_R
3.09267044832626	1.20348993030759	0.155121105421393	0.356258270396556	0.201137164975162	2.31331081573525	0.69960476523543	0.0666056381293186	0.437321274938381	0.370715636809062
3.74823575382793	1.21695417970873	0.248531029583274	0.359047344720495	0.110516315137221	5.89299200482088	0.75557317784741	0.26716497174986	0.49910655536995	0.23194158362009
3.78048417837367	1.11562361460618	0.22079593914578	0.33111310326337	0.11031716411759	4.96547054970541	0.730210976659111	0.168589463105197	0.462083150119132	0.293493687013934
4.33598724421608	1.21663309680278	0.206867713396692	0.304702015885327	0.0978343024886346	6.96830125091668	0.746494193060032	0.199583422596371	0.39378458876393	0.194201166167559
3.97171740900534	1.11481015537376	0.225432518420698	0.299658986516307	0.0742264680956087	7.31779771547949	0.685472370265362	0.250946434159102	0.364652837911986	0.113706403752883
5.03976126690613	1.1881770565619	0.311173166940635	0.312072789055369	0.0008996221147341	7.9052474684896	0.723639943609548	0.300208963483332	0.40668541480453	0.106476451321198
5.82667293339837	1.07477686972795	0.319926720423577	0.330752738092986	0.0108260176694095	12.2169525338038	0.579836141789138	0.395676792121489	0.42731994488365	0.0316431527621608
5.73538945893488	1.27754123917079	0.367614624984659	0.387300064646219	0.0196854396615595	13.3092137859605	0.805461844084871	0.497384666653282	0.546506868369438	0.0491222017161556
3.12602278883646	1.02600978622766	0.156448792212705	0.252562769881867	0.0961139776691616	2.11464155553087	0.647024765034306	0.0597194070501199	0.359016367567268	0.299296960517148
3.69161466272025	1.17169732635436	0.147507450131388	0.252505374016888	0.1049979238855	5.09424194594536	0.749181941751742	0.125893603124973	0.366022791845689	0.240129188720715
4.01090929598413	1.16587904467928	0.211490660023757	0.324917990478125	0.113427330454368	5.61345027723064	0.710047769732381	0.179511787962093	0.42426134840642	0.244749560444327
3.49173109694434	1.01368917170423	0.222791880431379	0.316679428288359	0.0938875478569794	4.18193275773885	0.618963695215452	0.147473486938323	0.396325931830297	0.248852444891974
3.95190031699785	1.22843500550601	0.235824761132398	0.341841583506358	0.10601682237396	4.03122019725611	0.78449299226338	0.150453310012877	0.480448714603816	0.329995404590938
4.40882370651588	1.30542772453497	0.243760400301461	0.381795970195731	0.13803556989427	6.23604865765282	0.824261320303644	0.20365793103455	0.550790091508493	0.347132160473943
5.1047464553558	1.06443784496508	0.325930624180903	0.301591782122222	-0.0243388420586813	10.7933031006366	0.669496278316701	0.426370290363885	0.423953379915704	-0.00241691044818054
5.97712361579544	1.22496967531782	0.379291947927583	0.362612647152969	-0.0166793007746144	13.6365078178145	0.768891671042433	0.524082573357804	0.521164811844278	-0.00291776151352607
4.17446269249212	1.17189031330136	0.250156747107095	0.349977570356741	0.0998208232496454	7.14559019022966	0.706628577065469	0.261950811356172	0.452880736370481	0.19092992501431
4.97816522359283	1.17605436185435	0.290766971527141	0.346997369016787	0.0562303974896458	7.10084077819779	0.698825690888451	0.257965474492415	0.474146823187446	0.216181348695032
4.0452948942335	1.24696485978136	0.234439579244047	0.369631164187418	0.13519158494337	5.12908592249903	0.749245805069359	0.174086781100609	0.506108816937156	0.332022035836547
6.09636877312436	0.839636272891702	0.371694353112877	0.209363768951189	-0.162330584161689	13.4449173030476	0.465077588447614	0.506049682955752	0.253512221600863	-0.25253746135489
2.92563585883109	1.00268758350789	0.114567757549532	0.224838594134792	0.11027083658526	2.16335626911042	0.592572201963425	0.0497928959468259	0.29409185935168	0.244298963404854
4.77846200873514	1.1818209529994	0.26594415261967	0.308535255820653	0.042591103200983	7.2620239819875	0.739155971339321	0.259153277198981	0.428262379616323	0.169109102417342
6.92843119278361	1.31517389408811	0.405070229333166	0.347035482202243	-0.0580347471309227	12.8417621972351	0.804318510029532	0.473171631488974	0.452063086391079	-0.0211085450978948
4.2027624614561	1.15959843127231	0.240616781269041	0.323928247211806	0.0833114659427648	5.62844434774817	0.683987289089927	0.200585570233892	0.405931724798409	0.205346154564516
5.1508109676119	1.04694232947795	0.199483083980532	0.20612843788287	0.00664535390233781	12.9870320374343	0.656617995159604	0.261468768144636	0.265186098329081	0.00371733018444531
2.61746320190689	1.00506406797957	0.135341225195259	0.280257358426175	0.144916133230916	1.93006035174381	0.591182467900184	0.0563569931241371	0.372461918432351	0.316104925308214
3.99529541153556	1.3620195529075	0.268510366222919	0.419758663511785	0.151248297288866	5.09363222472799	0.797679711705422	0.250938902006412	0.586342083306727	0.335403181300315
3.95882121324775	1.31325158956874	0.187948554190854	0.295941925339227	0.107993371148373	5.95655649579036	0.81009803368463	0.167778075685843	0.366206850418403	0.19842877473256
3.97740527703114	1.24043725945423	0.212224770931487	0.322251381469466	0.11002661053798	5.70249272104237	0.682201161439758	0.190676635755139	0.401201634030268	0.21052499827513
4.02439736655896	1.21902499841358	0.174460515183856	0.228813292878264	0.0543527776944081	4.40990825438652	0.764737418047516	0.123352909219791	0.297472347353128	0.174119438133337
4.37026084209485	0.886938602650705	0.3245192385826	0.294937000902752	-0.0295822376798481	10.0628638512757	0.561322896453922	0.417496444148226	0.396819467232647	-0.020676976915578
3.93139936332599	1.20398274956295	0.252349664319541	0.344671285857924	0.0923216215383831	6.2179342048932	0.81642188017033	0.242870345829237	0.485212117797778	0.242341771968541
6.0320041589205	1.07334564868369	0.336143127621441	0.235322592692771	-0.10082053492867	12.6798419365534	0.668020054818382	0.427273403527011	0.302572432870083	-0.124700970656928
3.66685865160741	0.934972210293329	0.232680531893465	0.269069691429066	0.0363891595356011	5.95665471656567	0.559616648702551	0.217026679777536	0.341018584838611	0.123991905061075
6.92190536800552	1.38705359711497	0.407353771927484	0.38720112924592	-0.0201526426815641	14.0927280801094	0.798091919374949	0.510236541014031	0.49596161518296	-0.0142749258310708
5.8964793761112	1.12647968736302	0.333662428524889	0.303430544440556	-0.0302318840843329	13.8853064976614	0.707188595642223	0.47442684654056	0.414993442819813	-0.0594334037207475
4.41756677808183	1.29891142178642	0.269383579216993	0.36407160464594	0.0946880254289474	6.85007204173252	0.840938352689497	0.241945946657797	0.52729599439008	0.285350047732283
3.68319273450184	1.15664403315766	0.215746626218377	0.322551401290117	0.106804775071741	4.70411431351154	0.751494836061078	0.154694906571549	0.454411215891778	0.299716309320229
4.21001907257722	1.19350674208536	0.248923185322532	0.315262957744824	0.0663397724222923	4.84001315506464	0.729791460271105	0.174149043422652	0.417398780756465	0.243249737333812
5.21001844997579	1.06608648770368	0.327067434410414	0.29240477531799	-0.0346626590924242	10.7689295742174	0.65670672438635	0.430777514175763	0.397303387934803	-0.03347412624096
4.58403311026572	1.17788892374589	0.191990093256954	0.237725749978416	0.0457356567214622	8.29583909294188	0.704577172646489	0.182526692969948	0.28375951420183	0.101232821231882
4.2212042935728	1.23830132254189	0.264136055663992	0.324573669032111	0.0604376133681189	5.78687367995719	0.75742124819876	0.225689876707989	0.441053318865427	0.215363442157438
3.60974450766651	1.0018366080333	0.229116748235449	0.297542724132245	0.068425975896796	4.80391108598544	0.685921906154786	0.186002944402029	0.450492475713325	0.264489531311296
3.45064579355015	1.19857000070687	0.189161747107733	0.32104389143751	0.131882144329777	4.13917062527746	0.776326983994665	0.128174487824397	0.432814820748658	0.304640332924261
5.47552400763493	1.12442630980563	0.357540337050915	0.319131065439958	-0.0384092716109569	12.842968945202	0.734606535213114	0.511310137335461	0.434982842756461	-0.0763272945789993
4.32579781529588	1.1776741959319	0.248812700733187	0.307722973294784	0.0589102725615965	5.80899286181447	0.729286769109302	0.208178386862531	0.398434024667128	0.190255637804597
4.18987372007212	1.30214676228681	0.257993259914582	0.378123102059365	0.120129842144782	6.43499173158592	0.791262367236027	0.240805794733973	0.479038545053967	0.238232750319994
2.61214066423055	0.856655381137776	0.152833727371384	0.292990178225376	0.140156450853993	3.56286895931096	0.573243383083175	0.100984337249394	0.411579634244208	0.310595296994814
3.96881964454408	1.20075379005672	0.199693057370377	0.330350172213406	0.130657114843029	5.33161997575041	0.732557038802445	0.154467979513786	0.425304325552581	0.270836346038795
4.15835052704051	1.15875171255862	0.219206447862805	0.297083441263218	0.0778769934004128	6.35543400037805	0.752144687091927	0.196549580527353	0.422688257990961	0.226138677463608
3.39151346761928	1.17295355478384	0.190725749354789	0.304236827864668	0.113511078509878	4.68628088316997	0.764440401192137	0.157378561443486	0.408539546312882	0.251160984869396
4.20214474877292	1.10846277822695	0.249436888826923	0.308174221849881	0.0587373330229585	5.11271678350578	0.687136041023881	0.18719908954242	0.41135398368482	0.2241548941424
5.37506042841826	1.13497643758406	0.298164480432811	0.303674101033912	0.00550962060110094	10.6787263804657	0.691967052446977	0.361089150462352	0.401904333244522	0.0408151827821696
4.34705878257293	1.08463529591051	0.253269062549844	0.342102703869853	0.0888336413200085	5.92590764951653	0.620008188232531	0.198064575258537	0.430990602620345	0.232926027361808
4.08866630787169	1.05752710936497	0.219663745116585	0.275911935596878	0.0562481904802924	5.48611251685412	0.670953378568413	0.174353890151007	0.372513328323313	0.198159438172306
5.36454010982876	1.35084028451189	0.238846972013931	0.291051188576329	0.0522042165623983	8.44843540546742	0.819138009710372	0.238362656072504	0.380091177060447	0.141728520987942
2.16129777296233	1.1142477019636	0.111236404569902	0.367443263915269	0.256206859345366	1.63878448945273	0.657273233786797	0.0417561550386845	0.50511649787114	0.463360342832456
6.03622063132487	1.20138110508332	0.351668685594315	0.34802061601954	-0.00364806957477526	14.0913737575498	0.761068686106404	0.498312983651376	0.51338194140748	0.0150689577561042
4.93679016961295	1.0107613598825	0.310515194483998	0.280089149323246	-0.0304260451607528	11.0555260396344	0.613098307582439	0.435130975504065	0.358279029167555	-0.0768519463365102
3.51879947670348	0.992704589194892	0.240129209165383	0.320997612800587	0.0808684036352037	5.52947616786952	0.60627076539917	0.221425160528557	0.404613640971847	0.18318848044329
2.88087702601486	1.05777426225156	0.171112564581125	0.30132799853712	0.130215433955995	2.34982321215656	0.704706938891142	0.084724986687127	0.454932135009101	0.370207148321974
4.02622338257749	1.08640017415529	0.262379450904474	0.3035334021936	0.0411539512891261	7.2069151058145	0.720143847645327	0.293445650156976	0.442164459325454	0.148718809168478
4.76158765415544	1.15460350041264	0.300109126861284	0.328154961732976	0.0280458348716924	6.69405145342655	0.709565700244834	0.264749617551921	0.460026541403173	0.195276923851251
3.39713338778619	1.09925895133987	0.204817536756654	0.309559629836358	0.104742093079704	4.82987479467101	0.742834614852425	0.169280075934515	0.441612184447878	0.272332108513363
4.30625038173422	0.990357603225907	0.257578238262365	0.278303876760716	0.0207256384983507	6.78239279312068	0.57397777443898	0.257348630652496	0.360370228241303	0.103021597588807
4.17619934355132	1.11371802561653	0.244860811351499	0.30103013673002	0.0561693253785214	6.72305376845687	0.692747688126972	0.245448493842604	0.401564476821583	0.15611598297898
3.45758458715008	1.07885905059851	0.16384369327573	0.243248734690559	0.079405041414829	4.29813978423288	0.705117915500403	0.11719576959133	0.318526982432962	0.201331212841632
4.431901710582	1.04188948465365	0.260472623331025	0.249233656576983	-0.0112389667540418	6.99504791805233	0.669096106636706	0.261787673694218	0.334050549108039	0.0722628754138212
3.44602007921913	1.02507165237973	0.217608344815432	0.289501937588688	0.0718935927732554	4.5644455353878	0.692696564036097	0.172087113213175	0.421139989791356	0.249052876578181
3.47831870341541	1.1581532314556	0.20464283736907	0.348803158571958	0.144160321202888	5.65487119549451	0.78380147612306	0.178215134925088	0.505906580655732	0.327691445730645
3.39713615467868	1.18962326269169	0.177161750858759	0.322319232751904	0.145157481893145	3.49636528744121	0.770700665156216	0.108983886638154	0.464733349898509	0.355749463260354
4.58126765390895	1.09045231776296	0.281913624845468	0.322056175872457	0.0401425510269883	9.99062579795185	0.681399744837964	0.379363017200146	0.463465189330364	0.0841021721302184
4.34919382626381	1.06568421271756	0.262172883546316	0.273740712739838	0.0115678291935218	5.18199986716663	0.628247384765001	0.205438795707956	0.352976150272739	0.147537354564783
4.13238724239049	1.19605473295392	0.26581010028558	0.361812072689868	0.096001972404288	8.07988341040878	0.799639974687331	0.302476178032717	0.510101000043456	0.20762482201074
4.12081969419937	0.99146301390566	0.259994504555473	0.286968721435054	0.0269742168795818	7.73319930942326	0.614763010722265	0.296024445698801	0.372539885673406	0.0765154399746056
5.1346317342997	0.879439591152247	0.301989322858062	0.264539445614062	-0.0374498772439998	9.36153827384153	0.475544477140327	0.328366619314795	0.310628614419983	-0.0177380048948121
3.34231865643054	0.981608416504835	0.191522371405973	0.280394253112067	0.0888718817060937	4.68609171843627	0.600191286056124	0.14610591019026	0.348635283052832	0.202529372862572
4.06157156657821	1.18205087250402	0.206745028427548	0.354237317372132	0.147492288944584	5.20106743057078	0.670360938850474	0.150688285409642	0.458782543880923	0.308094258471281
4.37867375363114	1.20933697491912	0.241224447292899	0.323852824193288	0.082628376900389	6.19559643500815	0.7581899214103	0.209350852694859	0.43420214186028	0.224851289165421
3.61442547932012	1.16236609825307	0.221383624273844	0.327287219478277	0.105903595204432	3.76630011913476	0.752750846974923	0.142377207685321	0.477360817794287	0.334983610108966
5.19606445960781	1.1357334824733	0.274964217609408	0.229209930528922	-0.0457542870804856	9.1046088738959	0.674067604736243	0.293616577513957	0.272106643314687	-0.0215099341992706
2.23800557644144	1.0477101558349	0.055201499650229	0.147767923508673	0.0925664238584437	1.84573531793882	0.644185631555665	0.0285107197410401	0.196896465456447	0.168385745715407
4.12860993098825	1.27461607134462	0.215246504477385	0.313918630513885	0.0986721260364997	6.03883582685647	0.751898579619616	0.18748505385927	0.384987506455606	0.197502452596336
2.92016361582438	1.20668048127222	0.1690568550031	0.375676522254015	0.206619667250915	2.29015687176213	0.758981476940002	0.0751200786562819	0.520690965452785	0.445570886796503
4.5393512309778	1.23113450449674	0.277738944237008	0.349355390508877	0.0716164462718697	5.86726508089967	0.775180387963004	0.218780763826586	0.478819089440266	0.26003832561368
4.23222385118875	1.20611780635639	0.243075958003632	0.340595233897933	0.0975192758943014	6.67214997580982	0.778633496413395	0.237815178029448	0.473347337969529	0.235532159940081
5.64020671030419	1.02767802661349	0.371959606549032	0.29469613094423	-0.0772634756048021	11.4953858874913	0.643599796457541	0.497545482648764	0.41468256531086	-0.0828629173379037
3.11520742043184	1.20525365811218	0.179125843764585	0.344367515739142	0.165241671974557	2.40746263373277	0.720701763497019	0.0820470435595577	0.469554445689422	0.387507402129864
3.51730746994948	0.993267236188006	0.199927059381347	0.254320757633683	0.0543936982523364	5.75125965218565	0.636831057868056	0.172008357452535	0.318985591823795	0.146977234371259
4.0434184546963	1.22827881978007	0.215577542949405	0.321651133180254	0.106073590230849	4.25165731604862	0.78268999937927	0.137344154768498	0.44490335625476	0.307559201486262
4.36951636357078	1.05427310902248	0.26666258314672	0.294135449253047	0.0274728661063268	8.00537023987302	0.68750199714305	0.302997003053041	0.420361818251069	0.117364815198028
3.96419261924573	1.2198938961564	0.222253716901982	0.350646045177163	0.128392328275182	4.75634799687009	0.784210421093725	0.16755457702334	0.488162296383937	0.320607719360597
1.90738174990636	1.00129867288446	0.104764374538578	0.275237605985504	0.170473231446926	0.85249524524721	0.63663618887533	0.0236306191996126	0.392246313153092	0.368615693953479
3.27923039439003	0.975258701836871	0.228019734585023	0.352417974913969	0.124398240328946	5.84138160594976	0.626077651588716	0.220832768493501	0.475715421577215	0.254882653083715
3.22890194565409	1.12201651263134	0.214843209827538	0.405995523164653	0.191152313337115	4.32010513056934	0.666912948612698	0.176705640673562	0.559974102408492	0.38326846173493
4.27929361803997	1.17175404401899	0.231900316247399	0.311831989133289	0.0799316728858895	6.94229235782199	0.738929919561624	0.219730716045897	0.397177783459682	0.177447067413785
4.18380054438874	0.933448916040177	0.235734084078668	0.219811296496008	-0.0159227875826598	6.80869992938375	0.59448762310173	0.239514248573093	0.305172367703769	0.0656581191306761
3.52861064297612	1.00617445541841	0.20182650538051	0.259865261976398	0.0580387565958881	4.94443138032668	0.633300688115597	0.172254149892565	0.326900441414484	0.154646291521918
3.52766001682621	1.69552318461803	0.12739544277432	0.406164142578838	0.278768699804519	2.42284844460145	0.979104585349236	0.0482335078110158	0.53613212238142	0.487898614570404
2.90863392772746	1.17393898192492	0.166682314227413	0.33490566093473	0.168223346707318	2.30040711567887	0.759684620618549	0.0757644539886146	0.454675783607244	0.37891132961863
