LR_coefficients_null_raster	LR_coefficients_Elevation_16_k10_R	LR_R2_null_raster	LR_R2_Elevation_16_k10_R	LR_Q_Elevation_16_k10_R
-0.0612252905104585	15.4315457665713	1.49980507165804e-06	0.128452920090942	0.12845142028587
7.43309962208755	21.4999133058951	0.0169279736771883	0.190937158911175	0.174009185233986
19.832536000859	33.3596729546802	0.061233824152851	0.233577174965961	0.17234335081311
59.0358024402332	46.0624892654313	0.213536618162241	0.175262176747249	-0.0382744414149926
2.96811981685289	29.8960335085921	0.00122879402813977	0.168071985331915	0.166843191303776
30.6940876538045	31.8685164948905	0.10166317537022	0.147750810328879	0.0460876349586586
32.6192019218328	40.0344779000292	0.102373288733965	0.207902789416833	0.105529500682868
45.0376794851636	53.6674760413021	0.106874629678616	0.204595904742363	0.0977212750637468
53.8276556218086	47.4129402993171	0.169474065762395	0.177271166351388	0.00779710058899286
120.016806392677	92.959706797715	0.195977740850393	0.158512721493732	-0.0374650193566611
43.1455724592995	38.4671558466948	0.206249622306942	0.221030815656288	0.0147811933493457
39.8141359016791	33.0657280190053	0.181738136471798	0.168997240094633	-0.0127408963771643
18.4943002209825	43.7617550799435	0.00878758974470746	0.0663338878430531	0.0575462980983456
122.579554073238	86.5220507407318	0.199288467776156	0.133860270301669	-0.0654281974744871
70.3547044910258	57.0416582629626	0.193059815805623	0.17109678844536	-0.0219630273602632
38.5749567480969	36.6871160797245	0.164445540017804	0.200535070244758	0.0360895302269534
-0.751914944514662	16.1823027780827	0.00020738204068434	0.129498970876049	0.129291588835365
34.4565406386196	41.8804833067729	0.108268601458307	0.215642606218254	0.107374004759947
3.41233333451878	18.1883992358484	0.00219541428559208	0.08409196881662	0.0818965545310279
3.06671700204968	21.2237032182986	0.00183377317266562	0.118411123829858	0.116577350657192
25.6916893732114	56.0108009981935	0.017181486733109	0.110095861971021	0.0929143752379122
53.0967832180508	55.8952459190947	0.141951435966007	0.212082627337686	0.0701311913716793
-6.04001945560546	47.0115821796608	0.00151325231272555	0.123593721259804	0.122080468947078
90.5260090318467	90.6634139051891	0.156054290881641	0.211030442486565	0.0549761516049236
59.1411742614577	43.5362760561526	0.157146774792115	0.114810106650124	-0.0423366681419902
18.0478487814997	28.4709074817385	0.0673625575151185	0.226007203842164	0.158644646327046
38.3603794581937	43.2866462998141	0.128039153173222	0.219804644810959	0.0917654916377374
123.316097196884	78.5776758456824	0.168186694080637	0.0920666740091645	-0.076120020071472
3.41831550018371	20.4152501993287	0.00228140360386447	0.109708231711762	0.107426828107898
71.0474883113657	73.8443572460986	0.139977992143749	0.203867927547696	0.0638899354039471
160.421648182045	112.103518118725	0.180067924873456	0.118549809846081	-0.061518115027375
19.2861356754054	31.2750625852214	0.0606159062432111	0.214904019104209	0.154288112860998
3.67224310312168	21.0592498146887	0.00185538632640697	0.0822638943352136	0.0804085080088066
36.9391042881591	53.179736114983	0.0768217824553452	0.214662411894867	0.137840629439522
8.61783060863649	17.365340198592	0.00748753765486524	0.0409884656122167	0.0335009279573514
0.288106947575626	11.2039597314532	2.39932593791747e-05	0.0489189173697768	0.0488949241103977
38.7544936949761	30.5309729398266	0.147312984877537	0.12326227366489	-0.0240507112126474
20.8642646603831	36.4081414379285	0.0535646791102084	0.219898028562816	0.166333349452607
136.516073332945	95.7146955419363	0.223177510263862	0.147908145242057	-0.0752693650218047
16.1020988229616	26.5007544271388	0.0564943217142575	0.206304317461189	0.149809995746932
93.0464658161664	75.6304623762919	0.223705297653718	0.199260857101676	-0.0244444405520422
6.26590710249273	44.477680557758	0.00236237590733834	0.160478679286003	0.158116303378664
45.3115682584725	33.1032151914083	0.161127745334427	0.115942976809962	-0.0451847685244655
94.9026222513083	69.2324890210184	0.169220744853363	0.121414081968313	-0.0478066628850503
188.714806498915	136.455292792562	0.252691080747108	0.178119195273283	-0.0745718854738254
35.5233660386188	53.1959073195661	0.0665690175800846	0.201257626021638	0.134688608441553
27.8509241680176	41.5397828882864	0.0764105931436634	0.229168432757968	0.152757839614304
196.40651357246	158.237504886401	0.202494782961829	0.177203751504564	-0.0252910314572649
23.2139716328838	26.014002194342	0.116709256440334	0.197593529652559	0.0808842732122251
11.2542673900025	28.6005041214753	0.019824396339106	0.172609560825906	0.1527851644868
36.3381442589526	41.3845809080943	0.13544018334746	0.236837863869915	0.101397680522456
76.1382365664435	47.7488505581622	0.169762868432999	0.0900149981767399	-0.079747870256259
31.0217358235088	41.1278255677857	0.0958656544697179	0.227171749457141	0.131306094987423
47.433183543025	45.1141921911321	0.18384312431133	0.22421319934704	0.0403700750357106
9.57605252405314	29.4148016191298	0.0126424880869028	0.160821230187486	0.148178742100583
1.5483217881236	17.7960362922693	0.000767285979969328	0.136657471377294	0.135890185397325
19.8713750073331	28.80750391279	0.0758540163302947	0.21492453182358	0.139070515493285
51.9132805082335	63.465599130956	0.107179867991507	0.215965821565276	0.108785953573769
15.0721046459104	26.6779486397688	0.0475185069178082	0.200711298690651	0.153192791772842
37.2905076764745	41.1729993830739	0.134187182834326	0.220542093769931	0.0863549109356048
33.4778564454709	35.9824165212147	0.100929318105547	0.157193529603948	0.0562642114984013
5.07153728266359	24.9447512811739	0.00358740090643427	0.117006785428794	0.11341938452236
4.82357752201343	20.2107517313239	0.00336971068572718	0.0797574044674361	0.0763876937817089
37.9010513982056	38.4102161213592	0.173999046690623	0.240929418500835	0.0669303718102125
9.47733138988352	59.9601498348548	0.00155272372886864	0.0837914069248488	0.0822386831959801
22.2875792687365	29.4372359560011	0.0897573062737551	0.211100891606119	0.121343585332364
6.54823529662792	17.4121704253602	0.00620416353970949	0.0591415192706857	0.0529373557309762
27.625562328192	41.2261706016193	0.0710466818272342	0.213314066289971	0.142267384462736
55.9142390591716	68.9766764880441	0.104404811105415	0.21420627535599	0.109801464250575
16.7903017870334	24.0197904443249	0.072792974029885	0.200845858260962	0.128052884231077
61.2437105060896	45.1457835417599	0.185171452603824	0.135655494824404	-0.0495159577794204
21.4898994530434	25.9685438217465	0.0871553728871623	0.171582337904792	0.0844269650176297
16.4620616375639	27.9827817773454	0.0537881558144454	0.209532775004522	0.155744619190077
56.2658501582562	57.6494912794456	0.144493847730333	0.204504342492234	0.0600104947619007
42.5912547289607	40.1381442249513	0.190767420610958	0.228417790364715	0.0376503697537568
54.8439835195332	36.7681983128794	0.155689003125756	0.0943401709370505	-0.0613488321887057
12.7609255896619	33.2619401054375	0.0160387815438192	0.146910941096262	0.130872159552443
2.82421377930143	18.2720447299573	0.00176457118280241	0.0995795916419483	0.0978150204591459
28.7167449853129	35.7116893693864	0.105078897063861	0.219087624630228	0.114008727566368
2.0833722734571	18.7848832707822	0.000692248596209865	0.0758747580888286	0.0751825094926188
38.6500289461865	48.3545547834712	0.101132577733984	0.213411674801946	0.112279097067962
25.6326184311253	26.7547245230323	0.0975351939483152	0.143261123507221	0.0457259295589056
7.04089805870782	20.872478400882	0.00468643950637067	0.0555247880359051	0.0508383485295344
92.470413433204	66.5060475578476	0.192674100970979	0.134366798674049	-0.0583073022969297
0.00540377896642574	12.8323870563525	8.74977251797838e-09	0.0665224953909476	0.066522486641175
38.3017093307725	41.2686685326344	0.140498411204705	0.219901389293258	0.0794029780885531
4.9817906158533	30.9837873090129	0.00311199537214303	0.162288971540439	0.159176976168296
70.3635138028272	55.8967185770709	0.25007707669348	0.212766599253155	-0.0373104774403248
30.492887250529	39.0506851613554	0.101836125892036	0.225171861115524	0.123335735223488
26.9601970402934	34.1351948097711	0.102243412090127	0.220976445013307	0.11873303292318
55.0127829613422	39.8171886752445	0.142825408543029	0.100872176465662	-0.0419532320773669
27.8143145135818	33.977377036367	0.114058733052836	0.229468724648273	0.115409991595437
123.059453459001	87.9726457664873	0.18309439594515	0.126151493325082	-0.0569429026200682
12.8503588882193	26.9965475308345	0.0314237180848751	0.186980120417879	0.155556402333004
22.9142442093453	42.7306683629541	0.0445986049035105	0.209093986908188	0.164495382004678
2.16055203053645	17.7150433014609	0.00131574691860386	0.119255752885866	0.117940005967262
104.773237732682	84.003679107479	0.257986865543305	0.223586466487125	-0.0344003990561804
15.2378719612304	23.0329251529606	0.0549910667086573	0.169392311156519	0.114401244447862
64.6679975894187	58.4208491252683	0.191906920245903	0.211154089015202	0.0192471687692995
53.1061268848285	51.6152095566461	0.149370859008361	0.190232167521013	0.0408613085126513
