LR1_coefficients_null_raster	LR1_coefficients_Elevation_16_k10_R	LR1_R2_null_raster	LR1_R2_Elevation_16_k10_R	LR1_Q_Elevation_16_k10_R	LR2_coefficients_null_raster	LR2_coefficients_Elevation_16_k10_R	LR2_R2_null_raster	LR2_R2_Elevation_16_k10_R	LR2_Q_Elevation_16_k10_R
4.86006541735359	1.66990585326321	0.0648881749248497	0.126126270551543	0.0612380956266931	4.51178470390332	0.807133194533602	0.0255745402940927	0.102167678658944	0.0765931383648512
8.80749724218285	2.51600515187502	0.106051661906529	0.133984040933997	0.0279323790274676	9.28611806657096	1.22927295176237	0.0597325400655534	0.111506530529036	0.0517739904634825
9.12354932260134	2.35293918849294	0.149437245131206	0.185313142961858	0.035875897830652	13.3785094631295	1.08709665884719	0.127854906809901	0.157880152774314	0.0300252459644129
10.3968163697881	2.09018548593305	0.16772224781104	0.106079462548831	-0.0616427852622097	18.0345808304745	1.13629660770833	0.18597452665224	0.100630253244765	-0.0853442734074749
8.7470914122671	1.57265282337388	0.155678691764754	0.0867156713154274	-0.0689630204493263	9.62624520820359	0.750650070728756	0.0890188954938409	0.0693708933889596	-0.0196480021048813
8.16336746335231	1.80896473781633	0.109300006715251	0.110234325777075	0.000934319061824049	13.7957793109233	0.937277553034731	0.11906056174902	0.109622134300142	-0.0094384274488785
3.13480740066565	1.91869790910552	0.0266099600934626	0.148303869546681	0.121693909453219	1.62568928700923	0.947759210333913	0.0046402745959342	0.120042423249735	0.1154021486538
5.22895103173088	2.47147958220838	0.0599579826609228	0.14512984854549	0.0851718658845674	5.08292292691634	1.35666670359234	0.0274928971341	0.130860929172582	0.103368032038482
5.47642439472948	2.4445370572883	0.0695924483772487	0.220139711266686	0.150547262889437	5.39438249748602	1.37927026201642	0.0244767566145791	0.221888217237973	0.197411460623394
4.83132357203662	1.50632109664502	0.099883159282223	0.216065399995281	0.116182240713058	6.60110425321001	0.691292849503537	0.0504414679918088	0.170230425190875	0.119788957199066
9.93633590326579	2.04772148060026	0.0894382524824049	0.0946751661423684	0.00523691365996355	20.6899013933415	0.881244357575109	0.0714010356709696	0.0620326019853999	-0.00936843368556974
3.12364870144144	1.74619369413762	0.0442054560694276	0.209161344000937	0.164955887931509	2.6497421854115	0.936242957406887	0.0087028244437356	0.182233065323772	0.173530240880036
3.65294964676778	1.57700983600201	0.0633091577010756	0.196576556715547	0.133267399014472	2.82379799604584	0.699784801334871	0.0158567206985241	0.143179596100016	0.127322875401492
7.06194434673879	2.02367748816386	0.0792416309715038	0.128001212413428	0.0487595814419246	7.30436811938495	0.934726133788603	0.0371790002929485	0.107608025260802	0.070429024967853
4.33115768193374	1.63222011715432	0.0881368513044906	0.188277172510094	0.100140321205604	4.37460748176993	0.800581293712881	0.0449679032486362	0.166749026873138	0.121781123624501
7.61340610565634	2.36150630132192	0.0789061313276726	0.109561851436551	0.0306557201088779	7.91338917762525	1.03902676514117	0.033150569113538	0.0681911545203265	0.0350405854067885
12.7558751595254	2.61966507716114	0.237243339212319	0.222223848399622	-0.0150194908126971	32.0546848096581	1.35562524952844	0.289927475257684	0.207330310858896	-0.0825971643987879
2.6111174311771	1.80163709540609	0.0382009630551954	0.204210361279834	0.166009398224639	1.74460495480805	0.944720810446872	0.00960193525413	0.191227328037865	0.181625392783735
3.40744140417971	1.77569831844585	0.0462658183855146	0.212647928905122	0.166382110519607	3.0445032693923	0.906311233922893	0.0141803157576177	0.216405558500523	0.202225242742906
5.55064509780823	1.46236256443822	0.0950574640580901	0.119879123264952	0.0248216592068623	7.39866514796724	0.700927430792499	0.0503466166960509	0.0964647298992198	0.0461181132031689
4.7906614610805	0.883086247847763	0.0876171295481227	0.059684243843479	-0.0279328857046436	6.35645507307559	0.358976979765642	0.0627819709719602	0.0360708147312206	-0.0267111562407396
2.79912406801523	1.25550491397122	0.0404405883124088	0.105124286003331	0.0646836976909221	2.60199668319245	0.594665699085992	0.0166380638733891	0.0830240692763813	0.0663860054029922
4.22122944903246	1.52581258028148	0.0729892191820453	0.155954344763674	0.0829651255816282	4.13309879821927	0.776302696238115	0.0284584991577987	0.135068469021411	0.106609969863612
3.10893183799761	1.2062522131251	0.0244035656246059	0.054499380488719	0.0300958148641131	3.91819477428693	0.562037923660164	0.0158126410641992	0.0384490007735975	0.0226363597093983
2.64872626474699	1.32004320573898	0.0239426932946843	0.123445419568975	0.0995027262742907	1.82856958195004	0.601147789634491	0.00496343952411867	0.106531284737534	0.101567845213416
4.18183660968655	1.76945762425746	0.0777745768980327	0.211921480438454	0.134146903540422	3.83572805842409	0.892635260123411	0.0268516090796937	0.181938081702428	0.155086472622735
5.35813971579318	1.48243619510682	0.100387764625476	0.142235681329118	0.041847916703642	6.68981356541038	0.704645774942998	0.0655854460855883	0.113261557159213	0.0476761110736242
4.51132356387497	1.47264559061295	0.0490513844297749	0.0960918250173297	0.0470404405875548	4.71637583316357	0.675761237671334	0.0264718712462421	0.078757405738867	0.052285534492625
1.72180907350968	1.2672149558796	0.0138466765615688	0.0921349831252285	0.0782883065636597	0.994886745421116	0.667707668239588	0.00328315491364718	0.0938209903999896	0.0905378354863425
4.95636026212668	1.73297150628289	0.0773001470250011	0.17156537969678	0.0942652326717785	6.14610175132506	0.888497874655762	0.0341084142275344	0.15108860306903	0.116980188841496
3.80426823912642	1.6480067857669	0.0486486224864156	0.135345840120691	0.0866972176342749	2.74230048761921	0.798542149656602	0.0130305445012827	0.104980465180155	0.0919499206788726
4.48782357930459	1.91004284705014	0.0796954447727534	0.206856106097566	0.127160661324813	3.08057359907935	0.95243823602961	0.0187167610659294	0.159037891667606	0.140321130601677
3.058583604092	1.56621222966883	0.0390594680173626	0.148232846878301	0.109173378860939	3.06226036662438	0.803104397302	0.0161491078001613	0.126202356101328	0.110053248301166
3.80117622303954	1.41655931829354	0.0565706855698739	0.138855594943473	0.0822849093735989	3.17116854498946	0.625469742954964	0.0212842453031986	0.0991166096771566	0.077832364373958
4.32708576278088	1.68555187277451	0.0936933253238869	0.223928709848441	0.130235384524554	3.67766456679797	0.779578395278131	0.0277541286649668	0.170386279919396	0.142632151254429
6.66775471887299	2.67601664602593	0.0975932716661171	0.27794617423273	0.180352902566613	6.67910159968843	1.36796232696682	0.0404064401144848	0.279350726286086	0.238944286171601
2.74178175650926	1.49194395521913	0.0428245855565607	0.186709829759372	0.143885244202812	1.76580976465209	0.76373049003554	0.00698953437917714	0.16081069847451	0.153821164095333
2.62419827134202	1.95170450343936	0.0216090351464821	0.14907801904969	0.127468983903208	1.52498984848757	0.925182647058252	0.00415454335514043	0.109739053683793	0.105584510328653
3.63384228348628	1.44662223686131	0.0586565039134661	0.183307877836441	0.124651373922975	3.28730553063201	0.630825839483576	0.0196390064596061	0.14233864503701	0.122699638577404
1.73452211952719	0.857351486596381	0.0137088774870869	0.0540738962511346	0.0403650187640477	1.32509710585709	0.358937803387069	0.00313721704233668	0.0336653087612168	0.0305280917188801
5.4868551115874	1.76818440736245	0.0858106851495071	0.133545164220439	0.0477344790709319	6.74232951916767	0.912424882947133	0.0475592361789917	0.117872692036333	0.0703134558573417
2.36178783934716	1.50728935876771	0.0184774421468224	0.128923789052801	0.110446346905978	2.32089876818336	0.785407145269125	0.00501107095168683	0.124776505990782	0.119765435039095
7.69899783429664	1.54534753292211	0.107139613216475	0.0868170323993515	-0.0203225808171235	9.18360261319956	0.560788689215465	0.061292513044836	0.0494755253815213	-0.0118169876633147
3.77531984592551	1.83559512336273	0.06273174890856	0.19092920808071	0.12819745917215	3.2798532518207	0.85977433183637	0.0225810936114566	0.150019418490953	0.127438324879496
13.0495769609508	2.24116691775497	0.193406219368496	0.165594755155073	-0.0278114642134234	24.4542145085171	0.931765350366296	0.189307729131424	0.118286993120823	-0.0710207360106009
3.98160509130402	1.29096559410909	0.0577759563584499	0.116059981046704	0.0582840246882542	5.77023221839377	0.576058902159258	0.0456132839856756	0.0909542940586203	0.0453410100729447
19.7138785667152	3.1025907238543	0.167310375037391	0.0654958771834886	-0.101814497853902	27.240492639796	1.35776479184166	0.128654376572543	0.0451592658579618	-0.083495110714581
5.30752431039709	1.63858078733763	0.0444551160847978	0.0666399822691362	0.0221848661843383	4.84998674487972	0.646728293899433	0.0157611551267079	0.0350827682553409	0.019321613128633
5.16902471787177	2.60072745031101	0.0684567389016925	0.212374428985754	0.143917690084062	4.43315834969516	1.4009248445427	0.0271578328745248	0.205710774860971	0.178552941986446
4.71537334152853	1.43390955786645	0.0678206459721213	0.119747719341392	0.0519270733692712	4.7855331828895	0.675099592773517	0.0313224723343557	0.0931240400046193	0.0618015676702635
1.63722105347442	1.00740022415434	0.0142489229978917	0.066196726818749	0.0519478038208573	1.01778534692125	0.48484212645882	0.00272356114761756	0.05921492703321	0.0564913658855924
6.42024659560363	1.76640873277401	0.0795537251152623	0.100250758103061	0.0206970329877992	9.20775422505986	0.856098085586204	0.0604786974011511	0.0830095100254593	0.0225308126243082
2.71739171066557	1.06532376744466	0.0230957171165024	0.0594260215411977	0.0363303044246953	3.68307533674565	0.449738903846539	0.0170549521804236	0.042053659409435	0.0249987072290114
3.69490781355804	1.44887211270795	0.0742253643778818	0.160903494773137	0.0866781303952549	3.1376983287871	0.762299383844985	0.0243283413166248	0.151597509640761	0.127269168324136
4.63829361785767	1.81866724112733	0.0907681721576605	0.2386402391952	0.14787206703754	3.73136504329115	0.894495300924508	0.030118326452313	0.194159044045199	0.164040717592886
7.82484668599168	2.07778438706088	0.145058997833508	0.203739505576734	0.0586805077432255	12.6396952748716	1.03162701739369	0.126063412546424	0.178891348536652	0.0528279359902273
4.67456597982421	1.41630695973443	0.0788239727759383	0.122311888152702	0.0434879153767639	5.11700620805699	0.592525241941644	0.0437754869471699	0.0886127042586392	0.0448372173114692
3.33674228959681	1.36124083346515	0.045588026119147	0.125215943320863	0.0796279172017156	3.02220056412822	0.626304280337563	0.0175798023852486	0.0914267374614859	0.0738469350762372
3.8753598965269	1.50193431396241	0.0700738304026067	0.146779245871983	0.0767054154693761	3.05157128875619	0.615105835567569	0.0160092822723783	0.0775249826415219	0.0615157003691436
2.15240773199104	1.02204847847275	0.0301176501151187	0.0981353406614252	0.0680176905463065	2.19980038821742	0.551458350101036	0.0108918043455078	0.0891637525292972	0.0782719481837894
7.0090699306728	1.57780715595779	0.169655608134256	0.152372996384765	-0.0172826117494909	10.420029550557	0.713918340775392	0.121860716069528	0.101025830537038	-0.0208348855324903
5.78983837434052	1.9453212837171	0.0449799250527209	0.0609858469214358	0.0160059218687149	4.25437897920509	1.00674451377691	0.0143073721272286	0.0550460476550786	0.04073867552785
4.53370903920913	1.52502286478065	0.0817000300385127	0.161595985196387	0.0798959551578747	5.17990667927037	0.643112297233916	0.03815693158087	0.104417462765345	0.0662605311844755
10.681468072929	1.99598443153566	0.176755839976161	0.144201845948599	-0.0325539940275623	11.5373963096271	0.908230266975687	0.104264209794132	0.110935672149256	0.00667146235512349
2.56396031431268	1.7255486337706	0.0237956718821947	0.167235037908225	0.14343936602603	1.67442637698034	0.900125368051634	0.00535044400380603	0.158445805775295	0.153095361771489
3.93397871397418	1.66589332897227	0.0566468540483024	0.186909924916143	0.130263070867841	3.88740712957803	0.792531807016572	0.0217321701088576	0.148453438779698	0.12672126867084
2.23678550181056	1.04785205686107	0.0251580714347833	0.0658222292448553	0.040664157810072	2.08020079973841	0.598513403994658	0.0120858550578488	0.0750745601827838	0.0629887051249351
7.80538208734897	1.43862353398337	0.180251208611714	0.107269479901832	-0.0729817287098825	9.33644506119271	0.590075109916174	0.10770609088322	0.0609622454499927	-0.0467438454332275
5.37957807899508	1.621081284731	0.0845784368611619	0.109349810201658	0.0247713733404966	6.22739775730898	0.770914960779492	0.0503548313491917	0.0838454167178448	0.0334905853686531
5.22463592604625	1.58869267558352	0.102756804578967	0.146913814457142	0.0441570098781753	4.97281398228675	0.666508451124788	0.0388920335207006	0.092302736349648	0.0534107028289474
9.32199943653872	1.60426883683559	0.182314652362322	0.136022063460437	-0.0462925889018856	13.3389649218295	0.692097099507438	0.13927353159558	0.108643792753126	-0.0306297388424535
10.1193262781946	1.39690585471441	0.0864813768351334	0.0591442466116616	-0.0273371302234717	20.8941511954573	0.467132498762722	0.0684100433178794	0.0276046955854197	-0.0408053477324597
7.68043780966746	1.60933398989851	0.116500570246776	0.133224201442946	0.0167236311961704	13.0829338140555	0.684775397909087	0.0999650595831919	0.0975104125388552	-0.00245464704433673
2.79431569600926	1.70066987825686	0.0368959445743113	0.199313035342529	0.162417090768218	1.68661685046602	0.866573152602953	0.00655835166067362	0.175910053386184	0.169351701725511
4.36787549509136	1.05313008779425	0.0553490430037516	0.0677546031935355	0.0124055601897839	4.86873827122068	0.419103440003553	0.030479932081895	0.0436707167596007	0.0131907846777056
2.66472213589133	1.33465809383229	0.0348930968731125	0.142138448474231	0.107245351601118	2.47761255315171	0.640710935280984	0.0112914464197079	0.110867213569767	0.0995757671500588
6.12823024717622	1.77448949459347	0.134234293330736	0.179911666081834	0.045677372751098	6.83405652193402	0.843088239625586	0.0661151028192172	0.138717626597159	0.0726025237779416
5.01974119779287	1.43223732106661	0.115477576900177	0.163777274220432	0.0482996973202553	6.44457840933064	0.701858407650355	0.0672112114079764	0.132602314347886	0.0653911029399092
7.80283930007508	2.04458726746628	0.169574374458708	0.19711126989414	0.0275368954354321	9.62347600176325	0.927940119698554	0.0807755010812452	0.13224556399851	0.0514700629172649
11.2300492034468	2.23369395645628	0.217081322261049	0.203426990229641	-0.0136543320314079	11.1925334841664	1.06079739232857	0.112509702728292	0.175847078602289	0.0633373758739964
7.84697270919775	3.47738204014063	0.061695068575949	0.228187256386801	0.166492187810852	7.99840052967612	1.71097925117569	0.0233609263821717	0.211267167912656	0.187906241530484
5.48415021534185	1.50438658301935	0.0942707650742776	0.138205048770019	0.043934283695741	5.71155250995411	0.734037924336494	0.0438549035669118	0.12654144959298	0.0826865460260678
5.32514265337746	1.63330896936484	0.0941749220527587	0.179661023949614	0.0854861018968554	6.1651869718077	0.777064148010947	0.0449579186110478	0.168475709544562	0.123517790933514
3.56017539116548	1.42404468405916	0.046693093761548	0.120232523930272	0.0735394301687236	3.97171530599006	0.690366079797977	0.0209417647719423	0.100876134305553	0.0799343695336107
2.23822310823428	1.3562561575129	0.0205305159885771	0.101355203630938	0.0808246876423608	2.24591904895439	0.743701284923512	0.00770038219121855	0.0993449881615768	0.0916446059703583
3.5135283019274	1.66595178414757	0.0610978263070585	0.230356958397758	0.1692591320907	3.55502101583974	0.904431084323111	0.0209523345311675	0.212449826314832	0.191497491783664
6.72349074535808	1.5113551596854	0.0804397405782238	0.0735742483898941	-0.0068654921883297	8.94990880089536	0.642814630124911	0.0566522066645065	0.0525384714991491	-0.00411373516535735
3.32956304717872	1.2987234194806	0.0361381590740989	0.0862425536859684	0.0501043946118696	3.06380559417459	0.64220778947278	0.0150098540394169	0.0727600209822867	0.0577501669428698
8.6074384246108	1.75903908906394	0.156427215582435	0.117864275002334	-0.0385629405801006	11.7102885287057	0.823007648918929	0.122125416140423	0.0960069003915801	-0.0261185157488424
9.46066376642229	2.24614076556671	0.140202355541628	0.126578111660864	-0.013624243880764	11.3542687919058	1.09346293093675	0.0970609974369203	0.103063832895898	0.0060028354589776
1.74581541738714	1.27481898590201	0.0125695515020873	0.0969090415600794	0.0843394900579922	0.530646616349549	0.713608600350352	0.000392838512652594	0.0840772730857317	0.0836844345730791
10.3626485345741	2.53944959575253	0.143157181161194	0.132142796781642	-0.011014384379552	11.1573855711983	1.14610521329238	0.0858726621131387	0.104564374040663	0.0186917119275242
6.61737070890928	1.61926484875253	0.173696328127679	0.192759233736586	0.0190629056089071	8.2550832672047	0.722230913143124	0.103853109600767	0.152115522334139	0.0482624127333716
3.75219303572423	1.24858285750387	0.0362476977879926	0.063668072329781	0.0274203745417884	2.97868396797286	0.578277028399759	0.0098059135738037	0.0460736253580105	0.0362677117842068
5.46806826289605	1.85460973483479	0.0631519478174163	0.122605428072598	0.0594534802551822	5.5811270422605	0.983909201521682	0.0258993728688873	0.120104526078034	0.0942051532091464
6.51668164643453	1.79016508119965	0.108910384600994	0.156541198649149	0.0476308140481553	5.95021321836317	0.763157045992199	0.0474434063868293	0.115273244866575	0.0678298384797455
6.78779176399554	2.19253886987568	0.0976620155958041	0.178870622000934	0.0812086064051303	6.6236131223409	1.04686904141834	0.0382993493478482	0.135458195767202	0.0971588464193539
4.32838337274456	1.1466778591998	0.0896374969493389	0.126892706404224	0.0372552094548854	6.24760923110511	0.527144430857709	0.0498146222313507	0.0911439061506095	0.0413292839192587
7.97208647258556	2.48254132380165	0.125435564077289	0.230374363590001	0.104938799512712	12.836306936166	1.25679411719948	0.103200506088742	0.224572214117987	0.121371708029245
4.14211541520017	1.87457156651093	0.0873695082191421	0.277223325747983	0.189853817528841	4.22451617285327	0.983515929462714	0.0369422848190984	0.25522679073424	0.218284505915142
