Pearson_correlation_null_raster	Pearson_correlation_Elevation_16_k10_R	Pearson_correlation_difference_Elevation_16_k10_R
0.220879863559325	0.424874458087358	0.203994594528033
0.220879863559325	0.424874458087358	0.203994594528033
0.220879863559325	0.424874458087358	0.203994594528033
0.220879863559325	0.424874458087358	0.203994594528033
0.220879863559325	0.424874458087358	0.203994594528033
0.220879863559325	0.424874458087358	0.203994594528033
0.220879863559325	0.424874458087358	0.203994594528033
0.220879863559325	0.424874458087358	0.203994594528033
0.220879863559325	0.424874458087358	0.203994594528033
0.220879863559325	0.424874458087358	0.203994594528033
0.220879863559325	0.424874458087358	0.203994594528033
0.220879863559325	0.424874458087358	0.203994594528033
0.220879863559325	0.424874458087358	0.203994594528033
0.220879863559325	0.424874458087358	0.203994594528033
0.220879863559325	0.424874458087358	0.203994594528033
0.220879863559325	0.424874458087358	0.203994594528033
0.220879863559325	0.424874458087358	0.203994594528033
0.220879863559325	0.424874458087358	0.203994594528033
0.220879863559325	0.424874458087358	0.203994594528033
0.220879863559325	0.424874458087358	0.203994594528033
0.220879863559325	0.424874458087358	0.203994594528033
0.220879863559325	0.424874458087358	0.203994594528033
0.220879863559325	0.424874458087358	0.203994594528033
0.220879863559325	0.424874458087358	0.203994594528033
0.220879863559325	0.424874458087358	0.203994594528033
0.220879863559325	0.424874458087358	0.203994594528033
0.220879863559325	0.424874458087358	0.203994594528033
0.220879863559325	0.424874458087358	0.203994594528033
0.220879863559325	0.424874458087358	0.203994594528033
0.220879863559325	0.424874458087358	0.203994594528033
0.220879863559325	0.424874458087358	0.203994594528033
0.220879863559325	0.424874458087358	0.203994594528033
0.220879863559325	0.424874458087358	0.203994594528033
0.220879863559325	0.424874458087358	0.203994594528033
0.220879863559325	0.424874458087358	0.203994594528033
0.220879863559325	0.424874458087358	0.203994594528033
0.220879863559325	0.424874458087358	0.203994594528033
0.220879863559325	0.424874458087358	0.203994594528033
0.220879863559325	0.424874458087358	0.203994594528033
0.220879863559325	0.424874458087358	0.203994594528033
0.220879863559325	0.424874458087358	0.203994594528033
0.220879863559325	0.424874458087358	0.203994594528033
0.220879863559325	0.424874458087358	0.203994594528033
0.220879863559325	0.424874458087358	0.203994594528033
0.220879863559325	0.424874458087358	0.203994594528033
0.220879863559325	0.424874458087358	0.203994594528033
0.220879863559325	0.424874458087358	0.203994594528033
0.220879863559325	0.424874458087358	0.203994594528033
0.220879863559325	0.424874458087358	0.203994594528033
0.220879863559325	0.424874458087358	0.203994594528033
0.220879863559325	0.424874458087358	0.203994594528033
0.220879863559325	0.424874458087358	0.203994594528033
0.220879863559325	0.424874458087358	0.203994594528033
0.220879863559325	0.424874458087358	0.203994594528033
0.220879863559325	0.424874458087358	0.203994594528033
0.220879863559325	0.424874458087358	0.203994594528033
0.220879863559325	0.424874458087358	0.203994594528033
0.220879863559325	0.424874458087358	0.203994594528033
0.220879863559325	0.424874458087358	0.203994594528033
0.220879863559325	0.424874458087358	0.203994594528033
0.220879863559325	0.424874458087358	0.203994594528033
0.220879863559325	0.424874458087358	0.203994594528033
0.220879863559325	0.424874458087358	0.203994594528033
0.220879863559325	0.424874458087358	0.203994594528033
0.220879863559325	0.424874458087358	0.203994594528033
0.220879863559325	0.424874458087358	0.203994594528033
0.220879863559325	0.424874458087358	0.203994594528033
0.220879863559325	0.424874458087358	0.203994594528033
0.220879863559325	0.424874458087358	0.203994594528033
0.220879863559325	0.424874458087358	0.203994594528033
0.220879863559325	0.424874458087358	0.203994594528033
0.220879863559325	0.424874458087358	0.203994594528033
0.220879863559325	0.424874458087358	0.203994594528033
0.220879863559325	0.424874458087358	0.203994594528033
0.220879863559325	0.424874458087358	0.203994594528033
0.220879863559325	0.424874458087358	0.203994594528033
0.220879863559325	0.424874458087358	0.203994594528033
0.220879863559325	0.424874458087358	0.203994594528033
0.220879863559325	0.424874458087358	0.203994594528033
0.220879863559325	0.424874458087358	0.203994594528033
0.220879863559325	0.424874458087358	0.203994594528033
0.220879863559325	0.424874458087358	0.203994594528033
0.220879863559325	0.424874458087358	0.203994594528033
0.220879863559325	0.424874458087358	0.203994594528033
0.220879863559325	0.424874458087358	0.203994594528033
0.220879863559325	0.424874458087358	0.203994594528033
0.220879863559325	0.424874458087358	0.203994594528033
0.220879863559325	0.424874458087358	0.203994594528033
0.220879863559325	0.424874458087358	0.203994594528033
0.220879863559325	0.424874458087358	0.203994594528033
0.220879863559325	0.424874458087358	0.203994594528033
0.220879863559325	0.424874458087358	0.203994594528033
0.220879863559325	0.424874458087358	0.203994594528033
0.220879863559325	0.424874458087358	0.203994594528033
0.220879863559325	0.424874458087358	0.203994594528033
0.220879863559325	0.424874458087358	0.203994594528033
0.220879863559325	0.424874458087358	0.203994594528033
0.220879863559325	0.424874458087358	0.203994594528033
0.220879863559325	0.424874458087358	0.203994594528033
0.220879863559325	0.424874458087358	0.203994594528033
