LR1_coefficients_null_raster	LR1_coefficients_Elevation_16_k10_R	LR1_R2_null_raster	LR1_R2_Elevation_16_k10_R	LR1_Q_Elevation_16_k10_R	LR2_coefficients_null_raster	LR2_coefficients_Elevation_16_k10_R	LR2_R2_null_raster	LR2_R2_Elevation_16_k10_R	LR2_Q_Elevation_16_k10_R
0.0792036264864076	0.043701847189609	0.0549261120136628	0.0890311993924345	0.0341050873787716	0.00752000672831181	0.00234971393300507	0.0338798623039047	0.0624549559312075	0.0285750936273028
0.0982543044730107	0.0524291013262625	0.0854982506926043	0.147385195309032	0.0618869446164277	0.00891633272314986	0.00255807873209423	0.049898911200098	0.102989892932856	0.0530909817327582
0.0702332456033584	0.0466041698005503	0.0448029089804658	0.0921150344499806	0.0473121254695149	0.00620836762529546	0.00198916134398	0.0259423417203437	0.0461749796308442	0.0202326379105005
0.0982080309056846	0.0593093245447332	0.0827144848682324	0.181721266369558	0.0990067815013253	0.00860476390921451	0.00296460258438997	0.0348315330712976	0.121560633706084	0.0867291006347863
0.0936231566614998	0.04161543415222	0.0797294323944922	0.1184354797529	0.0387060473584082	0.00950564768829964	0.00179410122902779	0.0564584506763089	0.0852973606305022	0.0288389099541934
0.0866180509802539	0.0543276281162115	0.057608399098259	0.125689717160175	0.0680813180619164	0.00743786742000998	0.00276388297849703	0.0241672693402471	0.0761194982816527	0.0519522289414056
0.0917203264246928	0.0517518260068496	0.0695875117106778	0.128296195880504	0.0587086841698265	0.00863773226598889	0.00257268697266511	0.0351515625449547	0.0802328264828822	0.0450812639379274
0.0911721807880956	0.0443771330688543	0.0645600663781025	0.0952975002200378	0.0307374338419353	0.00884849250240662	0.00243573667135024	0.0420641191993969	0.0767361276230498	0.0346720084236529
0.0852609841008359	0.0525244552654119	0.0615744421394923	0.13339520366997	0.0718207615304776	0.00753583690972711	0.00289491857486172	0.0352097698740892	0.101885980610908	0.0666762107368191
0.0930987664734769	0.0519375628711463	0.0856641767638846	0.159204372520591	0.0735401957567062	0.0085028034076156	0.00274553318354859	0.0511940919284346	0.13136169317573	0.0801676012472958
0.0870950845504344	0.0510562574173624	0.0655219539020855	0.123468147826398	0.0579461939243129	0.00938941945262686	0.00300592819707718	0.0473876646223817	0.103772961182301	0.0563852965599195
0.0934843077401696	0.0573672330358947	0.0717281113506738	0.145449950711361	0.0737218393606876	0.00953793804835608	0.0035040280863191	0.0432483660716956	0.125711985430279	0.082463619358583
0.0820551084773066	0.0557040006059187	0.0638357211432476	0.144704077022268	0.0808683558790208	0.00765919517951651	0.00313610941174925	0.0397052393022428	0.125485461304003	0.0857802220017598
0.0943077686869367	0.0582061826867911	0.0728711076510227	0.151846045049859	0.0789749373988364	0.00883990440943071	0.00340945478870333	0.0454004561852696	0.135087528109261	0.0896870719239914
0.103896953326584	0.0561038349430398	0.0871378242541247	0.137724850861853	0.0505870266077281	0.0091690635592137	0.00304870204111562	0.0451050798728752	0.091449463908406	0.0463443840355308
0.0785097631338636	0.0496702937763395	0.0524234245321613	0.115619783156191	0.0631963586240302	0.00771010301935331	0.00287383588781422	0.0279863872248201	0.0895987043533399	0.0616123171285198
0.101372183984563	0.0721522033177612	0.0907887361192509	0.218953924397906	0.128165188278656	0.00868296643175873	0.00483405215534838	0.0570761379278826	0.219806102102087	0.162729964174204
0.097826257792054	0.0570157524840858	0.0782837767028719	0.161658223204901	0.0833744465020294	0.00821854289198451	0.0023637624487689	0.0367566986556111	0.0949872178087508	0.0582305191531398
0.0792749164338485	0.0472047827118842	0.0538251674009719	0.114772439382579	0.0609472719816067	0.00676689982147828	0.002637139739121	0.0258181682434252	0.0926625008691511	0.0668443326257259
0.0922102201680925	0.0579456739490178	0.0761754394947706	0.160512230222965	0.084336790728194	0.00842464815137048	0.00361699029432631	0.0441587715166953	0.14645497754975	0.102296206033054
0.0836775640261873	0.048764494799166	0.0591493363170743	0.124629758919455	0.0654804226023807	0.00645910869603458	0.00228076867327579	0.0248337289097619	0.0840334138328092	0.0591996849230473
0.101552676738718	0.0567445472019493	0.0814145920070801	0.141203201475391	0.0597886094683105	0.0102153014769526	0.00315644431090592	0.0565510629408262	0.120564552027253	0.0640134890864266
0.0844983502402204	0.0519623525374478	0.070058479874593	0.132932132124049	0.0628736522494559	0.00608271984016604	0.00231697930489813	0.0328989788521461	0.0783372021771201	0.045438223324974
-0.0145543543964251	-0.00564062277364309	0.00792788801905357	0.00516020994924404	-0.00276767806980953	-0.000988204147605628	-0.000132606122778746	0.00862038362742923	0.00313550611371263	-0.0054848775137166
0.078073972086082	0.0508922334176406	0.0514703410107018	0.117746850373569	0.0662765093628669	0.00629253189615965	0.00234014503009878	0.0234512295169653	0.0768848800778709	0.0534336505609057
0.0976826310006834	0.0559556786239837	0.0836636724984319	0.142505230561086	0.058841558062654	0.0094239437864179	0.00335152704716406	0.0541455139275811	0.122860310711635	0.0687147967840539
0.0901746247918527	0.0545418648815796	0.0642753914535832	0.137326280323768	0.0730508888701847	0.00929892776999715	0.00297431298476855	0.0338110012686084	0.0974179736388836	0.0636069723702752
0.102859497718048	0.0553901412318706	0.0736224044005054	0.142655427591655	0.0690330231911497	0.0121153781029737	0.00357787661989606	0.0518731762017973	0.136827013269474	0.0849538370676763
0.0998208711364603	0.0566740203874637	0.0770803089776099	0.135382895114089	0.0583025861364793	0.00961104973304374	0.00336545864744858	0.0480786609310319	0.103929516328686	0.0558508553976537
0.078862250412865	0.0518908102303731	0.0503981399728825	0.117021379276303	0.0666232393034203	0.00800497352959234	0.00316113957665928	0.0281972022018069	0.101598155325799	0.073400953123992
0.0788893103184592	0.0446276480917161	0.0542805852371791	0.103954866819694	0.0496742815825151	0.00733473732262814	0.00207143894202132	0.0276462742813989	0.0670240364491961	0.0393777621677972
0.0817028816374254	0.0480135844099137	0.0574918070847354	0.103155876633812	0.0456640695490762	0.00695050787224531	0.00248605518968974	0.0317405603874727	0.0714078283179013	0.0396672679304286
0.079394498030412	0.0424209935898207	0.0530220071453611	0.101523234413285	0.0485012272679238	0.009047031374506	0.00199238423536716	0.0360811127675528	0.0626143845351789	0.0265332717676261
0.088834490339596	0.0563804992230806	0.0745884217516913	0.163050416670886	0.0884619949191943	0.00858887851237928	0.00327794866937588	0.0449389797159966	0.155401483705479	0.110462503989483
0.08366944902777	0.0493013550688336	0.0640351820296575	0.137047836464235	0.073012654434577	0.00772056634679982	0.0023821656897938	0.0329260580969608	0.100272854435054	0.067346796338093
0.095735431665556	0.0551425019436585	0.0805952390139473	0.160109115323721	0.0795138763097736	0.00931219584401576	0.0029011260647322	0.0527897727762639	0.135929875862987	0.0831401030867234
0.0975674271717588	0.0593528470317417	0.0726589070844512	0.157315884006566	0.0846569769221149	0.00971180039564991	0.0032499228317072	0.0390445814665159	0.118107116512266	0.0790625350457506
0.106323872861932	0.0548738811771041	0.0946463292183011	0.160026604639385	0.0653802754210843	0.0116489904630685	0.00292085920725817	0.0605072565118042	0.124991709491813	0.0644844529800093
0.0927123097296677	0.0528597131089573	0.0665197795364675	0.132151502208186	0.0656317226717187	0.0104606324073565	0.0028716784440054	0.0438159446848609	0.105751534155549	0.0619355894706885
0.104997161992605	0.0644574739212974	0.0929879926878504	0.189076166090767	0.0960881734029161	0.0102523082464719	0.00366152198075245	0.0608728842411974	0.161624714554642	0.100751830313445
0.0959506663470268	0.0586335709104097	0.0747944932408895	0.152637442366643	0.0778429491257538	0.00949747097583083	0.00313412182259629	0.0403299664366878	0.10449368797581	0.064163721539122
0.0859739481352509	0.0515531333986534	0.062871778782066	0.127502893646103	0.0646311148640367	0.00828478465244461	0.00204071224258338	0.0349225051678479	0.0645561447609982	0.0296336395931503
0.0751574679059064	0.0432161678834979	0.0500411908685735	0.0935321450784128	0.0434909542098393	0.00696783925021028	0.00232872773755773	0.0278737572348692	0.0671058691594224	0.0392321119245532
0.0900221115005804	0.0521980580225611	0.0611232919593283	0.11937242245772	0.0582491304983921	0.00833009713953359	0.0027304877738032	0.0276144717539869	0.0782522846065713	0.0506378128525844
0.059503674082141	0.0377033937292453	0.0323380706840436	0.0660414460022744	0.0337033753182309	0.0055520861677873	0.00160241529578856	0.0209118725912149	0.0350467831923694	0.0141349106011546
0.0936132247878173	0.0534041147159489	0.0813821597257141	0.159122360193831	0.0777402004681168	0.007994249307609	0.00265759068382561	0.0433052255566675	0.12190905461369	0.0786038290570223
0.0758434182572251	0.0510086893217917	0.0502844161561255	0.116553270046623	0.0662688538904976	0.00636654504875774	0.0029444713685845	0.0256705484546333	0.0866348624713444	0.0609643140167111
0.0860018046986005	0.0465871959493035	0.0577113812907008	0.10320885811569	0.0454974768249892	0.00970043883970708	0.00252209611209457	0.0425681509371201	0.0803513788801047	0.0377832279429846
0.109096788570254	0.0570350595918656	0.102137577055509	0.161497569896333	0.0593599928408243	0.0108124305009317	0.00303887932405633	0.0605493419902388	0.124232071757201	0.0636827297669625
0.0887168513630774	0.0531295774257281	0.0765247070034614	0.151184777440453	0.074660070436992	0.00895463500237219	0.00271487844334711	0.0611848644627666	0.117202597266644	0.0560177328038775
0.0903895964465592	0.0536125671656346	0.073567059440656	0.154261531085801	0.0806944716451455	0.00841253845688414	0.0026220228225186	0.0422275010647063	0.116926843878851	0.0746993428141451
0.0864283100866719	0.0532840384321391	0.0671304525024525	0.133742127843904	0.0666116753414517	0.00904991827625201	0.00275027845954609	0.0421356876566551	0.0970451229950042	0.0549094353383491
0.0886760446800889	0.0453539701614226	0.074363736778848	0.116919177902771	0.0425554411239234	0.00754596895223994	0.00186990263095568	0.0378446821756787	0.0646523260230591	0.0268076438473803
0.0795341575193574	0.0515812694215537	0.0550458120436448	0.117643491542128	0.0625976794984835	0.00650621270542083	0.0027404097823803	0.0254968721227342	0.0812273090813078	0.0557304369585736
0.0970406016580355	0.0559556076723448	0.0835223931919426	0.149185361514007	0.0656629683220644	0.00933286181379394	0.00299067062648178	0.0482940592203445	0.115586546410072	0.0672924871897272
0.0977734697169903	0.0531578919302391	0.0772574160824453	0.132457946677289	0.055200530594844	0.00941557904229826	0.00306654553016612	0.0497025988623833	0.109333093514029	0.0596304946516452
0.0731070172262122	0.0412158379906654	0.043809757146201	0.0926173730394936	0.0488076158932926	0.00717159950929343	0.00186732011297378	0.0226858318351187	0.0583582113480613	0.0356723795129425
0.0922247455800852	0.054304429665117	0.0741541715862754	0.142016517200517	0.0678623456142416	0.00887231253082712	0.00290558211286985	0.0443447014134543	0.106780738070728	0.0624360366572742
0.0878797336449657	0.0574003876853563	0.0718903028703566	0.15422938353639	0.0823390806660338	0.00706144476710276	0.00338176090561133	0.0354953813025867	0.123616520425327	0.0881211391227402
0.0780497613457497	0.0448069903676208	0.0478278848848598	0.0890685613802772	0.0412406764954175	0.00790711585676563	0.00183718766235218	0.0269864693167266	0.0437034704693623	0.0167170011526357
0.0692626572716682	0.0461018627294355	0.0474069855625245	0.102524816264568	0.0551178307020431	0.00477960803208731	0.00191521181055731	0.0195815756222109	0.0515991976289298	0.0320176220067189
0.0969268441798451	0.0549903017499209	0.0757470476100367	0.148084802287616	0.0723377546775791	0.00693318167750416	0.00268782814434292	0.0287020566331891	0.0988308102448317	0.0701287536116426
0.112173699452051	0.0693084858681281	0.109455702980728	0.210730028803983	0.101274325823255	0.00954648046319222	0.00401080932736131	0.0559537699371009	0.169656901189672	0.113703131252571
0.0928580153466867	0.0514643266624206	0.074367100464691	0.134884049580051	0.0605169491153603	0.00710929286121843	0.00242231975879083	0.0324500326022137	0.0888921921219198	0.0564421595197061
0.106211138294867	0.0696026186574202	0.0860523030634112	0.199617353194249	0.113565050130838	0.00875158826097528	0.00426558169941549	0.0412722133869133	0.162431262224323	0.12115904883741
0.103034145787976	0.0577962794344108	0.0944970141969944	0.154493054599732	0.0599960404027373	0.0104089428771306	0.00354814008277724	0.078815766259373	0.142608585975873	0.0637928197165001
0.0660096433796607	0.0379727972939121	0.0323083221000136	0.0727611281832089	0.0404528060831953	0.00621105093221836	0.00165378868158813	0.0146495452196351	0.0438727926717353	0.0292232474521002
0.0903392673411487	0.0498125000518023	0.070975727289168	0.122608174607432	0.0516324473182643	0.00783305754701429	0.00204021168759206	0.0321216300288399	0.0680792723875903	0.0359576423587505
0.106341025880054	0.0572686089153153	0.0896470688217138	0.168326892793941	0.078679823972227	0.0104575068448198	0.00302623942877268	0.0446443566523379	0.130872483344805	0.0862281266924667
0.102455885981713	0.0488452389100884	0.0922367869504573	0.127175240263431	0.0349384533129734	0.00841192256499836	0.00192072868344321	0.0473362486255027	0.0656948616756514	0.0183586130501487
0.0858539095357883	0.0480791365343885	0.0656869157287255	0.117879053713682	0.0521921379849563	0.00718151291119433	0.00226963919032961	0.0346667519574524	0.0775996268801481	0.0429328749226957
0.101799672103869	0.059199470656514	0.089742330853047	0.160977197412831	0.0712348665597845	0.00895436935361663	0.00294855346521643	0.046320537167213	0.102977404280212	0.0566568671129988
0.0734264065937797	0.0357475110292804	0.0496392322291638	0.0700049843816184	0.0203657521524546	0.00779728266509877	0.00157622163288282	0.0327595660146304	0.0380759616879123	0.0053163956732819
0.0862925859687142	0.0487676258997796	0.0600517484191354	0.108889923623836	0.0488381752047004	0.00784907392580553	0.00250479563846564	0.0320979474413818	0.0732768955674029	0.041178948126021
0.0871766981812775	0.0535337212642808	0.0659657288340244	0.145018235964003	0.0790525071299784	0.00731508507430298	0.00258287888913525	0.0293880120746114	0.0915172973422608	0.0621292852676494
0.130026340794053	0.0572729125298046	0.130125985762944	0.182973255388533	0.0528472696255886	0.013300102826135	0.0025423908531626	0.0769574423843022	0.114063739111119	0.0371062967268164
0.104022135080035	0.0618614722406019	0.0843515065011297	0.168717318407981	0.0843658119068515	0.00964086867383449	0.00362292609614093	0.0439319881132551	0.133671636209854	0.0897396480965985
0.0779424253032987	0.0460870588365088	0.0519380124940784	0.110288469827712	0.0583504573336338	0.00698814397274493	0.0023706251256937	0.0266236965251309	0.0798911773930798	0.0532674808679488
0.101527484659423	0.0570888538364274	0.0777610676498387	0.147609969724667	0.0698489020748279	0.00918819024275304	0.00308388815003691	0.0391578808638065	0.10203878781029	0.062880906946484
0.0970857148882244	0.0616095215666868	0.0755266928310122	0.157384555566663	0.0818578627356506	0.00920059605416172	0.00393091694312753	0.0401269855869865	0.135411524865403	0.095284539278416
0.100918718715505	0.0481074150484037	0.0877110120222885	0.133693357827617	0.0459823458053283	0.0104363368607613	0.00169391090904725	0.0578886326423816	0.065333365156461	0.00744473251407939
0.109251922204448	0.06400891194345	0.0908356971652261	0.182148226076765	0.0913125289115387	0.00921983810055671	0.00309770962218316	0.0436122209506221	0.130264422144392	0.0866522011937702
0.0823976713859399	0.0479405553096008	0.0530870585497255	0.100328274504602	0.0472412159548761	0.0088979068125252	0.00316886361414977	0.028221955776569	0.0821458537629449	0.0539238979863759
0.10510122782213	0.0608341783866035	0.0894294748580001	0.170918557944512	0.0814890830865121	0.00930195360260772	0.00334966969705387	0.0486417189471729	0.126419859211396	0.0777781402642235
0.0952113751723868	0.0596099741350421	0.082691158040021	0.158530867462367	0.075839709422346	0.00742858744778004	0.00341040987004264	0.041250750100295	0.127446888558789	0.0861961384584937
0.0881837459055443	0.0537994384534141	0.0724424627058265	0.147681953607541	0.0752394909017143	0.00793790264423097	0.00296835123087432	0.0386478668850544	0.1159315840754	0.0772837171903455
0.100855043365135	0.0581603416639865	0.0898672291706633	0.160151774518647	0.0702845453479841	0.00826154794798641	0.00272831383449233	0.0473269581527266	0.100955472849827	0.0536285146971002
0.0829835319064829	0.0505606709658965	0.055819560207928	0.106677122761891	0.0508575625539632	0.00883722823415405	0.00301106157567292	0.0383339904689559	0.0827162450493208	0.0443822545803648
0.086459889929193	0.0522035926391268	0.0608757078676784	0.12190309055794	0.0610273826902615	0.00794663267517532	0.00291542246479586	0.0323406874404638	0.0934413295637526	0.0611006421232888
0.0883966104262725	0.0526878157119267	0.0755361971069423	0.134302225051855	0.0587660279449128	0.00723637572883735	0.00294653386003121	0.0394479587442512	0.111496466926466	0.0720485081822143
0.103588741617625	0.0500449529385708	0.0935839064011446	0.138443686207152	0.0448597798060071	0.00992059130622404	0.00217038936113865	0.0492608418959021	0.0837065619226185	0.0344457200267164
0.0710327831552608	0.0497271178938456	0.0438604830610885	0.104144707315609	0.0602842242545206	0.0072260772801671	0.00338095591422257	0.0294746604554591	0.101774482403298	0.0722998219478388
0.0847186295930205	0.048496718375377	0.0591041601397851	0.109422606038537	0.0503184458987515	0.0075148554828865	0.00238593473498154	0.0303879933978376	0.0694971681893415	0.0391091747915039
0.090925808960169	0.0506451131765863	0.0762671491952113	0.121863002865933	0.0455958536707212	0.00780057097927582	0.00213398937809942	0.0463531914933659	0.0774778565110726	0.0311246650177067
0.0778547609038912	0.0488246152030162	0.0544940592007751	0.122077317924058	0.0675832587232826	0.00770326619334099	0.00240436720490305	0.0312298432911052	0.106591262996434	0.0753614197053292
-0.000268114944094063	0.00560048962919144	2.71619241367853e-06	0.00439699480234591	0.00439427860993223	4.15181500079741e-05	0.000153413788277908	1.75547638305773e-05	0.00415702178427995	0.00413946702044937
0.103549470104281	0.0628004673214152	0.0975893747055789	0.202319131889205	0.104729757183626	0.0079236130411024	0.00342823822498838	0.0448044722896381	0.16239477501308	0.117590302723442
0.0953465083232024	0.0540050282800444	0.0742935190622893	0.142437144753159	0.0681436256908697	0.00928014504065633	0.00247417836079732	0.0415603149971602	0.0898761769936016	0.0483158619964414
0.0886438281570213	0.0549283024736033	0.0699451857645201	0.16495248487749	0.0950072991129699	0.00754968287938408	0.00296859351952928	0.0315242577336431	0.139015600883337	0.107491343149694
0.0942853500544587	0.0555236899187165	0.0818612159526758	0.167583029833329	0.0857218138806537	0.00732399112656317	0.00290744210004076	0.0419211765034395	0.123515135784697	0.0815939592812575
