LR1_coefficients_null_raster	LR1_coefficients_Elevation_16_k10_R	LR1_R2_null_raster	LR1_R2_Elevation_16_k10_R	LR1_Q_Elevation_16_k10_R	LR2_coefficients_null_raster	LR2_coefficients_Elevation_16_k10_R	LR2_R2_null_raster	LR2_R2_Elevation_16_k10_R	LR2_Q_Elevation_16_k10_R
0.188930833888789	0.0829665092789266	0.341533541915534	0.616391323876831	0.274857781961297	0.0115828827900417	0.00311784146495747	0.199655501217205	0.58187466515687	0.382219163939665
0.182534428056745	0.102289099924795	0.271853128260641	0.654953295534983	0.383100167274342	0.0100950375916704	0.00415966596074514	0.130815225032851	0.579698308038275	0.448883083005424
0.18831214089398	0.0788929668516817	0.402158944023908	0.669609848925647	0.267450904901739	0.0109086963040424	0.00281204096574109	0.214127950203184	0.559513554382244	0.34538560417906
0.196376610635702	0.0923641642091805	0.298425706400482	0.56939942871374	0.270973722313259	0.0115858363465361	0.00441853517918107	0.147599405033977	0.565349671542833	0.417750266508856
0.181832402128185	0.0781383588007668	0.300267490274182	0.562036053987759	0.261768563713577	0.00954627694068763	0.00217367194779144	0.149045726967286	0.408992976459565	0.25994724949228
0.169933290729233	0.0678701679969274	0.328468417084022	0.523301122143311	0.19483270505929	0.0110508058871078	0.00236795790057785	0.182383422633234	0.44617063190017	0.263787209266937
0.160333601694194	0.0703415761173134	0.199513779825547	0.399946125291497	0.20043234546595	0.0105360485202767	0.00245809034633067	0.112391901556325	0.291206671370463	0.178814769814138
0.196842021337002	0.0878742524067907	0.351664606757106	0.718758120334887	0.367093513577781	0.011066793454247	0.00277081509982733	0.176225809602058	0.605886512489412	0.429660702887354
0.200938519237147	0.0722123393160918	0.381348352798273	0.544817000875165	0.163468648076893	0.0121206272973653	0.00264683501882528	0.210378254012501	0.528761345781813	0.318383091769312
0.186488324340794	0.0854471763132771	0.316466288233991	0.585849649338853	0.269383361104863	0.0121055425428619	0.00325220592326248	0.183173747773396	0.513589540619563	0.330415792846167
0.176999479841158	0.0909844339789748	0.245189353567807	0.61521408521673	0.370024731648923	0.0110635368277608	0.00324679693999273	0.128836039188067	0.548653729229903	0.419817690041836
0.179951090321689	0.082922119425601	0.326243179642329	0.609022948952112	0.282779769309783	0.00996270056816634	0.00266830091590278	0.169663379187607	0.473378422623892	0.303715043436286
0.161511561515689	0.0752503372368454	0.230321732477891	0.464689848908689	0.234368116430798	0.00962715809048082	0.00263168933610501	0.125447380218676	0.336468467546089	0.211021087327413
0.147901239520073	0.0820348966640395	0.24412123865335	0.556776923997909	0.312655685344559	0.00786674700687814	0.00311720210968455	0.124478425157498	0.484072366293408	0.359593941135909
0.210267614152298	0.0705880535975462	0.429052109061313	0.585306759092786	0.156254650031473	0.0152260198338697	0.00186932036152066	0.35512593240249	0.553683054952326	0.198557122549837
0.186552593305214	0.0863607118415455	0.281528076813277	0.614917169893564	0.333389093080287	0.0113841658826655	0.00339809286779979	0.14052219416393	0.582592621266454	0.442070427102524
0.206110470736492	0.0770124848775896	0.296080520392126	0.519734321727081	0.223653801334955	0.0150980674084576	0.00263649451448785	0.166519234532829	0.397947573316694	0.231428338783865
0.207761198247679	0.0783090880203001	0.317995914756792	0.50981080495062	0.191814890193829	0.0124271608078253	0.00314328784992492	0.152896805829891	0.459669664649857	0.306772858819966
0.180816750994346	0.0804318202891875	0.384286270942648	0.601839223385661	0.217552952443014	0.00929173719140732	0.0031595630339825	0.183461917313005	0.545862331807219	0.362400414494214
0.165768871780799	0.074030798456519	0.26539260047212	0.510867389044731	0.245474788572611	0.0119297565727806	0.0022935986221232	0.163096859689959	0.365091549009743	0.201994689319784
0.155537395675013	0.065590461256819	0.205472776475064	0.407997552030489	0.202524775555425	0.0114463135979652	0.00217100410272742	0.132027227642886	0.311068365662285	0.179041138019399
0.201490436810188	0.0979055683042615	0.301597784915989	0.629741353724536	0.328143568808547	0.0102544958860876	0.00468137549901213	0.130998594648732	0.644757806037265	0.513759211388533
0.193291988027548	0.083620087713748	0.31048548287989	0.547034693084259	0.236549210204368	0.0134878283934117	0.00350882536870144	0.196492860882242	0.531032796941763	0.334539936059521
0.181325421763007	0.0947510079127775	0.269016088288804	0.59223985887417	0.323223770585366	0.0112868030472144	0.0039113265748745	0.139743661732113	0.526702014027974	0.386958352295862
0.169202322731612	0.0821769512056924	0.234279161811026	0.510108061349235	0.275828899538209	0.0100734568450088	0.00295365016165097	0.123458176499708	0.440925156713339	0.317466980213631
0.186360392846055	0.0776121846984222	0.318060914785177	0.582602333394369	0.264541418609192	0.01087974045304	0.0024235566822317	0.161909531003901	0.448571605324116	0.286662074320215
0.179922786644216	0.0819271732431366	0.262218201607457	0.521181381748453	0.258963180140996	0.0103616190089521	0.00347473621364904	0.123314091877557	0.450580783212125	0.327266691334568
0.177787665282829	0.0803384067238686	0.294968317876769	0.565998717875586	0.271030399998817	0.0112709680055825	0.003138288282698	0.17106635077126	0.578100220863918	0.407033870092659
0.21242556310679	0.0953764058640683	0.424477738424435	0.743592819067122	0.319115080642686	0.0118269213378521	0.0036133200716148	0.207457497322117	0.659762261318195	0.452304763996078
0.180744823310601	0.0881654836613896	0.291159673698874	0.59773000897491	0.306570335276036	0.0129038814055844	0.00314947089330895	0.176576202103728	0.460181338029652	0.283605135925923
0.177427863191427	0.0749212164572502	0.262967722958432	0.467620403332794	0.204652680374362	0.0119952661901355	0.00330591516682119	0.151378518806055	0.433174471799579	0.281795952993525
0.188135187182373	0.0762443553391966	0.367948211022824	0.568065098608017	0.200116887585193	0.0128477375430363	0.00271485560111322	0.229582820790011	0.517359545089081	0.28777672429907
0.185300148646756	0.0849952590567143	0.316243757086327	0.592876586832874	0.276632829746547	0.0113004877312831	0.00303566692024987	0.174455633740022	0.472194300398822	0.297738666658801
0.203480278086837	0.090816630189439	0.377244401407691	0.66227553576077	0.285031134353079	0.0123045517116919	0.00363991165100354	0.209751449373348	0.682340040185499	0.472588590812151
0.165267840706499	0.0850770469605603	0.265859508941215	0.548742546012201	0.282883037070985	0.00892916507464352	0.00334863479873125	0.136390590546827	0.443058233806094	0.306667643259267
0.177441409808956	0.0771720487585055	0.322036824819351	0.532435508488419	0.210398683669068	0.0124301543741828	0.00310625396141982	0.204165747964753	0.487922757546478	0.283757009581725
0.185759507447539	0.0763195670892809	0.365954179698572	0.582099594962394	0.216145415263822	0.0114207678885749	0.00269253502054083	0.197986703402978	0.48258582879171	0.284599125388732
0.200639616170654	0.075118846589772	0.3326843159364	0.5086534514741	0.1759691355377	0.0160321142141974	0.00305572620771016	0.231483436835134	0.53661058539943	0.305127148564296
0.192688831671892	0.0881008576631309	0.372930613190126	0.64694259827761	0.274011985087483	0.0108795088013131	0.00374698642137676	0.196808532855602	0.632286154496934	0.435477621641332
0.177363474970427	0.0938082777749788	0.262392352878702	0.530117630777806	0.267725277899104	0.00846922694047177	0.00427082152847019	0.120615763330996	0.475422099716188	0.354806336385192
0.214445504987373	0.0891679485014939	0.313456557596599	0.600306199317485	0.286849641720886	0.0184115239927444	0.00332004739763025	0.20842914807569	0.550406911072864	0.341977762997174
0.203068898939857	0.0798012171682185	0.460068209884218	0.620191774621467	0.160123564737249	0.0137714666226217	0.00276850464579418	0.311100420599873	0.583831022779064	0.272730602179192
0.151602354850365	0.0725618055396574	0.241884982089182	0.483074717263504	0.241189735174323	0.00802963266432822	0.0027537288137435	0.126549336088639	0.437503932091528	0.310954596002889
0.184705833992093	0.0879076470520108	0.307397837235421	0.630346337245715	0.322948500010294	0.00913380060230155	0.00370078822547981	0.134704338357544	0.590338950648232	0.455634612290689
0.165906004939972	0.0783559455199036	0.251899714841861	0.532774136034642	0.280874421192781	0.00829227759158761	0.00303874628924421	0.116461462170851	0.427572678267877	0.311111216097026
0.16401979040231	0.0772282969835758	0.185590921818549	0.396759565850334	0.211168644031785	0.0113954807958293	0.00294709054869568	0.107086406312595	0.316848170251462	0.209761763938867
0.200945306591015	0.0937053117396572	0.326282621549995	0.639849176705246	0.313566555155251	0.0119571004427484	0.00397486141316547	0.168400339702227	0.56461112738551	0.396210787683283
0.192191343615822	0.0804688705972617	0.345420537358378	0.636064321117398	0.29064378375902	0.0110232665273726	0.00307997866594703	0.166027294779912	0.541898283147403	0.375870988367491
0.200793665154063	0.0859357564035351	0.366761717093023	0.690115582271958	0.323353865178935	0.0157174920262796	0.00307684746245293	0.229884584699955	0.624838663391474	0.394954078691518
0.197692304925191	0.0844234336119916	0.324815183904424	0.562677834683876	0.237862650779452	0.0108251571985755	0.00329140591937299	0.155025258294265	0.474538851655882	0.319513593361617
0.212907993018022	0.0677946929159027	0.576680236412978	0.685108212590446	0.108427976177468	0.0150338479499102	0.00199151513286529	0.402279845775455	0.622976293990451	0.220696448214996
0.154085713050836	0.0766749180815446	0.207279104433086	0.448450095099954	0.241170990666867	0.010070496355212	0.0032177733882616	0.108211050718245	0.36218407521784	0.253973024499595
0.175497888761133	0.080946599342441	0.327954008471924	0.621027739661956	0.293073731190032	0.00934231738277665	0.00279329615502823	0.161747520900902	0.485670000181682	0.32392247928078
0.198810234986231	0.0881158038897237	0.295970441422286	0.560610023667856	0.26463958224557	0.0114954396757918	0.00381358960293715	0.151551933650339	0.544674289376168	0.393122355725829
0.172971173974218	0.0640757710212993	0.304720463883799	0.498228331952333	0.193507868068535	0.00937897371748834	0.00198282621115257	0.159706579259912	0.406107037669131	0.246400458409219
0.18631678628132	0.088697981842978	0.290989391352769	0.599536926742052	0.308547535389283	0.0106029917517643	0.00273248873900537	0.148305942437334	0.417954640481867	0.269648698044533
0.18737322542017	0.0742629922073645	0.321942446665795	0.484546969413423	0.162604522747628	0.0110764574064477	0.00310923957372341	0.170106817454448	0.448764674542702	0.278657857088254
0.16941981285154	0.0788295717466169	0.320399416195183	0.575236155609461	0.254836739414278	0.00992469572848338	0.00301092380304423	0.178046338689329	0.520753767841917	0.342707429152587
0.194310135407964	0.0805111619893785	0.355516382759148	0.590791027311478	0.23527464455233	0.0117691236639218	0.00333226325512594	0.179157084898883	0.567819949491969	0.388662864593086
0.163498351490438	0.083078536895691	0.269226942347417	0.601951619478658	0.332724677131241	0.0110179979208743	0.00290876978730303	0.151232009153543	0.50204178541488	0.350809776261337
0.197693145467796	0.0710690627636519	0.408654270026775	0.646290418355321	0.237636148328546	0.0120308224989938	0.0022555079862501	0.214575166487085	0.524929833283099	0.310354666796015
0.18670872989667	0.0845792060057398	0.265555240284287	0.489161205153696	0.22360596486941	0.0105377500443728	0.00315077398850096	0.122623659280548	0.365725066052136	0.243101406771588
0.151957536594156	0.0671864224504279	0.226230412919294	0.418455829955275	0.19222541703598	0.00912956118324837	0.00222061196386131	0.131980726260305	0.338444574034224	0.206463847773919
0.183938287998966	0.0772182169825876	0.33521218295809	0.605406042730262	0.270193859772172	0.0125350661588974	0.00272067155526846	0.200392598590537	0.580025210049221	0.379632611458684
0.165679857689402	0.0748077965321058	0.323357715175671	0.550137596895718	0.226779881720047	0.0097430761013016	0.00277994239999857	0.175295406475941	0.429171824298966	0.253876417823024
0.177161094313982	0.0705083060760594	0.347265247205392	0.562019476524056	0.214754229318664	0.00936335200123538	0.00248534366990429	0.176687222617486	0.480958416086141	0.304271193468655
0.163917127030793	0.0821088333848217	0.261304984721964	0.583918226856221	0.322613242134257	0.00870542227826055	0.00321757985394607	0.130134191635592	0.543363229504389	0.413229037868797
0.150459978065915	0.0693638754998844	0.251304446419869	0.490514819082523	0.239210372662655	0.00963850707175632	0.0024402288915622	0.146961085609596	0.403956850467534	0.256995764857938
0.245587035777202	0.0806082895577146	0.418218720842872	0.508763950253892	0.09054522941102	0.0180256392265846	0.00290704003171336	0.281960367105898	0.48510801740532	0.203147650299421
0.184809192484309	0.0805719807110952	0.304112761861161	0.556013481050898	0.251900719189737	0.0122905868894318	0.00268299219002179	0.172114537094113	0.415641607838562	0.243527070744449
0.164827955006498	0.0746044714527951	0.230294459006401	0.500076220371591	0.26978176136519	0.0127860990112485	0.002818393868063	0.150513937905539	0.451483382213965	0.300969444308426
0.125106299920561	0.0514102336080987	0.142323881047417	0.244748479135383	0.102424598087966	0.0086946632250319	0.00175275810631787	0.100599859608129	0.196634625586755	0.0960347659786263
0.191066529635835	0.0756126848640736	0.311630661759411	0.508612879968982	0.196982218209571	0.0123249125654727	0.00196002272468532	0.169541872834351	0.31198768847482	0.142445815640469
0.187357166607328	0.0892696140925564	0.343035156874229	0.675346997194694	0.332311840320465	0.0107036762389595	0.00319620450405039	0.188042884495518	0.617403770374013	0.429360885878495
0.177371511827188	0.0644359584493874	0.37514466388017	0.490354240416931	0.115209576536761	0.0140653004035173	0.00214425979411896	0.267265158696522	0.37525453423404	0.107989375537518
0.174142766632033	0.0664564153995558	0.261724604154182	0.45934392893494	0.197619324780758	0.0113594255709345	0.00197181071362233	0.149598276490428	0.345257722648546	0.195659446158118
0.191889849072675	0.0905127819857847	0.356946403105472	0.62916922066085	0.272222817555377	0.0107988901465006	0.00341875960778669	0.174498787613202	0.515052518212021	0.340553730598819
0.210417553104445	0.0786088919388235	0.407991140869007	0.602359745945662	0.194368605076655	0.0158902181052167	0.00279518360610963	0.249296719800608	0.535159294815449	0.285862575014841
0.187636838463113	0.0859371306648203	0.338554939248633	0.672029648981798	0.333474709733165	0.0101098632581932	0.00302420401682678	0.163646237114416	0.597514908555626	0.43386867144121
0.229991449185692	0.081774570726589	0.421063253050425	0.656932698512572	0.235869445462147	0.0155297858235122	0.00298969169207081	0.235565185332433	0.610383252626236	0.374818067293803
0.148962223399129	0.069841722088005	0.224130943523868	0.42591575835674	0.201784814832872	0.00743148726887243	0.00250708215757819	0.1158394645368	0.33316663888093	0.21732717434413
0.178872525836298	0.0677355180745086	0.260322674866001	0.436312605759153	0.175989930893152	0.0123636548361136	0.00263261303289728	0.1524928960508	0.398701839288554	0.246208943237753
0.18789073323943	0.0817994871297403	0.341476583474562	0.573072999093425	0.231596415618863	0.0102325415931223	0.00313878889536785	0.15652851989613	0.445993875553121	0.289465355656991
0.176010226410179	0.0834665847439399	0.294729741777236	0.569210269198777	0.274480527421541	0.0106365914728883	0.00328119573884403	0.154007862860044	0.476167273982247	0.322159411122203
0.16065360769537	0.0847127335187586	0.265220558219796	0.58402290901342	0.318802350793624	0.00939950990458851	0.00321541007583909	0.135878473658112	0.478783973362182	0.342905499704071
0.23050938819772	0.0913108648224908	0.402435070361724	0.676605931901147	0.274170861539423	0.0215749455425619	0.00365648094458866	0.288686526971463	0.617231760201284	0.328545233229821
0.186354651996505	0.0918649109230359	0.236031674318582	0.583345800382734	0.347314126064152	0.0114612480864621	0.00355720535719689	0.106618340624765	0.473044344473404	0.366426003848639
0.196498142148782	0.0821073315373975	0.380190653217368	0.663839471788677	0.283648818571309	0.0138575724970003	0.00281300168198574	0.229460642208931	0.598183772043495	0.368723129834564
0.189032843462554	0.0797640024183535	0.381515822898483	0.62257785497777	0.241062032079287	0.0109052093021063	0.0034491357542235	0.193281452319377	0.571941799301163	0.378660346981786
0.180987877190904	0.0724349788575057	0.274878341986609	0.489630829239297	0.214752487252688	0.0113420786308956	0.00265375827573311	0.144877884370216	0.392917799363292	0.248039914993076
0.186678389814877	0.0788030801610675	0.35080038944231	0.580529765696476	0.229729376254166	0.0103793956651319	0.00304632251094613	0.171324128541922	0.498741184667917	0.327417056125994
0.17525280317512	0.0824282179202912	0.271677197014953	0.561037509630403	0.289360312615449	0.0107282223519679	0.00269981982017237	0.142548252210916	0.422407970939283	0.279859718728367
0.152523456235332	0.0561170028925277	0.293037229298813	0.464338551219017	0.171301321920204	0.0107411518732244	0.00164474763416586	0.177515337977188	0.323494526656091	0.145979188678903
0.174935373669872	0.0811118906630877	0.282147343202438	0.556922583626539	0.274775240424101	0.00980664456915167	0.0031378966086691	0.136742828110147	0.471629167003313	0.334886338893165
0.197556105085332	0.081427494825564	0.323349596916305	0.531088783601356	0.207739186685051	0.011684652532003	0.00357497173826655	0.163123180935444	0.531050495162402	0.367927314226958
0.148464974581424	0.0705155486575054	0.166063988717322	0.353805833416481	0.18774184469916	0.00889744531814795	0.00254497191826198	0.0920453776748105	0.240167686757591	0.14812230908278
0.14760465133399	0.0760947067121656	0.228372163076003	0.527148060486391	0.298775897410388	0.00822652453727685	0.00271648696786029	0.116206084543189	0.439991363091247	0.323785278548058
0.189348360115174	0.0834834186120911	0.328589440387607	0.585050416936749	0.256460976549142	0.0110907154303722	0.00334867376116842	0.168462572160551	0.535412450553816	0.366949878393265
0.145003666565209	0.0749726030937437	0.195797832917679	0.442510411240848	0.246712578323169	0.00753344656839516	0.00308574043523919	0.0963181287490797	0.379517889106973	0.283199760357894
0.160039777240228	0.0702084603976145	0.203304775824895	0.348511174633521	0.145206398808626	0.00999702504696507	0.00278162302743873	0.115152075135651	0.281219283873573	0.166067208737922
