LR1_coefficients_null_raster	LR1_coefficients_Elevation_16_k10_R	LR1_R2_null_raster	LR1_R2_Elevation_16_k10_R	LR1_Q_Elevation_16_k10_R	LR2_coefficients_null_raster	LR2_coefficients_Elevation_16_k10_R	LR2_R2_null_raster	LR2_R2_Elevation_16_k10_R	LR2_Q_Elevation_16_k10_R
2.34372740331407	0.588293766607005	0.130064663123282	0.16027985211592	0.0302151889926383	4.39435269072093	0.326970793438429	0.0931229020728623	0.145266389811348	0.0521434877384854
1.75626223314002	0.484525636705833	0.089538562316103	0.117831827572326	0.028293265256223	2.84713445126994	0.280517538105591	0.0504203861052397	0.103405842022009	0.0529854559167698
1.89791879478315	0.531197112639769	0.107406359765591	0.14384637367441	0.0364400139088191	3.16672835782547	0.312774923308032	0.0633948870272825	0.12949032859667	0.0660954415693877
1.89587138559583	0.48140661206116	0.109635171476138	0.128470455523651	0.0188352840475129	3.47998773881038	0.284606708377897	0.0733296722848348	0.123976075464939	0.0506464031801044
1.93241657349658	0.426657049272532	0.106052571740225	0.0973501098529408	-0.00870246188728394	3.59983632588711	0.224934826001886	0.0731936115929598	0.0763071630310495	0.00311355143808971
2.07716920680197	0.579822795637352	0.120195593891718	0.162277545215965	0.0420819513242476	3.41476462676406	0.342197142579064	0.0734075308775307	0.150181606649123	0.0767740757715918
2.02397295221323	0.566073212291811	0.115921716316807	0.154736082747223	0.0388143664304168	3.08334169338963	0.329330809253099	0.0612204736683966	0.14224850090238	0.0810280272339838
1.99974828662793	0.53448960542422	0.107272461675763	0.130678755493307	0.0234062938175446	3.45646041086791	0.303939199768566	0.0686300015208413	0.112822800865646	0.0441927993448042
2.01896453290335	0.594169855706422	0.119797968949075	0.175818927380688	0.0560209584316129	3.20820717779149	0.345774408593324	0.0705464940531616	0.1605313123007	0.0899848182475385
2.33231586754931	0.554741990742775	0.144896825917615	0.159719475341645	0.0148226494240295	5.08523428240758	0.311218318403557	0.115076539559095	0.145521440157068	0.0304449005979735
1.81786945649307	0.547582882710006	0.108459057960536	0.157790924125587	0.0493318661650511	2.93948162583518	0.337731564163518	0.0633436317647184	0.152303913271958	0.0889602815072398
1.73421324910857	0.472260746054338	0.089946121154319	0.117526259049326	0.0275801378950074	2.92572916031355	0.260005244139152	0.0553877710213722	0.103763799675419	0.0483760286540466
1.70998787982681	0.475710379959502	0.0812981285214198	0.107661889008186	0.0263637604867663	2.51021751774057	0.24612355329573	0.0422949206587324	0.0839068998855462	0.0416119792268138
1.92889805077058	0.603050030785801	0.113270012423853	0.176608459090409	0.0633384466665558	3.20368681537617	0.369974613025963	0.069462512421395	0.176383929071954	0.106921416650559
1.97070475845298	0.518306616590633	0.115402525734946	0.143185346234049	0.0277828204991027	3.71933432785357	0.313608059408387	0.0820706762835733	0.14674686073993	0.0646761844563562
1.91269752945686	0.559023180776327	0.114047182068621	0.166392307528083	0.0523451254594623	2.85585482511617	0.316515828928037	0.0606636307023407	0.153569153770297	0.0929055230679567
1.77383080638818	0.485217424963868	0.0960366915520848	0.125832883779483	0.0297961922273986	2.83201167817738	0.268799676487355	0.0527037821926887	0.105867720572442	0.0531639383797534
1.97088485048937	0.519072181804414	0.108138750339855	0.132055705771773	0.0239169554319178	3.22803088413895	0.2929791730498	0.0686537677639482	0.118410803858459	0.049757036094511
1.78266972535621	0.529712229365726	0.104193791898718	0.155540536848366	0.0513467449496472	2.83744129741152	0.312096888682022	0.0621840321595243	0.15311632441222	0.0909322922526954
1.79593666937254	0.564417668639488	0.0983135508887293	0.15036276877547	0.0520492178867404	2.18310410524415	0.327981935905431	0.0405918117670462	0.138516833796452	0.097925022029406
2.0158276825203	0.516531202770789	0.118170574775141	0.144317163405517	0.0261465886303761	3.30738859501436	0.282217037572309	0.0705605190919563	0.123905116945488	0.0533445978535313
2.18613935521809	0.607240958515551	0.143324410314195	0.187795978870197	0.0444715685560017	3.79311546984166	0.355263624112764	0.0935039814754483	0.173634331109635	0.0801303496341871
1.74766934681767	0.493387180961563	0.0956704739037987	0.127267557874452	0.0315970839706535	3.29560988166201	0.318309185707539	0.0691348147269511	0.135777059476888	0.0666422447499365
1.60938555742106	0.406147201269816	0.0735681986896998	0.0815343245391554	0.00796612584945566	2.49201253746317	0.223562606161193	0.0410219575850904	0.0675967650328058	0.0265748074477154
1.85340530240102	0.559500271632846	0.109303771688651	0.155732565614417	0.0464287939257658	2.44348244959075	0.336299725806957	0.0498432938237409	0.140181277807685	0.090337983983944
1.7946155501458	0.534834501528199	0.0962703708116442	0.143349690187488	0.0470793193758436	2.87884821143543	0.3194288927437	0.0562730978949241	0.139201604782368	0.0829285068874436
2.16696763921424	0.564330050957616	0.131468896819002	0.15948279971945	0.028013902900448	3.87578592858582	0.322410983103413	0.0898288058069258	0.145591813755306	0.0557630079483806
1.78818309000783	0.535227465524232	0.091046646498132	0.137560648490526	0.0465140019923937	2.52755133401904	0.304084016545183	0.0434722944523029	0.122526901888229	0.0790546074359264
1.76467778434268	0.451458323311279	0.0959860565103052	0.111986515383016	0.0160004588727109	3.07646807873775	0.251080332170337	0.0586409668219723	0.0941828958577703	0.035541929035798
2.11286774810115	0.524771224820382	0.123760708458211	0.144805872360986	0.0210451639027752	3.89668904356238	0.293016915310646	0.084238421732145	0.127478630870541	0.0432402091383959
1.89299144713452	0.549457898543767	0.114368325570269	0.163646457816111	0.0492781322458424	2.8075017370156	0.33125825348681	0.0572638398456255	0.155361312822851	0.0980974729772259
1.63088944579996	0.499461831809195	0.0786412250414571	0.133044987035548	0.0544037619940913	2.63624146697037	0.302633444144467	0.0486515264297911	0.140722125450189	0.0920705990203975
2.02332304436579	0.535865999177006	0.115342577106642	0.149645679317429	0.0343031022107871	3.54143257130984	0.295968053434549	0.0719829945731075	0.129912328737683	0.0579293341645751
1.70815298739373	0.502153311426348	0.0843918720190715	0.126194660498575	0.0418027884795033	2.57254545982348	0.289256857628729	0.0471126928036881	0.119079694133996	0.071967001330308
2.20495183477084	0.59800664153945	0.143361518693732	0.192929609619457	0.0495680909257242	3.57307259955331	0.340968084896104	0.0814033396319393	0.172561429433099	0.0911580898011599
2.01261154022532	0.543994951561929	0.119506446874104	0.156131962683063	0.0366255158089591	4.03431415014942	0.335189790648992	0.0902718697507157	0.16028215818867	0.0700102884379544
1.91743480212338	0.524599931817068	0.114433269326747	0.140918979744852	0.0264857104181045	3.15096929408892	0.310376753201233	0.071914563325964	0.133148415100727	0.0612338517747625
1.58932674916663	0.447453591685446	0.0804131506478585	0.10190600104559	0.0214928503977313	2.42072037471032	0.258343124174294	0.0433369675669586	0.088711389582417	0.0453744220154583
2.06443635966511	0.554321041195969	0.129890076597719	0.163062791017846	0.0331727144201274	3.50182500179815	0.320181974934862	0.0836034879799887	0.150032111452974	0.0664286234729854
1.93179328268728	0.484761772907481	0.118262482983203	0.13259223972431	0.0143297567411069	3.24370221054173	0.277483022194839	0.0710039342266832	0.114893616905415	0.0438896826787316
1.83420906328214	0.531895581869111	0.094074522220697	0.134601877581633	0.0405273553609364	2.91000442100039	0.312908565004569	0.0562808512295156	0.128043624390536	0.0717627731610206
1.11456961639257	0.481352379575808	0.0500324226189093	0.119751903731232	0.0697194811123226	0.348239953442635	0.256980025180985	0.00432658431154984	0.107421009457059	0.103094425145509
1.83990300689099	0.502890317588359	0.106588606260427	0.13863962786138	0.0320510216009524	3.17217150738325	0.286406086414189	0.0676563991325118	0.122366217053448	0.0547098179209366
1.98255722859033	0.58564291583796	0.127949559733917	0.176944990718853	0.0489954309849361	2.91933124104308	0.348873131006147	0.0718904083127306	0.167258600700455	0.0953681923877246
2.03674485407084	0.544422084017921	0.116242145905294	0.151874473670526	0.0356323277652321	3.44398005187956	0.290064467301711	0.0680297372788239	0.11909251281895	0.051062775540126
1.75233240872271	0.467969812127528	0.0830198993726116	0.104904769076801	0.0218848697041897	2.7457168864409	0.264977345524362	0.0460802676369971	0.094112082632847	0.0480318149958499
1.69351580080905	0.524930488678054	0.0883604337285776	0.132141351496353	0.0437809177677757	2.17786107000399	0.298997209727585	0.039450663612747	0.113032042831879	0.0735813792191317
2.02801917990683	0.536685617836038	0.119233788681489	0.153691646382378	0.0344578577008894	3.99470191174778	0.301669442429628	0.0822919139503048	0.130247203750853	0.0479552898005487
1.90535762298083	0.513674859878289	0.10397694218078	0.134252179727631	0.030275237546851	3.06293297465036	0.290821091016883	0.0606385032931052	0.117523998110255	0.0568854948171501
1.9115436320199	0.527442532428831	0.103983341119332	0.138750415802253	0.0347670746829206	3.11362326775093	0.292506249214411	0.0608023767255646	0.11752283654134	0.0567204598157754
2.13180366851179	0.605382819196192	0.123901721835652	0.18212307382552	0.058221351989868	3.38615135098937	0.322838188322245	0.0711226569175694	0.15169701856988	0.0805743616523105
2.04188503207163	0.520728991864426	0.122070845273113	0.144296639397536	0.0222257941244234	4.0733946028108	0.292026898846781	0.087814427753949	0.123539131027738	0.035724703273789
2.12954169016766	0.538316727062799	0.125670895372784	0.151034650718177	0.0253637553453926	4.19986387710472	0.320918646185574	0.089461690504286	0.146757731958857	0.057296041454571
1.88125373248094	0.53996073364015	0.104626436461079	0.14745840639038	0.0428319699293013	2.76043876977348	0.325400017670182	0.0560547512272681	0.142634342030563	0.0865795908032952
2.07356743676463	0.595359780558707	0.130159422339658	0.179598509713539	0.0494390873738808	3.16712830925075	0.339842912715365	0.0679659069270551	0.15530497588824	0.0873390689611848
1.82655098448552	0.461985232613683	0.0951805824425368	0.114766388437378	0.0195858059948412	2.96488658408688	0.255128964914876	0.05482210466789	0.0979755682744922	0.0431534636066021
1.85433331660202	0.482633305827812	0.106391217359604	0.131743545522189	0.0253523281625842	3.00371840448206	0.255050255891925	0.0641069913894582	0.107305353610472	0.0431983622210142
2.11650436886473	0.575514252208252	0.124902095009135	0.158045025212287	0.0331429302031514	3.32150413049366	0.345855564992596	0.0734297230234833	0.158290490491797	0.0848607674683138
1.99695154610737	0.54338227930152	0.120101735284863	0.148735296691144	0.0286335614062809	3.20553823170334	0.296886687109768	0.0685272021980337	0.123876149242777	0.0553489470447438
1.77590392709618	0.52790624374619	0.099939583751163	0.147292689305645	0.0473531055544822	3.06447714390567	0.32112716216713	0.0601108600904463	0.139978451826324	0.0798675917358775
1.8351219552656	0.554572590261355	0.108434100448968	0.158134727161534	0.049700626712566	2.75622398133263	0.324930781149623	0.0544736413054395	0.137543935082286	0.0830702937768464
2.34746105967461	0.637831585121905	0.158026757805617	0.204286748785769	0.0462599909801525	4.15548140019368	0.374459263590227	0.105899501231396	0.197758118189949	0.0918586169585529
1.70960890823799	0.472382321224137	0.0916147335321559	0.120706884131445	0.0290921505992894	2.88363558660481	0.271537514151319	0.0563204635093776	0.108133014307294	0.0518125507979167
1.9427414128788	0.543743669368654	0.108701080598936	0.142087448057112	0.0333863674581757	2.87564342641523	0.27926741492796	0.0586763504155689	0.10249332436365	0.0438169739480809
1.5920832626133	0.498386276485232	0.0797469041094303	0.132121739310277	0.0523748352008468	2.36340291858472	0.291101143577763	0.0406512549511463	0.123351217143911	0.0826999621927651
1.91483128124257	0.526035597765492	0.12206391541984	0.161519246769094	0.039455331349254	3.20154562491592	0.304737117431186	0.0719656717955259	0.159868314155803	0.0879026423602774
1.8761963357372	0.526464839065838	0.107984872073653	0.146685965822339	0.0387010937486863	3.31232448644816	0.305546824649231	0.0710001967882309	0.133040548762676	0.0620403519744452
1.64814559864678	0.501972253879742	0.0874956201701388	0.129395299383518	0.0418996792133787	2.29997220741195	0.288638653796121	0.0420944105457537	0.111546683147627	0.069452272601873
1.9861575642839	0.542157954495865	0.117259489357073	0.148610815436504	0.0313513260794308	3.32726694384768	0.318879170700258	0.0675706212862014	0.136289079875885	0.0687184585896832
1.93080848299188	0.524589919178109	0.108019781621595	0.134459394121573	0.0264396124999784	2.94698627670098	0.302208034280563	0.0561983394944982	0.118206311699791	0.0620079722052924
1.66169481576008	0.517235181093531	0.076963163197255	0.123317135721149	0.0463539725238939	2.26003640298358	0.286453067597854	0.0365263386823735	0.105536278672164	0.0690099399897902
1.59617141987587	0.452215351384738	0.0799704929004782	0.114831153197892	0.0348606602974139	2.79483334290925	0.279586514653343	0.04853389479297	0.113632508254891	0.0650986134619214
1.62446253190825	0.46438188953842	0.0826813405085422	0.116260091554151	0.0335787510456085	2.43719887961516	0.261008664697369	0.0443897864510238	0.103928272750801	0.0595384862997769
1.71439372246168	0.522174974475627	0.0893320880557824	0.138381368435759	0.0490492803799764	2.63270939906961	0.323040794733233	0.0492937723079818	0.139392923920369	0.0900991516123873
2.1254327888652	0.585349722775959	0.136067509357869	0.177533312968517	0.041465803610648	3.53914149933598	0.35714596666204	0.0849354377036654	0.176139169662034	0.0912037319583689
1.71561688078834	0.504203891097151	0.0808619475653609	0.126428450906976	0.0455665033416155	2.73318901015026	0.302694023279243	0.0443870620493411	0.126492414432825	0.0821053523834841
2.11478567356099	0.59300999884964	0.124864716693742	0.179514248185446	0.054649531491704	4.13162521199092	0.355252644283068	0.0961295297716372	0.181185443724628	0.0850559139529913
2.05856835439473	0.578910214406278	0.121666662358333	0.171880027658352	0.0502133653000181	3.51424732469323	0.323491391258637	0.072705900866082	0.145598445001377	0.0728925441352947
1.67662632540984	0.422587705501369	0.0895449420410056	0.104681334831143	0.0151363927901374	3.00047574913724	0.24100055874161	0.0565961379334358	0.0952026190645739	0.0386064811311381
1.57942374088331	0.475219711050543	0.0786930649575088	0.123296405100015	0.0446033401425061	2.89427034870261	0.287224955038045	0.0519982817728694	0.120528556541199	0.0685302747683297
2.00488080518673	0.562664397768881	0.127861411256275	0.171941047475089	0.0440796362188139	3.01829951771629	0.324110541846179	0.0656904356263755	0.15329574170932	0.0876053060829444
1.90537445350246	0.553710533432364	0.110572831700921	0.145955556833351	0.0353827251324293	3.27306139846325	0.346694721888526	0.0704196963607123	0.145692465761109	0.0752727694003971
1.6847049277595	0.495876925548299	0.090763690374521	0.125923118944961	0.03515942857044	2.68130630409599	0.304988481445078	0.055205625967077	0.126585992547063	0.0713803665799858
2.15663279663629	0.596986121032421	0.130010154097836	0.18146811104073	0.0514579569428943	3.96809311228115	0.360538373166119	0.0921678434064477	0.183932295481074	0.0917644520746266
1.86438152507257	0.495967286791618	0.100493144541276	0.124409216457118	0.0239160719158412	3.30360349635533	0.297857237501096	0.0677200276681115	0.120169381050377	0.0524493533822651
1.81243752730515	0.509255951690112	0.0944621545302425	0.132579252001009	0.0381170974707665	3.11138427378203	0.305786942978455	0.0579164383671275	0.129005668844095	0.0710892304769678
1.90715249188255	0.545446407307701	0.102144958492718	0.146072810275405	0.0439278517826864	3.24693212476793	0.320558949411862	0.0661368405779538	0.144746135682176	0.0786092951042224
1.85145866852326	0.513565743997599	0.108238073937532	0.144566948685622	0.0363288747480899	3.19679497207042	0.312815250489075	0.06541456185692	0.142093089620424	0.0766785277635037
1.76074389187356	0.509783159672034	0.0974742427263215	0.135822506485352	0.0383482637590309	2.45025475955323	0.269437973292442	0.0445433357134278	0.103660552631944	0.059117216918516
1.61268741835131	0.486112682377647	0.0800303071757711	0.123734523160782	0.0437042159850106	2.75809445295201	0.280971540358338	0.0497017504067032	0.114091809423419	0.0643900590167154
2.11298960214628	0.560876340715681	0.125916601071671	0.158872753700362	0.0329561526286915	3.53085941271067	0.322907559417025	0.0772563755118942	0.146011237693793	0.0687548621818984
1.52694123101065	0.471777216063108	0.080848243724575	0.125100171790656	0.0442519280660813	2.28931635807989	0.278621633500351	0.0391336121238355	0.11493140125796	0.0757977891341243
1.96028680654141	0.500795880261103	0.101663844566744	0.125729206255744	0.0240653616890005	3.38922824393327	0.274543289862615	0.0689896478528577	0.111473335340645	0.0424836874877877
1.92279746608221	0.534473083567231	0.109338116986537	0.144961366852133	0.0356232498655959	3.25728597971203	0.318086990669892	0.0693169773456038	0.139352180147311	0.0700352028017073
2.00821736096786	0.472819391867255	0.110647192697157	0.117674123306079	0.00702693060892126	3.58646486009713	0.24974455511347	0.0759311549456791	0.0978823033301655	0.0219511483844863
1.8691304782129	0.531433769318414	0.104783218837923	0.140975631433549	0.0361924125956256	2.86065684282033	0.309238032339624	0.056954613369248	0.130443812986456	0.0734891996172077
1.86143732862721	0.528858246620741	0.102219177841814	0.137873575730356	0.0356543978885415	3.02848031136055	0.321193099577016	0.0613522149034939	0.127327068338376	0.0659748534348824
1.91456229108221	0.504751970734383	0.109874097181485	0.135027340752284	0.025153243570799	3.48403607434806	0.296749972984232	0.0721579976477191	0.124055972518857	0.0518979748711377
1.30800679372029	0.489433657326817	0.0707522573493965	0.141646085607703	0.0708938282583069	0.942796157372028	0.294611687135438	0.0170126377625381	0.140503322603473	0.123490684840935
2.00015089994	0.564118861562867	0.117776665185484	0.154836568866981	0.0370599036814961	3.41150635305745	0.338294620460578	0.0716623064984157	0.145406959180603	0.0737446526821869
