LR_coefficients_null_raster	LR_coefficients_Elevation_16_k10_R	LR_R2_null_raster	LR_R2_Elevation_16_k10_R	LR_Q_Elevation_16_k10_R
9.95350501074011	7.00254698831216	0.52690755206164	0.21550758587979	-0.31139996618185
10.5420896277069	7.7609470573822	0.555780076102199	0.248912760493087	-0.306867315609111
10.1006347388207	6.9360122803793	0.51944591874345	0.202409488138793	-0.317036430604657
11.0818259427284	8.45327121423538	0.56397937022362	0.271180420167006	-0.292798950056614
10.6585150404175	7.74282608053603	0.543153151619213	0.236862365243324	-0.306290786375889
10.6002820530475	7.47060450034564	0.535383431201023	0.219740307933131	-0.315643123267892
10.5387676882186	7.51469433331291	0.540010013799938	0.226888740858053	-0.313121272941885
10.217389167671	7.27954533927545	0.54375229457902	0.228085615330267	-0.315666679248754
10.4084776157817	7.06540997727235	0.518617971128745	0.19747677466607	-0.321141196462675
10.2049229619828	7.16911127592982	0.537913480061594	0.219377338660607	-0.318536141400986
10.8889455165684	8.50018292958509	0.555849782692636	0.279904892081857	-0.275944890610779
10.1590054646311	7.31893922178288	0.526500461041377	0.225819168248169	-0.300681292793208
10.2123365696247	6.89459579272161	0.516060839762511	0.194373224774759	-0.321687614987752
10.5664293037545	6.82974242567363	0.488936268938893	0.16880004389817	-0.320136225040723
10.2990406578359	7.20929804193023	0.534569640374359	0.216453623117187	-0.318116017257172
10.9789177115225	7.74227001375128	0.516028103467607	0.212060155401546	-0.303967948066061
10.059681824173	6.75382219707035	0.516424826593214	0.192356126586257	-0.324068700006958
10.5536877841107	7.47832591717749	0.539580394699674	0.223884799490673	-0.315695595209001
10.5211562520016	7.46348751642112	0.53117657755047	0.220883742002187	-0.310292835548284
10.6480724357218	7.88872342689098	0.545952495649305	0.247624993141937	-0.298327502507369
10.910651250065	7.88035200712618	0.533335203910014	0.229910227835786	-0.303424976074228
10.7511444372588	7.33061422918034	0.509503340420888	0.195743129712462	-0.313760210708426
10.0602754502519	6.78863627277331	0.514437804652176	0.193573707094701	-0.320864097557475
10.4869836584401	7.47833570153734	0.539576183196893	0.226740790654366	-0.312835392542527
10.5533402043293	7.43232226187085	0.538993302921215	0.220912713617777	-0.318080589303438
10.8031638093521	7.82364647419085	0.544287146898306	0.235891746466176	-0.30839540043213
10.0285386249766	6.95638457010897	0.528194180586573	0.210016602901702	-0.318177577684871
10.557647130809	7.35733588156948	0.524248209688225	0.210383652941006	-0.313864556747219
10.1957361345992	6.98361227113569	0.524769959111359	0.203451166226313	-0.321318792885046
10.091467679009	6.94959188408764	0.523584645777193	0.205194157954633	-0.31839048782256
10.4272021865056	7.52116208178324	0.546553946092823	0.234982486291452	-0.311571459801371
10.2524412726404	7.08510824589589	0.537394098581695	0.212079868775239	-0.325314229806455
10.7153663889212	7.66432681189967	0.538920708833564	0.227838443891385	-0.311082264942179
10.438001252644	7.51793271260451	0.540671119117056	0.231773353812374	-0.308897765304681
10.5999609175839	7.6314616178314	0.545715096582275	0.233744307409835	-0.31197078917244
10.5071886043736	7.56351449076036	0.545042268012775	0.233384800143739	-0.311657467869036
10.1259286222591	7.13242685350066	0.534033001168926	0.218948099175599	-0.315084901993327
10.2638985263199	6.94708477403197	0.515281499036896	0.19507122051271	-0.320210278524186
10.7603290152449	7.89263397594309	0.54793828881048	0.243608606196543	-0.304329682613937
10.2064184563215	6.92925613838659	0.515832472166552	0.196473201614997	-0.319359270551555
10.138161286955	7.08705593183154	0.533057466522468	0.215256122747127	-0.31780134377534
10.874017144674	8.11392986673374	0.554185071259054	0.254979607864201	-0.299205463394853
10.8106215173026	7.58291779210106	0.52282409635834	0.212566645686729	-0.310257450671612
10.4165217984619	6.8493086829279	0.5061918420256	0.180855333300534	-0.325336508725066
10.3526408370732	7.14080826133622	0.515935539461881	0.202841142458691	-0.31309439700319
10.3025194870364	7.56049034179637	0.531674709689471	0.236606784386957	-0.295067925302514
10.1027799042038	7.04920678618189	0.527750602378	0.212322299813582	-0.315428302564418
10.3490726286089	7.22186683997833	0.535076323919104	0.21531781902979	-0.319758504889313
10.2184316122515	6.99862571614399	0.533745945284972	0.206899668089834	-0.326846277195137
10.0007123923291	6.98032054936947	0.51602954494482	0.207745478209816	-0.308284066735003
10.5805485208072	7.69457240008743	0.551929438896833	0.241215009313946	-0.310714429582887
10.4859893134661	7.91226466705686	0.54836118346141	0.257998778488638	-0.290362404972773
10.0735801665326	6.72457824093907	0.526597299271595	0.193914011036895	-0.3326832882347
10.0802396049426	6.9740406511558	0.526449316807722	0.208234152149792	-0.31821516465793
10.3182430011376	7.51898785408659	0.537794166118535	0.235988861093677	-0.301805305024858
10.1178094777405	6.92597058315099	0.536325124464964	0.207675175986245	-0.328649948478718
9.93943685432471	6.99573499757103	0.525964636856177	0.215311804732373	-0.310652832123804
10.8665931819079	8.36093188247149	0.549905186404536	0.269016255478997	-0.280888930925539
10.3994274992615	7.6943634622804	0.552818849583772	0.25007917546334	-0.302739674120432
10.8648711067189	8.32079945046305	0.539846868877596	0.261649369923619	-0.278197498953978
10.2714922531882	7.12277835349986	0.546673196769447	0.217233955290275	-0.329439241479172
10.5149173370513	7.95492235788806	0.542471604939375	0.256569678077546	-0.285901926861829
10.4397461982037	7.46952839388181	0.542344577298846	0.229429859957257	-0.312914717341589
10.0857227810938	6.94493823324623	0.525339423707244	0.205840519319769	-0.319498904387475
11.1417733973814	8.15284434034235	0.530106898107996	0.234553148950793	-0.295553749157203
10.5258809549636	7.4479171770957	0.53370527982356	0.220811873448909	-0.312893406374651
10.0435584063371	7.20830561568448	0.53844955367253	0.229194577992896	-0.309254975679634
10.4061181053084	7.7052208389252	0.552476819042956	0.250308094641836	-0.30216872440112
10.246364325944	7.44816637738356	0.539893255141578	0.235741046455911	-0.304152208685668
10.3483333590776	7.09739518623471	0.524763048104697	0.20398045410791	-0.320782593996788
10.2364342309958	7.27476635469046	0.538080089805832	0.224572086888556	-0.313508002917276
10.5949090800131	7.72111541436404	0.548663526233537	0.240790786184893	-0.307872740048644
10.5265522015679	7.3258442908927	0.528902393506185	0.211683377734943	-0.317219015771242
10.8072561418403	8.02251398617739	0.539181831303106	0.245523733707568	-0.293658097595538
10.1187289716339	6.87155014970235	0.516004792767147	0.196643412958261	-0.319361379808886
10.2184852311023	7.25072660903299	0.530429895723121	0.22069178375962	-0.3097381119635
10.5735526191635	7.64510180875305	0.537746123538408	0.23231118876496	-0.305434934773448
10.7979182590952	7.48345931368133	0.530628764175318	0.210612272959164	-0.320016491216154
10.5396492929677	7.21109666623937	0.519233364863713	0.200854266141102	-0.318379098722611
9.85150332122584	6.63605273707138	0.502325224142662	0.188350935718162	-0.3139742884245
10.3537997447656	7.25124684900388	0.531435107662015	0.215399282906587	-0.316035824755428
10.327004742952	7.39078802429318	0.546343991753057	0.231242185572932	-0.315101806180125
10.5820320375747	7.67925071833869	0.544646028708565	0.23701839088813	-0.307627637820435
10.4604705170884	7.44449296451771	0.530527739242091	0.222046564758501	-0.30848117448359
11.2145079548462	8.80387791996324	0.553023917710134	0.281643443400205	-0.271380474309929
11.0261296560632	8.50941327034312	0.539987181286486	0.26576919855887	-0.274217982727616
10.3809983903772	7.55702338749426	0.537036556354885	0.235177239657191	-0.301859316697694
10.1677819045798	6.7277037838629	0.508934688597184	0.184124459882249	-0.324810228714935
10.4770747847558	7.65244333072647	0.540732666940776	0.238380605073599	-0.302352061867177
11.3390091820996	8.91930428544085	0.527784163690627	0.269858595503217	-0.25792556818741
10.0458209938325	6.84287718673694	0.523366239363062	0.200669088987392	-0.32269715037567
10.4584430317113	7.19418372995387	0.520391530078121	0.20348263511203	-0.316908894966091
10.1912609441361	7.23164199279369	0.536632921400627	0.223287010377799	-0.313345911022827
10.3257107606647	7.35065696052195	0.528974633598687	0.221521253664207	-0.30745337993448
10.2529874317333	7.09295544380209	0.523665852809009	0.20709805631665	-0.316567796492359
10.0972864027161	7.07407438956744	0.528474754487933	0.214349411209297	-0.314125343278636
10.6992531257679	8.21851960941248	0.559834540751902	0.272965720542754	-0.286868820209148
10.1391638407744	6.87847777404532	0.522387285819421	0.19867405094428	-0.323713234875141
10.6776350857211	8.10132156120634	0.558062327615003	0.265468167959615	-0.292594159655388
10.2265654624055	7.15694009101761	0.524697466661736	0.21235978636553	-0.312337680296207
