LR1_coefficients_null_raster	LR1_coefficients_Elevation_16_k10_R	LR1_R2_null_raster	LR1_R2_Elevation_16_k10_R	LR1_Q_Elevation_16_k10_R	LR2_coefficients_null_raster	LR2_coefficients_Elevation_16_k10_R	LR2_R2_null_raster	LR2_R2_Elevation_16_k10_R	LR2_Q_Elevation_16_k10_R
0.278932109894541	0.0825765537568754	0.521607056795908	0.28368223386223	-0.237924822933677	0.0299721312771492	0.00381603409180022	0.788395416030035	0.345436798785672	-0.442958617244364
0.369230593292113	0.0973620759783927	0.720426140530348	0.3541316718756	-0.366294468654748	0.029503934248858	0.00415133829068725	0.965962372271142	0.481606196670569	-0.484356175600573
0.34790420489369	0.0839625087437071	0.736736262425968	0.416595515552621	-0.320140746873347	0.0288394040027434	0.00291480732854562	0.967093381636416	0.527019805015417	-0.440073576621
0.322287107190887	0.0691950723364696	0.642019375782811	0.222241378970876	-0.419777996811936	0.028045171757682	0.0030053092284729	0.920439270484286	0.266611391055162	-0.653827879429124
0.34354009682305	0.0746800867579478	0.709550462776809	0.354905765427655	-0.354644697349154	0.0299638466355796	0.00282201073724901	0.9769310699232	0.49456300071616	-0.48236806920704
0.352324141437457	0.0906448591707482	0.829044034167588	0.362320529942916	-0.466723504224672	0.0228677569155517	0.00446054312937175	0.97935946326202	0.557667883284452	-0.421691579977567
0.366066112955377	0.0802137719222634	0.65784371337684	0.299834650159425	-0.358009063217415	0.0370402133741792	0.00367469853440011	0.936808822921329	0.402028763714301	-0.534780059207028
0.342646513826955	0.0818516529745767	0.67975380236409	0.287671036768893	-0.392082765595196	0.0304501227334018	0.00362642641310227	0.956024726694408	0.367781349440975	-0.588243377253433
0.332886013044997	0.078051643928391	0.654769397380817	0.27004252405646	-0.384726873324357	0.0308308533745005	0.00414757303615574	0.94002964734055	0.411274199840818	-0.528755447499733
0.309614356309561	0.0876066607582569	0.812691502962732	0.351565404808406	-0.461126098154326	0.0186848629654638	0.00444793893556228	0.986296480566138	0.554160590312393	-0.432135890253746
0.308924149061841	0.0673306758992487	0.558432092092638	0.218762328764203	-0.339669763328435	0.0330611266677985	0.00250307335795071	0.855334394319692	0.229931820868005	-0.625402573451687
0.362258578320475	0.0834877505116905	0.706989751888359	0.257117273181961	-0.449872478706397	0.0299609777462442	0.00413251857427598	0.94874119180712	0.337159661010025	-0.611581530797094
0.31398894593474	0.096334388132888	0.86606659535136	0.621971088785147	-0.244095506566214	0.0157869193157673	0.00277529549281326	0.975733081186557	0.938186234586861	-0.0375468465996966
0.314750252067283	0.08554565211546	0.651676153480414	0.326771506294245	-0.324904647186169	0.0260270690235837	0.00341087211431696	0.902607327323432	0.386592703451276	-0.516014623872155
0.33501609719464	0.0752772824722542	0.775689366585408	0.304209141886615	-0.471480224698793	0.0235510310146566	0.00328210777911412	0.98304864348397	0.421084303479423	-0.561964340004547
0.33803045485288	0.0788955561325658	0.717445044185572	0.399799735349768	-0.317645308835804	0.0288737227893626	0.00287046650892212	0.977333919539349	0.552813828609764	-0.424520090929585
0.291723735219625	0.0699478356222218	0.649860125504042	0.375325647684611	-0.274534477819431	0.0259602453112133	0.00242657256592436	0.946395216313119	0.518594054876714	-0.427801161436405
0.284800080858115	0.0961336595378817	0.872086876865978	0.528192309516797	-0.343894567349181	0.0140000200538427	0.00391765320193013	0.973323711165127	0.846596189883553	-0.126727521281575
0.318745084249092	0.0862139384034858	0.840644318135261	0.345099919297685	-0.495544398837576	0.0177351184941138	0.00420971219505331	0.961028948924148	0.525277583272262	-0.435751365651886
0.314678614250186	0.0957842826007445	0.773810660753266	0.512736086029557	-0.261074574723709	0.0207397175200236	0.00383571723738307	0.973206557462142	0.838623437526171	-0.134583119935972
0.340395728550907	0.0902054597542036	0.71131903266756	0.414696019866732	-0.296623012800829	0.0292201679360222	0.00380443698642618	0.971764690846182	0.620029728334961	-0.351734962511221
0.323083469425139	0.0831770812968878	0.78595849235402	0.42852458414524	-0.35743390820878	0.0222501370256958	0.00338693907314632	0.994344360255706	0.689531481911411	-0.304812878344295
0.328024452865115	0.0774238438778568	0.706377257702426	0.252229159195286	-0.454148098507139	0.0255136539882636	0.00377742648894562	0.950197814377394	0.330890515047545	-0.61930729932985
0.331020203878524	0.0775768693992468	0.645390915948902	0.296173731274066	-0.349217184674836	0.0301885218419366	0.00291827664782338	0.927857073622084	0.349245481645565	-0.578611591976519
0.352736069233855	0.0982960265748355	0.82611135408661	0.340567406432558	-0.485543947654052	0.0227279367822929	0.00530951360855274	0.983075592599633	0.51843420398198	-0.464641388617652
0.356068564479327	0.0725576567356087	0.736026594653258	0.257575194417968	-0.478451400235291	0.0292510570786748	0.00251431008352059	0.973207731843834	0.250271310785368	-0.722936421058466
0.342133257347443	0.0939095610087054	0.801591965801893	0.384893976172997	-0.416697989628896	0.0229487596183294	0.00455291674084614	0.98566439434136	0.595409946714388	-0.390254447626972
0.306395683799376	0.0700167169055909	0.600898698482393	0.198386050105168	-0.402512648377225	0.0311286758259747	0.00358048894044641	0.897584598864158	0.234627579641177	-0.662957019222981
0.321895324322538	0.0889469150168068	0.739585668180422	0.30990477821391	-0.429680889966513	0.0244391608053298	0.00431184861065371	0.982666763490197	0.424742154047884	-0.557924609442312
0.255178961038516	0.073599152707706	0.488931384082606	0.255518480753543	-0.233412903329063	0.0255450081964066	0.00318445878330587	0.746731863825342	0.329128958151181	-0.417602905674162
0.273022992739048	0.0800628061932292	0.641298449253148	0.320059138198672	-0.321239311054476	0.0209924768582786	0.00349432800121692	0.907189005493478	0.43120189733535	-0.475987108158129
0.367819709134399	0.0779111244960109	0.697751444940742	0.291634670133999	-0.406116774806743	0.0366872651395099	0.00324670919850621	0.977656715679194	0.339997284105114	-0.63765943157408
0.415821746714909	0.0845987014194315	0.622598267361079	0.312623959572775	-0.309974307788304	0.0481317914120127	0.00323066585258587	0.93475154608843	0.386350883836678	-0.548400662251751
0.340751103510884	0.0848687109691082	0.661200287651059	0.300162524167316	-0.361037763483743	0.0338761647038105	0.00376070742310884	0.946600480042829	0.362775732120123	-0.583824747922706
0.342900483875317	0.0813279169375813	0.6686455569379	0.286069590571484	-0.382575966366416	0.0317242024142871	0.00408361593685424	0.94686425344694	0.411303738859949	-0.535560514586992
0.303393051750541	0.0884927665570582	0.776004333625206	0.560865753786908	-0.215138579838298	0.0212817440727961	0.00296053552604977	0.989579573576346	0.849943757251502	-0.139635816324844
0.384719663893768	0.0880991252576621	0.690092229123015	0.284497027016826	-0.405595202106189	0.0367715835998423	0.0046404366658604	0.977346228794594	0.408149777409621	-0.569196451384972
0.328795628901259	0.0922011742030484	0.821120296220013	0.500482566514424	-0.320637729705589	0.0204492406300898	0.00366246811764387	0.980385602281067	0.826193604961532	-0.154191997319534
0.310802675795377	0.0804223959457319	0.837731662801807	0.430698066604352	-0.407033596197455	0.0179750434186588	0.00327624988003911	0.972198054026644	0.677234056744552	-0.294963997282092
0.273642263794891	0.0875126234475313	0.79915782077064	0.399275273931974	-0.399882546838665	0.0149989435805595	0.0039842316473982	0.95972481116548	0.610422030839498	-0.349302780325982
0.293654626307872	0.0772581550683622	0.530515664169135	0.255926219131598	-0.274589445037536	0.03163049554845	0.0036368621274292	0.794922402844235	0.324782378447056	-0.470140024397179
0.34161419437639	0.0838118957647235	0.729953763112645	0.42409532084965	-0.305858442262995	0.0279980939946038	0.00309900611753749	0.980398644436996	0.601489813240955	-0.378908831196041
0.342291257567967	0.0765291862570454	0.664776894013972	0.275508323791515	-0.389268570222457	0.0325857132857362	0.00358887098589292	0.95486778984447	0.376647878881007	-0.578219910963462
0.275910392638721	0.0689982488065206	0.556620928973643	0.271676616641301	-0.284944312332341	0.0281844614184476	0.00258933185701318	0.825361686427873	0.30418406869109	-0.521177617736783
0.328492484549024	0.0907797997564438	0.747562750512468	0.395172906407678	-0.35238984410479	0.0250595043016662	0.00374432086171325	0.98790966079747	0.536884860609057	-0.451024800188413
0.360099342748857	0.0791059649850282	0.702553743890633	0.284353284384277	-0.418200459506356	0.0316666168927706	0.00262532340544029	0.953609893263531	0.277789944324349	-0.675819948939183
0.347073855856829	0.08281437149051	0.602341943451035	0.297695304822534	-0.304646638628501	0.0414621990913044	0.00435690113975002	0.912108922712652	0.434633113102994	-0.477475809609659
0.321548454095801	0.091226735629772	0.816836481393609	0.361120298235103	-0.455716183158506	0.0196914460818408	0.00432735685661542	0.981524756245292	0.540048763513195	-0.441475992732098
0.303060194758428	0.0925702244273842	0.665306119426591	0.456549147301252	-0.208756972125339	0.023898354602182	0.00390751528126428	0.900087095193401	0.768816154050223	-0.131270941143178
0.349760821840402	0.0913537721551779	0.747270862306671	0.348135558386693	-0.399135303919978	0.0268951737169569	0.00417826482035434	0.972015579024289	0.496854644115387	-0.475160934908902
0.314643640064693	0.0920251828173992	0.693357710874044	0.367729676186702	-0.325628034687343	0.0241298709311082	0.00369387701506721	0.925467556508093	0.482528804421603	-0.44293875208649
0.353332752135721	0.0886934549481414	0.656373073301258	0.359791103177711	-0.296581970123547	0.0350600717758296	0.00344351172357443	0.911978094265637	0.44270118036493	-0.469276913900708
0.353743765072996	0.0920271331378878	0.728946708589245	0.441013029445536	-0.287933679143708	0.0277248626306065	0.00377186995302753	0.960445373390223	0.697661563363196	-0.262783810027026
0.354486183584343	0.0969233887267651	0.824943188805388	0.498024924498732	-0.326918264306656	0.0230596269480073	0.00389837904870428	0.984949168191559	0.793045878941187	-0.191903289250371
0.326481783007961	0.071531094551918	0.722799817185447	0.255694179051359	-0.467105638134088	0.0260603612977529	0.00309428607406337	0.973769059138175	0.310578221582923	-0.663190837555252
0.369186523274634	0.0973234669351841	0.69676241405811	0.377167991641304	-0.319594422416805	0.0334454355862669	0.00491583051814584	0.953258888539287	0.58501707673962	-0.368241811799668
0.380415194070834	0.0869552117347899	0.709155560407965	0.304024295628472	-0.405131264779493	0.0354560701701373	0.00428405151842272	0.978603220349493	0.418313584542854	-0.560289635806639
0.320202193683347	0.0834479015008476	0.679727571219628	0.333770344511689	-0.34595722670794	0.0289894958323394	0.00380501333702528	0.966726984459784	0.455960263214103	-0.510766721245681
0.366807000279632	0.11438845664043	0.772911647014091	0.52951601331055	-0.243395633703541	0.0283988828171501	0.00469184483663369	0.966540280366119	0.777205013985645	-0.189335266380473
0.302810591704597	0.0872534776105771	0.809117970280255	0.440813695850918	-0.368304274429337	0.0175758876577424	0.0038352422979223	0.972985380379588	0.74271215237218	-0.230273228007408
0.380364300443754	0.0920361658562986	0.773954438775018	0.31671042462085	-0.457244014154168	0.0306811540916792	0.00432919366450248	0.985821024553841	0.398400929033946	-0.587420095519895
0.31311006776665	0.0866332906509518	0.839951633454941	0.37428349604657	-0.465668137408372	0.0177803147762843	0.00409208873452445	0.969174415415845	0.584179592768678	-0.384994822647167
0.367527102088407	0.0809220788830851	0.751543672426707	0.279050749262382	-0.472492923164325	0.0305229570823945	0.00373024782316466	0.988945509436682	0.354048237026957	-0.634897272409725
0.360985867394985	0.0922648049095136	0.736404607933686	0.320896334749865	-0.415508273183822	0.0293532169437636	0.00461005137953859	0.977486880745926	0.45547656244925	-0.522010318296677
0.370339369209025	0.0985493060699968	0.797567730313531	0.421064540169555	-0.376503190143977	0.0265397014149471	0.00452087475383551	0.98326773697462	0.650807800046744	-0.332459936927876
0.312772016060332	0.0731608013961631	0.612716341051609	0.236374181134333	-0.376342159917276	0.0309900210424674	0.00334039969274772	0.889571207591407	0.274867196160246	-0.614704011431161
0.379222883075785	0.0877087064981419	0.709921619316058	0.306921616577114	-0.403000002738944	0.035852846133004	0.00413603378863961	0.961181200555589	0.379686606620063	-0.581494593935526
0.335436572061286	0.0796464897550707	0.697738190454969	0.40380301545147	-0.2939351750035	0.0299071206296802	0.0030843633546987	0.962083330702007	0.586193362084129	-0.375889968617877
0.36942684963231	0.0874421709988902	0.779658133881732	0.323800626045368	-0.455857507836364	0.0269957737124754	0.00322566460879212	0.981002572997159	0.36177821912698	-0.619224353870179
0.351166244794389	0.0951762015303556	0.806431737115478	0.408050867764439	-0.39838086935104	0.0217591982456445	0.00421838404152997	0.968945343669741	0.667401438269334	-0.301543905400407
0.321227089650046	0.0905698996374263	0.727865006042894	0.360054707314902	-0.367810298727991	0.0245631743724612	0.00483454357951621	0.971146866436361	0.598731358761892	-0.372415507674469
0.348272349595188	0.0907347490281459	0.727459231817849	0.375704956716351	-0.351754275101498	0.0288349370105293	0.00419264168868905	0.982502835152311	0.558241862980546	-0.424260972171765
0.36556111815153	0.0856525589568786	0.800165521608402	0.403361507649513	-0.396804013958889	0.0250863508295981	0.00353271147905642	0.967783356305634	0.615366047179817	-0.352417309125817
0.35230168501737	0.0861415407132813	0.75310119289006	0.406450817580103	-0.346650375309958	0.0279923258557495	0.00329759509329857	0.972824477612266	0.55760368220939	-0.415220795402876
0.34032257337569	0.0791598850266473	0.777448508261228	0.266134454239936	-0.511314054021292	0.023351397261462	0.00363027901507074	0.973407751695485	0.347191736413011	-0.626216015282474
0.345125042183871	0.0741295430407567	0.699688465861766	0.351709035598308	-0.347979430263459	0.0302913977731195	0.0027711224045423	0.952932348367608	0.478176136711384	-0.474756211656224
0.397565186446923	0.0824573774133209	0.709540678601134	0.308491591495056	-0.401049087106078	0.0396499781926463	0.0031230852376074	0.975936072105912	0.351159217556713	-0.624776854549199
0.35135153022379	0.0759341479284693	0.706265687796398	0.292984888253419	-0.413280799542978	0.032169694836077	0.00332734326781185	0.981021885228648	0.373982450503608	-0.60703943472504
0.326787923326435	0.0814753816714874	0.635808879689667	0.287684592018315	-0.348124287671352	0.0303826197652095	0.00400895420409623	0.9223971869484	0.415460813776587	-0.506936373171813
0.359763604060209	0.0859553160397145	0.778410951113228	0.336377992454664	-0.442032958658563	0.0257013012939526	0.00339585736177464	0.970587385814163	0.415390316842958	-0.555197068971205
0.327296703962801	0.0774836969346524	0.624950157120919	0.266038847211003	-0.358911309909916	0.0331476613649953	0.00354622732886859	0.905361273432441	0.330160615609841	-0.5752006578226
0.319028611776277	0.0825095865052469	0.840025482483179	0.408463709694333	-0.431561772788846	0.0199381833814725	0.00347564952979609	0.98203331494308	0.586521143059219	-0.395512171883862
0.331836335575332	0.077546999352181	0.718643249080944	0.275483470462163	-0.443159778618782	0.0272351337170578	0.0033046368985354	0.98016425072439	0.336476724874149	-0.64368752585024
0.291687905162129	0.0920340436812811	0.846964422249358	0.507628359863887	-0.339336062385471	0.0160498163316688	0.00349054265173895	0.983835738883272	0.752215922012075	-0.231619816871196
0.334313060971089	0.091237759877057	0.73040539335348	0.308615525415104	-0.421789867938375	0.024401047809213	0.0059531284573193	0.947205647486038	0.562415538645612	-0.384790108840426
0.307540225368277	0.10082764216313	0.792923965708733	0.363886924943605	-0.429037040765128	0.0203854853767543	0.00507895969774052	0.980345181534566	0.493808485904953	-0.486536695629613
0.340459810073158	0.0861633601957797	0.766039948026462	0.329110850362031	-0.436929097664431	0.0239182262284581	0.00386688746898955	0.966319022326395	0.443218127637222	-0.523100894689173
0.346152373371138	0.0830059584373611	0.744445911070288	0.278957914472775	-0.465487996597513	0.0255994580388536	0.00436787570992087	0.976247496121533	0.416287705649581	-0.559959790471952
0.313065314034447	0.0659017126857141	0.622065336416846	0.211313331036483	-0.410752005380362	0.0307098263581714	0.00287002748599798	0.930769218305768	0.241288057854298	-0.68948116045147
0.351010962611121	0.0842146406858224	0.743615083557347	0.293252787626005	-0.450362295931342	0.0280593897846342	0.00395658401140603	0.986117965614488	0.383795822706312	-0.602322142908175
0.32000434732136	0.0753141532788214	0.75624048275135	0.29960170634599	-0.456638776405359	0.0232553114256997	0.00350001758628212	0.985722961384724	0.42620537670419	-0.559517584680534
0.348018798688155	0.0805722314002446	0.639869407744013	0.285608979061139	-0.354260428682874	0.0381286727479845	0.00389611324277686	0.954952144189178	0.379885835552064	-0.575066308637114
0.354765983003885	0.0867364525551921	0.765971357106744	0.390045171735418	-0.375926185371327	0.0265959534711163	0.003668041697557	0.985136016074019	0.578493749548033	-0.406642266525986
0.133302114497781	0.0340038501091178	0.684442793589981	0.593124890642872	-0.0913179029471096	0.0224514679842832	0.00145839597662724	0.801252929629799	0.646343786962551	-0.154909142667248
0.329546744329484	0.0871303632468066	0.593812619390687	0.307313803846903	-0.286498815543783	0.0370773298595955	0.00438054270446312	0.88871348091967	0.420896810279834	-0.467816670639836
0.347841774076984	0.0988873820961851	0.791364239179424	0.387359897245301	-0.404004341934123	0.0244188335773749	0.00444079204848409	0.988904807921852	0.539601841357383	-0.449302966564469
0.334795511939801	0.0890767445009934	0.812868628517145	0.464926745455445	-0.3479418830617	0.0218595310226311	0.00359328855888422	0.978638466272225	0.737610527581804	-0.241027938690421
0.368655979101557	0.0773604289979768	0.659224491393415	0.249564158093629	-0.409660333299786	0.0387901294551767	0.00367060368036111	0.957556785417288	0.306853117246979	-0.650703668170309
0.334978609086169	0.0836596108081869	0.773353748972818	0.317919340675893	-0.455434408296925	0.0247374918318825	0.00390752312485159	0.985023877294483	0.423675698560923	-0.56134817873356
0.316847463860628	0.0831151363785408	0.784183150566091	0.484928784716545	-0.299254365849545	0.0204130357366085	0.00293528823452561	0.986886251914036	0.795137882344704	-0.191748369569332
