LR1_coefficients_null_raster	LR1_coefficients_Elevation_16_k10_R	LR1_R2_null_raster	LR1_R2_Elevation_16_k10_R	LR1_Q_Elevation_16_k10_R	LR2_coefficients_null_raster	LR2_coefficients_Elevation_16_k10_R	LR2_R2_null_raster	LR2_R2_Elevation_16_k10_R	LR2_Q_Elevation_16_k10_R
4.71403859871778	0.326170577843479	0.63682293373149	0.0518394429838442	-0.584983490747645	6.4823179719527	0.161799867466016	0.765810424328428	0.0513589919139285	-0.714451432414499
5.16886541350401	0.55912061438402	0.663758146946432	0.126650046973237	-0.537108099973195	7.62308228296015	0.324235936710905	0.793445800825428	0.169307979709357	-0.624137821116071
5.76589261629648	0.375244545999215	0.646232483953353	0.0527564211046679	-0.593476062848685	9.75591383175236	0.20239417597357	0.812846668008812	0.0589588847393187	-0.753887783269493
4.7952994711375	0.328371077272798	0.560300206776247	0.0507159732906594	-0.509584233485588	8.63788290772687	0.188409692004076	0.744136838827786	0.0660021275956661	-0.67813471123212
4.54887369404652	0.475913564296642	0.68379885149754	0.112746939809838	-0.571051911687702	7.13077291171931	0.266007849581664	0.822194584126003	0.115606210143498	-0.706588373982505
5.2817676360553	0.496249282479277	0.715077846939709	0.124366557670068	-0.590711289269641	8.6948820555268	0.242173034213521	0.857772330798098	0.12714692384194	-0.730625406956158
3.80813073884475	0.392709331468185	0.444223180643244	0.0812487405463564	-0.362974440096887	6.48808524187307	0.218617354763678	0.506857201217625	0.094507189923037	-0.412350011294588
5.26710318640638	0.277863159808903	0.602389297188811	0.0343124483783655	-0.568076848810446	8.85471241789756	0.151143992136461	0.78680488458614	0.0436767632611925	-0.743128121324948
5.22353101502534	0.488194818961031	0.576242304890512	0.146674964641641	-0.429567340248871	10.3247641209645	0.263964593712346	0.745454325080148	0.178633138154328	-0.56682118692582
4.7342659108345	0.479960459793477	0.690731387550104	0.0916712027181166	-0.599060184831988	5.06646148844948	0.261382833819527	0.702929202151101	0.112339820379489	-0.590589381771612
4.36777431586067	0.380083470351016	0.589201295712323	0.0734824490205789	-0.515718846691744	6.96461939592132	0.199365917604073	0.738366052059575	0.0744476288611294	-0.663918423198445
4.73532293829998	0.403620741110981	0.579196825682527	0.075557465958137	-0.50363935972439	8.59103622414557	0.211406538671533	0.762604185190879	0.0723234700122088	-0.69028071517867
4.87514257836116	0.517685636652718	0.715361470128926	0.121416771888969	-0.593944698239957	6.99869921712934	0.296219987971922	0.793517798461696	0.136997954918897	-0.656519843542799
4.69472331484148	0.40248776246449	0.590596709610176	0.0803654792818884	-0.510231230328287	8.78939568718978	0.206810472511418	0.804011493139676	0.0829436754158195	-0.721067817723857
5.72858091057373	0.503378225951741	0.739418415365819	0.0858698078026678	-0.653548607563151	8.08813729938331	0.261122169693203	0.847748928439991	0.0868376091628491	-0.760911319277142
4.24645087368021	0.56210580241251	0.716587294273141	0.162429709631999	-0.554157584641142	5.98651030358638	0.331121659157072	0.849779696581714	0.189923491115828	-0.659856205465886
4.37717582289553	0.417252921239495	0.582626778221802	0.0812922325403379	-0.501334545681464	7.66647822731472	0.250577446149266	0.777367005265865	0.0923908942681925	-0.684976110997673
3.28651214108774	0.376041898923717	0.338468627163741	0.0604155034703815	-0.278053123693359	3.85049193273806	0.197868048805251	0.284666236084156	0.0679475249348973	-0.216718711149258
5.56533820755164	0.622699856076255	0.714168673418057	0.138566744391579	-0.575601929026477	8.65525906053135	0.33265971021532	0.846535455517035	0.144393158494458	-0.702142297022578
4.67729106252676	0.618657363975847	0.683131811019844	0.162055658172077	-0.521076152847767	7.00540646096559	0.379215845551631	0.795535782757638	0.199462424823465	-0.596073357934172
5.23652676002238	0.641703739419981	0.702009363067554	0.157826223682778	-0.544183139384776	7.29266492847697	0.326678808188353	0.790109821191153	0.159821843844221	-0.630287977346933
5.6615468461349	0.469729944370838	0.723148841449584	0.0871842403023543	-0.635964601147229	8.71431227487661	0.248836047184544	0.838688257905525	0.0984371882959428	-0.740251069609582
4.97525133805091	0.528273534376024	0.634897116373523	0.0983240331539089	-0.536573083219614	8.25009160122823	0.282981873959922	0.772128281796931	0.106242463232153	-0.665885818564777
4.75223024688256	0.472377496438815	0.638542222200413	0.106766199148818	-0.531776023051595	7.98912544461036	0.255558153846106	0.785094663057507	0.109484309884166	-0.675610353173342
5.27839096490876	0.493692821946503	0.694231801073222	0.103327072881086	-0.590904728192135	7.9172315880034	0.271318776930078	0.817694664542829	0.111698909052604	-0.705995755490225
5.33319092920647	0.423399904496881	0.684216710428041	0.0757138452848398	-0.608502865143202	8.94395695026874	0.25346271217838	0.840106151410196	0.0993510617181463	-0.740755089692049
2.62876217787189	0.225569948425367	0.276248928664749	0.0249378468853441	-0.251311081779405	2.93483536190817	0.125472575295014	0.22716353240766	0.0323599831172953	-0.194803549290364
4.36565322684934	0.512267377063986	0.60596712844215	0.131464631730946	-0.474502496711204	8.69835707912116	0.277146328222108	0.812809624910521	0.117622304544865	-0.695187320365655
5.07719323758601	0.490718365288685	0.67132694085338	0.099458874427758	-0.571868066425622	8.6574453082068	0.280015251274312	0.81756638452002	0.113194428634235	-0.704371955885785
4.95587914029368	0.433859176973347	0.67897108428237	0.0824933605547334	-0.596477723727636	7.73182160036388	0.231367649035605	0.844575396652611	0.0900578044236879	-0.754517592228923
4.55570680103468	0.458350137086026	0.689031291066751	0.0984154501301778	-0.590615840936574	6.18753655569339	0.252943984334998	0.757492798919054	0.113172748676953	-0.644320050242101
4.78406564857797	0.555145193898539	0.69968175267118	0.149537725097976	-0.550144027573204	7.79979492571454	0.287944097290467	0.856184827572349	0.156090984908683	-0.700093842663666
4.56632976306502	0.342833974880211	0.59055159782896	0.0609791657047905	-0.52957243212417	8.2172372937261	0.173299478915306	0.800206188817786	0.0567585335900167	-0.743447655227769
4.75176783301512	0.44851806150831	0.660356139497172	0.0994144429094221	-0.56094169658775	8.14287192872088	0.235742042263773	0.816719735268693	0.101508415441237	-0.715211319827456
4.8010399571915	0.457438508015892	0.618248637964128	0.0828872133660695	-0.535361424598058	7.79394933245885	0.249341103066423	0.767993296980192	0.0930058574480244	-0.674987439532168
4.40033842080658	0.486210629180103	0.67674324945969	0.119672345800574	-0.557070903659116	6.57152432225245	0.271636753046115	0.804409605281604	0.133736733315617	-0.670672871965987
5.66170881940601	0.365977919144449	0.694974404672624	0.0572107785168997	-0.637763626155724	8.24438593536789	0.1970982288826	0.791241361962774	0.059865931232272	-0.731375430730502
4.3510144410906	0.549915650724446	0.659849852214506	0.138549517209231	-0.521300335005276	7.08819959905547	0.320201186368049	0.808207133521571	0.154657100340167	-0.653550033181403
6.18950166920674	0.342389997500205	0.733711343900775	0.0446022669789099	-0.689109076921865	8.77096176922422	0.190187771279286	0.83657638812103	0.0569447930508899	-0.77963159507014
3.48100757367499	0.551052234406115	0.50184907437477	0.237268838907335	-0.264580235467436	8.43549490614162	0.33515333187499	0.743184281689635	0.293269453867819	-0.449914827821816
5.17248427431935	0.570733843578443	0.700356666321038	0.12748596197344	-0.572870704347598	7.79637992337755	0.305959364895685	0.81213822063301	0.14837072269862	-0.66376749793439
4.25284614672894	0.476304762194257	0.65323012274765	0.121145543335643	-0.532084579412006	5.93527707290843	0.263574791318783	0.730073270099545	0.135293279338997	-0.594779990760548
4.87404319010103	0.600772483952781	0.711001042618675	0.153245721300759	-0.557755321317916	7.12203809619158	0.339568230739396	0.807806748573636	0.172175794196625	-0.635630954377011
4.93103971646289	0.41614586387455	0.60823918079291	0.0744212050510804	-0.53381797574183	9.29422545132891	0.229092051296446	0.761308671377112	0.079747292704146	-0.681561378672966
5.59562770135035	0.322575833958507	0.667089121216037	0.0453666114443427	-0.621722509771694	9.5267347326865	0.185973256424929	0.835902148112277	0.0565791647002641	-0.779322983412013
4.64962967111379	0.442298762243635	0.654296242523725	0.0891839542257484	-0.565112288297977	7.71071534755327	0.24925615162346	0.831771241351186	0.0947777786510526	-0.736993462700134
5.17034414681636	0.54688136145852	0.712798352839886	0.139004653887833	-0.573793698952053	7.48761034380068	0.315159931549722	0.791484769158503	0.156206253902406	-0.635278515256098
4.92867630868893	0.341897110312198	0.635579803791048	0.0571253837638792	-0.578454420027169	7.96360958236155	0.1976902176809	0.790895647394055	0.0708172005472013	-0.720078446846854
3.92990044130407	0.362734696698897	0.472334652048399	0.0926378972502932	-0.379696754798106	9.10357713929675	0.215975710087957	0.692980685932871	0.116424808418771	-0.5765558775141
4.8263901387497	0.548525760975704	0.715511316194068	0.130863947146941	-0.584647369047127	7.40428473907468	0.307128086452282	0.840720724831539	0.145404916219502	-0.695315808612037
4.76308186515884	0.458325052987055	0.680809045668147	0.110646897121723	-0.570162148546423	7.2021844534824	0.230303625778674	0.799943390739876	0.110151080260467	-0.68979231047941
4.41567641695454	0.517961138821869	0.618932712755904	0.133712810151261	-0.485219902604643	6.94309757381604	0.261099793069379	0.735605056149444	0.131699482449903	-0.60390557369954
4.19310547468949	0.432608705107637	0.54332508469311	0.0805006378267853	-0.462824446866325	7.11262352335859	0.275131990314919	0.715407397674632	0.106034327646059	-0.609373070028573
4.17653661450136	0.413783610443307	0.630942703417891	0.092086622877648	-0.538856080540243	7.38473575154506	0.247366217373566	0.852558845801886	0.109591826356495	-0.742967019445391
3.30740320634284	0.400226397098775	0.307236921520149	0.0582108594298106	-0.249026062090338	3.71864307563431	0.200611488516092	0.24125295269151	0.0659396737255491	-0.175313278965961
4.67786996151291	0.45236943026447	0.662572375971658	0.0958350695020072	-0.566737306469651	6.88040510117071	0.230860182430851	0.794563987972733	0.0925507717569935	-0.70201321621574
4.86993533370737	0.609123359369711	0.568601678434766	0.212497599113943	-0.356104079320824	10.0101533880659	0.311168935224736	0.737665397627026	0.231935674014468	-0.505729723612558
5.85494051004655	0.406931493879896	0.670813625665645	0.0700974683912756	-0.60071615727437	9.23096872420667	0.224399813098728	0.773959841601436	0.0885011320343664	-0.685458709567069
4.13964185554575	0.4417108219426	0.540252373373106	0.089954052717093	-0.450298320656013	6.85435618763858	0.245800677832447	0.684118199573466	0.100783017180934	-0.583335182392532
4.54179860876065	0.495322262403827	0.626403124357757	0.0960593682069211	-0.530343756150836	6.72667847462674	0.264353661621676	0.749045774934209	0.105211505739356	-0.643834269194853
4.83161959960437	0.338121114645349	0.633852814845669	0.0561417413222628	-0.577711073523407	7.57423619067516	0.172022761239214	0.795651915512888	0.0528117314628611	-0.742840184050027
3.37529902725285	0.539077591995308	0.505554179202508	0.151379799362378	-0.35417437984013	5.32361403639825	0.317880670815288	0.614907325080936	0.171159134386927	-0.443748190694009
5.38114038591482	0.379612479920114	0.701175813652108	0.0645853561533112	-0.636590457498797	8.29480665974499	0.221281486521233	0.853570152607424	0.0792693791965704	-0.774300773410853
4.68979006480957	0.452809384338707	0.653128916243218	0.100639896219538	-0.55248902002368	7.9143671062033	0.251996496847514	0.826710677502374	0.115482628242266	-0.711228049260108
5.05108186911962	0.413493549942929	0.639328041686687	0.0711730983297092	-0.568154943356978	8.60715121676089	0.207993740612894	0.808418113409011	0.0745151190574795	-0.733902994351531
4.7458911310697	0.431584104812867	0.727669681503913	0.0824860139537577	-0.645183667550155	6.39673340829304	0.219864243065439	0.796018691919353	0.079130634917604	-0.716888057001749
4.96676129977463	0.493512617578066	0.631371949330951	0.107264920093421	-0.52410702923753	8.54691008641388	0.26137459495524	0.804225439122888	0.115481597195258	-0.688743841927631
5.0092709922797	0.428823782186742	0.694204798283643	0.0773303882658405	-0.616874410017802	6.26734950424926	0.228989715592689	0.779409051900876	0.0901026083969421	-0.689306443503934
4.3991102585563	0.451029235857583	0.645041951642449	0.100499179347097	-0.544542772295353	8.19360779899012	0.230691660933943	0.823414201824204	0.0893208056736847	-0.73409339615052
4.66777756030587	0.488563996127647	0.634683886693624	0.113222368103124	-0.5214615185905	6.96432086535556	0.263695511830165	0.740738404089816	0.112185880466583	-0.628552523623232
4.72197741484843	0.559499017139692	0.590481983185319	0.143139137456485	-0.447342845728834	6.50461189146088	0.339572330619289	0.659792177113924	0.202447278622617	-0.457344898491308
5.14089276762852	0.531151573961386	0.67237969183382	0.118343280808969	-0.554036411024851	8.01032888056569	0.284885172792374	0.795047779136069	0.129941789906756	-0.665105989229313
4.6140857217091	0.440814601458148	0.65658412209843	0.108345650479527	-0.548238471618903	7.29424625872979	0.190915545742002	0.773265701608289	0.0869569040916311	-0.686308797516658
5.21050286890577	0.459983601913487	0.75078161116863	0.100732471182397	-0.650049139986233	7.42971977808526	0.249553927542858	0.838493216789295	0.112174095655721	-0.726319121133574
5.14414236313955	0.491340030303122	0.659743402610685	0.0952902296416827	-0.564453172969003	9.34425788639934	0.275759856534017	0.859641170420027	0.109357368796692	-0.750283801623335
4.95623283420684	0.568182616274531	0.62788724696833	0.128334326222694	-0.499552920745636	9.01920281435437	0.328847932904486	0.810513203186062	0.144668212096566	-0.665844991089496
4.49199625044392	0.464115176699704	0.666272727106793	0.104204965067359	-0.562067762039434	6.96925423707325	0.261493637981304	0.799536966795904	0.111513459188022	-0.688023507607882
5.20555620988964	0.696871963298429	0.618138954029318	0.167042423618649	-0.451096530410668	7.6536280729324	0.397099026469348	0.732418888838019	0.225599724091541	-0.506819164746478
4.79827821228654	0.468531635891641	0.643966735699839	0.105124635819918	-0.538842099879921	7.84050942704007	0.246457724918187	0.843659038787599	0.103915784506833	-0.739743254280766
4.10858640193596	0.330237121127361	0.557902419144548	0.051951244406226	-0.505951174738322	5.70868295306747	0.175359148864783	0.614393905385121	0.0548515634153413	-0.55954234196978
3.92784203166297	0.530600072553949	0.470274464419694	0.167560804197854	-0.30271366022184	7.64439249414144	0.267821691687094	0.61293376195974	0.184808006988896	-0.428125754970843
5.93638346077967	0.474363071089038	0.69967665541989	0.0779596823399662	-0.621716973079924	8.40443172246354	0.257627139335901	0.785871397233233	0.0992679719273343	-0.686603425305899
4.98178971554194	0.532171985399214	0.709087322391173	0.114702032430486	-0.594385289960687	7.07038778326149	0.275900385877713	0.796797446579057	0.109167737262671	-0.687629709316386
4.36459928830605	0.582548360112272	0.657732915450222	0.172884467091503	-0.484848448358719	7.62846296194065	0.362519498089737	0.826379523026873	0.212137322569919	-0.614242200456954
4.9819411530745	0.507220201537939	0.632999055566677	0.101496210623577	-0.5315028449431	8.58334242332059	0.273394046142111	0.800536164698392	0.108026931886677	-0.692509232811714
5.30944279394274	0.417873043387311	0.688867298041916	0.0651989815946535	-0.623668316447262	8.58419872649199	0.232561422879555	0.838136243151056	0.0668929570953867	-0.771243286055669
4.458964586931	0.438353867227432	0.583724927654421	0.0853774100998397	-0.498347517554581	7.22965630074247	0.239464078982425	0.734323542031242	0.0850230687436573	-0.649300473287584
4.73208139554805	0.530209500920158	0.677718917044969	0.136834217012958	-0.540884700032012	7.53744940983319	0.288900402483669	0.801482138274233	0.138883647073653	-0.66259849120058
5.58288652997816	0.31096310493221	0.659879726706832	0.0443346726619978	-0.615545054044835	8.81978634533015	0.149288862313307	0.808233953130639	0.041674357220352	-0.766559595910287
3.841974006063	0.208474722533753	0.543438257774818	0.0306472330108154	-0.512791024764003	7.0250167980477	0.0795405743503463	0.74401579469399	0.0166066079516241	-0.727409186742366
5.36926235212627	0.487095283534367	0.670476568533428	0.104838086708236	-0.565638481825192	8.03406646719944	0.23822698487785	0.772526308250093	0.0983082458291455	-0.674218062420948
5.45257814415166	0.381691123258823	0.731571205614798	0.063946307068004	-0.667624898546794	6.78622998474309	0.196608912385988	0.770380597553709	0.069208054818054	-0.701172542735655
4.97116419362591	0.45370004401429	0.67458789701007	0.0931218266841677	-0.581466070325902	8.6107608002395	0.251356717911097	0.86666086020233	0.0968323244580039	-0.769828535744326
5.10774788353276	0.462996902713843	0.689459709548417	0.109244062808598	-0.580215646739819	7.65996439830788	0.233293592114132	0.789613652320975	0.109782126842451	-0.679831525478524
3.36773228060441	0.383313130102937	0.421252589933304	0.136922021914431	-0.284330568018872	8.15247442440886	0.195639825761241	0.63219718680643	0.146695648285245	-0.485501538521185
5.42693573476144	0.468691664825853	0.709912943484374	0.090685743931701	-0.619227199552673	8.65808316870423	0.264887354736276	0.857752279377218	0.115402005873094	-0.742350273504124
4.75604701237354	0.418269705051095	0.650346444958022	0.0906477718262093	-0.559698673131812	8.22621121684085	0.225159512389548	0.831566637271159	0.096067306481674	-0.735499330789485
4.66860626996926	0.565233810113231	0.69383651314593	0.150619387962934	-0.543217125182996	7.99330680653364	0.320979477456595	0.856614613672995	0.166703460771834	-0.689911152901161
4.92895258816493	0.51595824255316	0.640788938714713	0.121134500154282	-0.51965443856043	8.26224187590991	0.28451074654795	0.796678254985013	0.139440534819922	-0.65723772016509
5.13246501301231	0.648813149042665	0.745057728131293	0.160386192030044	-0.584671536101249	5.74280608182393	0.3440705917277	0.726998675604926	0.174537506020665	-0.552461169584262
