LR1_coefficients_null_raster	LR1_coefficients_Elevation_16_k10_R	LR1_R2_null_raster	LR1_R2_Elevation_16_k10_R	LR1_Q_Elevation_16_k10_R	LR2_coefficients_null_raster	LR2_coefficients_Elevation_16_k10_R	LR2_R2_null_raster	LR2_R2_Elevation_16_k10_R	LR2_Q_Elevation_16_k10_R
5.63633320714108	0.526484332732814	0.668723905229672	0.100024123749489	-0.568699781480183	10.1571091782761	0.293165848067307	0.871353066115058	0.110414136410702	-0.760938929704356
4.91895909108181	0.489592899906702	0.621510905934282	0.137471001863068	-0.484039904071214	9.46612540411051	0.266928887285423	0.782581805251818	0.177053495861925	-0.605528309389893
5.33766096262914	0.57959106451265	0.709989145483901	0.124782989899061	-0.58520615558484	8.64706827432628	0.310938879917514	0.867202243456151	0.12377887377559	-0.743423369680562
5.20730413622687	0.545410475140196	0.688306507550081	0.118053731988232	-0.57025277556185	7.89664088123526	0.268872503552796	0.78435763828679	0.0986874851762349	-0.685670153110555
5.73294317413509	0.483466998249084	0.688784750742814	0.0816995266690965	-0.607085224073718	8.85252424564261	0.259870720175712	0.825219886948419	0.0862071634027226	-0.739012723545696
5.86072805755841	0.515254618881049	0.664443483641372	0.106816220503509	-0.557627263137863	10.0622742529219	0.283257409581163	0.837614527619914	0.128300596022384	-0.709313931597529
5.15271653404244	0.565050458754216	0.6822895455323	0.115835165583646	-0.566454379948654	7.91017921203345	0.334389838393728	0.834182957863626	0.143993130980682	-0.690189826882944
5.50616912252942	0.457646497992348	0.676403888836098	0.0810555766478195	-0.595348312188279	8.63417622858541	0.244413286818376	0.825578589434867	0.0861611665051996	-0.739417422929668
5.44133137934497	0.524135434255433	0.675284857794347	0.0992583837759599	-0.576026474018387	8.53511015444287	0.284240107351343	0.808482580437587	0.114175426584943	-0.694307153852645
5.17906709142216	0.552504264627071	0.642652200272003	0.109743554907655	-0.532908645364348	9.21866702195313	0.311301760049997	0.84000711881687	0.125902574148257	-0.714104544668613
5.48251511755204	0.384101620834429	0.621912407003172	0.0609915322409411	-0.560920874762231	11.3016613436456	0.204177244522003	0.840737220552392	0.0566208983229702	-0.784116322229422
5.78759330409492	0.555080377977295	0.762442775702581	0.107003261903024	-0.655439513799556	8.2941878431632	0.300436175095882	0.839049179101933	0.117936903567938	-0.721112275533994
4.7859107654083	0.486618450853644	0.603805154386886	0.110265196521162	-0.493539957865724	8.44071892545974	0.253824110981836	0.786945719888942	0.121965206007348	-0.664980513881595
5.35206954258013	0.627731161932333	0.711518627401972	0.130413154196507	-0.581105473205465	8.27441814729741	0.312461676478458	0.836053143038935	0.13193527361113	-0.704117869427805
4.74225153733037	0.444646925661373	0.657990032150736	0.0961351879433965	-0.561854844207339	8.23333479468006	0.234714970099987	0.88724308806492	0.0888899724455978	-0.798353115619322
5.0229884622227	0.395395885218798	0.610545128049774	0.0730085328828824	-0.537536595166892	9.13913483611948	0.198091226352123	0.7815828082591	0.0681389676601108	-0.71344384059899
4.1648420057402	0.513602937688102	0.471477246799166	0.160801036723594	-0.310676210075572	9.61358284438452	0.279841820913262	0.669700775297672	0.177924320718847	-0.491776454578825
5.07084037879874	0.557753920562839	0.708702569881241	0.124918819497463	-0.583783750383778	7.29847575729157	0.312166398565955	0.811801836777378	0.130508715063633	-0.681293121713745
5.20330329365977	0.499912691348717	0.648893661392206	0.0969872672442779	-0.551906394147928	9.40001336754313	0.275402145263762	0.838850463078074	0.105563621868687	-0.733286841209386
4.84502348848597	0.436846482592556	0.601001656188526	0.089489255469603	-0.511512400718923	8.88287700794733	0.216997088514655	0.804855412194189	0.0895810126904216	-0.715274399503767
5.52900889815526	0.518662174234245	0.648788104792323	0.0901465454303454	-0.558641559361977	9.12357234144487	0.259081222808855	0.800185389520304	0.0916729095475394	-0.708512479972765
5.29199052952485	0.350502615100322	0.622723192464837	0.0593082776602717	-0.563414914804566	8.53980776305564	0.137833399944846	0.754355665613603	0.0406252301438617	-0.713730435469742
5.05005669052944	0.488038708875249	0.670094701431275	0.0973760674486793	-0.572718633982596	8.52291377379702	0.265968686825972	0.869084919396907	0.0992626163137201	-0.769822303083187
5.92080487622222	0.441692873782706	0.735428691961001	0.0752337706343194	-0.660194921326682	8.1818060062842	0.210322979320504	0.820469108273205	0.0769265191513351	-0.74354258912187
5.07688753719633	0.564813914983522	0.667666490392783	0.116300035306117	-0.551366455086666	7.47760823118367	0.287764024272053	0.76783020995859	0.120504436241792	-0.647325773716799
5.05945582839753	0.603448145916408	0.677587805152539	0.150655025957073	-0.526932779195466	8.41222971209368	0.339136604209226	0.854415038915526	0.162620709308638	-0.691794329606888
4.40658850914491	0.427765322658292	0.639807168330062	0.0904334985062495	-0.549373669823813	6.47351147490045	0.219400744422438	0.760688069279729	0.0917706357524398	-0.66891743352729
5.63039731962899	0.579518237384138	0.673967117823829	0.112504543250287	-0.561462574573542	9.77890328723887	0.318517142581339	0.814954236397229	0.112838943822636	-0.702115292574593
4.76770817247906	0.516878290859287	0.672724262223341	0.126712380710681	-0.54601188151266	7.96944683480354	0.292078370045312	0.829105842855933	0.133745648107315	-0.695360194748618
5.62399405694449	0.571785171983284	0.698723851858332	0.112917546572269	-0.585806305286062	8.51105523136895	0.309434297663572	0.819615534417288	0.122804297676161	-0.696811236741127
5.09171314543399	0.561157466134724	0.668135023942048	0.123214011434372	-0.544921012507676	7.32525789050241	0.30638290416245	0.75564325561103	0.133586529267221	-0.622056726343809
4.29086463677588	0.562999735387651	0.582602537926672	0.209905579468138	-0.372696958458535	8.71682903077654	0.299563144706003	0.764288423434936	0.245560366961847	-0.518728056473089
6.27543913791222	0.370921673880941	0.668074585895827	0.051765471847273	-0.616309114048554	11.247839667282	0.218923629159633	0.857634569955473	0.0670714203873747	-0.790563149568099
5.01327210431445	0.565042418008525	0.627117870142443	0.117093733331674	-0.510024136810769	9.36008130779346	0.298077430579082	0.80326477164732	0.111615985677272	-0.691648785970047
5.9056852023898	0.27215284692026	0.553432790771114	0.0266600008327921	-0.526772789938322	11.6424551780516	0.130359275255007	0.731293815462007	0.0244517773463987	-0.706842038115608
4.96773502548387	0.537461827950339	0.678602708883121	0.120956983993506	-0.557645724889614	7.89263572906879	0.293638278542825	0.828714849504847	0.120653173964397	-0.70806167554045
5.79780746427194	0.578197428271046	0.70562022730501	0.115468419581443	-0.590151807723567	8.07741426878875	0.328499066665275	0.785370005412843	0.136188000401605	-0.649182005011238
4.65209523962044	0.366905798224245	0.565326990962662	0.062365844895539	-0.502961146067123	8.65463933119747	0.212405079842718	0.820199357488675	0.0831685983153073	-0.737030759173368
4.5136410303646	0.353564352524753	0.64758673783287	0.0890945982090325	-0.558492139623838	8.97521424938286	0.201980231092143	0.81981112521545	0.102925308232379	-0.716885816983071
5.07342435874741	0.516797476317026	0.679115581170358	0.112527668431214	-0.566587912739144	8.39621526434302	0.294196430501212	0.842614513759988	0.124398992159142	-0.718215521600846
5.86883894245811	0.505872041982962	0.689774411905465	0.091313367421662	-0.598461044483803	10.2730403655894	0.291236277936488	0.862722569466788	0.105388341655637	-0.757334227811151
5.91682554346764	0.564195204965172	0.714887866880314	0.109505023245841	-0.605382843634474	9.03709435480723	0.280003060071443	0.826901781992231	0.108959582153987	-0.717942199838244
4.91917839867644	0.629607443346086	0.650904173663936	0.141443196176749	-0.509460977487187	6.50056473036019	0.336474056552733	0.705050232335084	0.161316888207831	-0.543733344127253
4.30651820774267	0.424362505962364	0.533899103428334	0.0844045198985948	-0.449494583529739	7.85658851307549	0.268698002586855	0.765455352960776	0.118140550864858	-0.647314802095919
5.91301552948433	0.633638580919694	0.74798251992307	0.136286740922237	-0.611695779000833	8.34302538751197	0.332362303569014	0.830494894665781	0.149851795673735	-0.680643098992046
5.69041876098552	0.472423376862913	0.717623172134506	0.0831699116692532	-0.634453260465253	9.09154300156722	0.258313613225899	0.868621283588163	0.0860096949539053	-0.782611588634258
5.30076508363974	0.617766537593059	0.664336500959776	0.13906860075056	-0.525267900209216	9.43443651462684	0.361088181560471	0.864109456015009	0.161282507013463	-0.702826949001546
5.62332605340802	0.486773871875866	0.681219521330294	0.0873276798179519	-0.593891841512342	9.13570414580365	0.255640003525583	0.860421576610919	0.0925466258913941	-0.767874950719525
4.89916562135859	0.516462331268633	0.63681996469096	0.0907842954881352	-0.546035669202825	7.60946330487342	0.266440564644606	0.744807542521412	0.0843806591005611	-0.660426883420851
4.96004307714845	0.53281411976107	0.612239227896614	0.103504629157339	-0.508734598739275	8.87853994830481	0.302074043819773	0.812879524158005	0.119735593766242	-0.693143930391763
4.60627707483088	0.447713050754611	0.612444637197338	0.0914276295280358	-0.521017007669303	8.30733309537415	0.270977723482905	0.845231320947347	0.103494538173775	-0.741736782773572
5.43606346712508	0.473435777633919	0.637923688706676	0.0780486267592499	-0.559875061947427	9.8002301975301	0.27299783630939	0.803717263212145	0.0884963353585687	-0.715220927853576
5.23627329463643	0.404608724876437	0.600809701226768	0.0658351561221702	-0.534974545104598	9.2934657934805	0.217754042712038	0.784866947705311	0.0703585238425234	-0.714508423862787
4.59382994222114	0.542814704949807	0.627068081897076	0.127183439176733	-0.499884642720343	7.55316752782408	0.295454218780594	0.808404842440538	0.136255218688867	-0.672149623751671
5.17297377770334	0.507937335341313	0.663531858049997	0.102439474014595	-0.561092384035403	9.5021476416837	0.277742252639267	0.868590416483382	0.102177952919292	-0.76641246356409
5.03693239233485	0.4786148294078	0.681626815185801	0.0934576178866985	-0.588169197299102	8.70105249251885	0.281291585049182	0.877977733369647	0.110761363249409	-0.767216370120238
4.83283974278745	0.57835838126538	0.615282958751035	0.180512306181487	-0.434770652569548	9.73432035470276	0.331981556250124	0.774390766032912	0.208002675603756	-0.566388090429156
6.03537997074809	0.588449189517674	0.724657019529944	0.103264780716743	-0.621392238813201	8.73772708540924	0.299839966001155	0.826164953679355	0.104558776448745	-0.721606177230611
4.74943203756813	0.406355065992417	0.595290103664889	0.073106626421819	-0.52218347724307	8.67610230453812	0.21611399740507	0.800405096226962	0.071454919974221	-0.728950176252741
4.99376936286002	0.533534496646949	0.627727908130979	0.1164552571433	-0.511272650987679	8.79116536228379	0.284402804535421	0.819847874060147	0.12303564102382	-0.696812233036327
5.87879034702287	0.42507069806034	0.692974276081987	0.067101217797232	-0.625873058284755	9.73352810868755	0.234619888936026	0.822792749970889	0.0761289063546098	-0.746663843616279
5.61312944180623	0.595656366372931	0.654937091997048	0.11376905035682	-0.541168041640228	9.99938973105208	0.320658108656598	0.839503861636729	0.133563470822096	-0.705940390814633
5.25856838467721	0.533755207510522	0.67233662871971	0.112540581410565	-0.559796047309145	8.99692202439976	0.308676288288299	0.848934257720711	0.129310354576931	-0.71962390314378
5.33299168376012	0.482215138392964	0.672630728138528	0.0869816761705301	-0.585649051967998	9.21735281882198	0.258722773774479	0.847189031916249	0.0923366685531861	-0.754852363363063
3.59086717064193	0.344155207049671	0.39266238673099	0.0526358943580009	-0.340026492372989	7.24891754422685	0.188676591994428	0.538602475555206	0.0525389908161437	-0.486063484739063
4.05499743427336	0.535700945220698	0.579138944984076	0.141395577931594	-0.437743367052482	6.70747336237823	0.293892025024626	0.724972074124157	0.143114847490328	-0.58185722663383
5.15633060858064	0.664740427197502	0.709837297052222	0.165001547326273	-0.544835749725948	8.05972556818272	0.341115065403623	0.83390783733046	0.171823507414713	-0.662084329915747
4.37983607771778	0.538125989571615	0.59043472032172	0.192317233897473	-0.398117486424247	9.40759936746649	0.299351760695529	0.81128699369303	0.232372252288886	-0.578914741404145
5.23898328926624	0.542236122934258	0.654257591081361	0.111162689783091	-0.54309490129827	9.51907632284948	0.273489283179254	0.849552279021924	0.0999528944397997	-0.749599384582125
5.30073305946008	0.458161080754015	0.698313157113726	0.0837179289607474	-0.614595228152979	7.91414056943079	0.255254111338544	0.842227439659238	0.0979409125557777	-0.74428652710346
5.43466791357666	0.526518534080117	0.63752651551131	0.096649926184323	-0.540876589326987	7.61136224131668	0.251020745215235	0.690677920554859	0.0963462459021716	-0.594331674652687
5.24901255172955	0.504331954272325	0.665277312783642	0.0936784468541585	-0.571598865929484	8.8786601249529	0.271751900137525	0.839571586026755	0.102145612161717	-0.737425973865038
5.07682923197546	0.418060944587679	0.528863889213961	0.059486618067365	-0.469377271146596	9.72066210847063	0.227661630896118	0.716355143618293	0.0596500508444752	-0.656705092773818
5.02953362314438	0.495070881332575	0.652347902015111	0.10963679282108	-0.542711109194032	8.73486535074361	0.280107850792936	0.84634309565783	0.114920336312934	-0.731422759344896
5.25851122182073	0.498593344727239	0.583944143619388	0.0874830879852378	-0.49646105563415	9.70902010268095	0.27610374922915	0.766839777548993	0.0920669969433436	-0.67477278060565
4.77021477941502	0.553558374045899	0.537047660149894	0.122464853685049	-0.414582806464846	10.0557802099357	0.299834072672646	0.717154046811897	0.131396108271105	-0.585757938540792
5.9481641083339	0.542911998770606	0.757405537897866	0.100727289575944	-0.656678248321922	9.31362650558078	0.314356381406461	0.905806320043738	0.120652232863315	-0.785154087180423
4.63848980469395	0.636955181261476	0.670967051240767	0.164476694396145	-0.506490356844622	7.27058038460123	0.356440228775895	0.795100472369212	0.16732692140558	-0.627773550963632
5.88973437851939	0.453270737057132	0.632451562099182	0.0699920613915177	-0.562459500707664	9.79950483452218	0.234486827805547	0.793878096070122	0.0758685333619293	-0.718009562708193
5.48443471355656	0.388894546197052	0.672989514888709	0.0637431632017765	-0.609246351686933	9.13941479411481	0.190762690362514	0.853237735699173	0.0634979316010297	-0.789739804098144
5.5587625393201	0.46155237627287	0.690188225928791	0.0885801751909714	-0.601608050737819	8.80929527216666	0.233934090826329	0.831363003574267	0.0942667152124285	-0.737096288361838
5.8912292014418	0.439493883891923	0.667681360130654	0.062603538573123	-0.605077821557531	9.60479027632361	0.218629817187601	0.834060893127383	0.0671593432876538	-0.766901549839729
5.44711927636772	0.581647871376596	0.637468663220087	0.115010113863226	-0.522458549356861	9.59378691489827	0.363332745870435	0.849306416810637	0.162866380155754	-0.686440036654883
5.0445702223772	0.488323325550889	0.651497723563917	0.0855951408948941	-0.565902582669023	8.20206228080201	0.27867665791356	0.8356945276472	0.0912995411840063	-0.744394986463194
5.3020338981923	0.516188665975245	0.577808747823763	0.0929845280634341	-0.484824219760328	10.5585336708023	0.285481132797908	0.79197869475139	0.0995496757007853	-0.692429019050605
5.22317377339645	0.505679879497585	0.650480052396654	0.102514460225989	-0.547965592170665	9.18915547799994	0.301713748193654	0.842656665354066	0.136371635772545	-0.706285029581522
5.20382790043648	0.550777003541084	0.654836170464406	0.118138920971112	-0.536697249493294	8.58398384331048	0.302270450188182	0.802604169394604	0.128528665341282	-0.674075504053322
5.19137722691222	0.521631890683288	0.691637134402413	0.108574439292372	-0.583062695110041	8.34208883079511	0.306624216602188	0.862717515353	0.133998920273365	-0.728718595079636
5.35094838899415	0.626410442249899	0.718886178906791	0.144405603504905	-0.574480575401885	7.44862850751668	0.328321027139634	0.799300925695952	0.14624194649091	-0.653058979205042
6.17567545388378	0.466271739722372	0.730064741142634	0.0755425775064249	-0.654522163636209	10.1571516909999	0.253564559258758	0.878442666157393	0.0850342622046815	-0.793408403952712
5.11226031373193	0.476373181473517	0.653950112438644	0.0978906683357729	-0.556059444102871	8.68561488151214	0.262528933556509	0.832088172538984	0.109132897012653	-0.722955275526332
5.73428371675167	0.541267311158924	0.68597897557371	0.106124647256518	-0.579854328317191	9.19213312554503	0.253535610751512	0.838369060974257	0.0944966687946484	-0.743872392179609
5.08925857824655	0.55703174139681	0.638696445376023	0.120816767027701	-0.517879678348322	9.24790454908178	0.293444805828137	0.80831710349006	0.125616258327266	-0.682700845162794
4.14781615409655	0.490389604378136	0.506619167923902	0.15334774069782	-0.353271427226082	9.8929899229077	0.276652551029533	0.753531262152584	0.184587192934488	-0.568944069218096
5.51077613684416	0.501962135498072	0.694773524695744	0.092161349164376	-0.602612175531368	9.31725040825788	0.276749272006694	0.875246007989085	0.0970623278411762	-0.778183680147909
4.85320953630001	0.569280898825257	0.691415767352848	0.134382842995469	-0.557032924357379	8.15499532557997	0.314691204566135	0.867982604620541	0.136318409679553	-0.731664194940988
5.45078120862433	0.42568999602558	0.685636338135015	0.064520365434612	-0.621115972700403	8.43491077337667	0.21472163671614	0.830024048716537	0.0644494538615392	-0.765574594854998
5.54710016039621	0.684251696296991	0.721724095958417	0.148308388077809	-0.573415707880608	8.45948520426901	0.370708279146311	0.851426673678603	0.164676053402964	-0.686750620275639
4.99599810501536	0.41813544934807	0.648416768811324	0.0728454757944998	-0.575571293016824	8.45781672817492	0.210799803504096	0.834896246218035	0.071611986131222	-0.763284260086813
5.33974344162117	0.571240763114959	0.741986437710007	0.126914515288471	-0.615071922421536	7.86206036930679	0.317305594117129	0.864249615059973	0.151269528134693	-0.71298008692528
