LR_coefficients_null_raster	LR_coefficients_Elevation_16_k10_R	LR_R2_null_raster	LR_R2_Elevation_16_k10_R	LR_Q_Elevation_16_k10_R
52.2167699537203	32.9770959357706	0.161384003519668	0.086106261985252	-0.0752777415344163
24.802722713662	21.3477074768282	0.0996123944017541	0.0987157879863965	-0.000896606415357618
-0.703663888642352	13.8929464529615	0.000157483281088436	0.0821224974335831	0.0819650141524947
16.3057529144569	20.4950420353334	0.0552790919757294	0.116827816768164	0.0615487247924348
9.46749986288285	18.3623936685812	0.0305188920665745	0.153577014613938	0.123058122547364
16.6034763379966	19.4011678859773	0.0665679643902261	0.121588472798944	0.0550205084087178
8.18678644197448	20.5251219114892	0.020937110847817	0.176047897049019	0.155110786201202
-1.35932228001702	10.8714697896923	0.000774230734523868	0.0662478122017955	0.0654735814672716
9.11221392145968	20.6090451358802	0.0248575215968033	0.170096442129623	0.145238920532819
-1.72848218430715	12.5635683726173	0.000955682859960603	0.067542863573082	0.0665871807131214
16.6617586677082	21.6720983434026	0.066527394831165	0.150567163602366	0.0840397687712008
59.0828027716508	34.6572057547549	0.151329377738009	0.0696558557358796	-0.0816735220021293
40.5058347656431	28.8237019547289	0.134355796919044	0.0910102273818677	-0.0433455695371767
27.9601463562198	25.8443404465666	0.139762600101485	0.159739551680281	0.0199769515787959
13.9823307038529	22.0480644640666	0.0512355001826581	0.170420686930713	0.119185186748054
10.2753688142385	17.6129124777256	0.0319194007003786	0.125456077100765	0.0935366764003864
46.5304078871548	14.3532930594069	0.143796439989188	0.0183040437376766	-0.125492396251511
1.3216730183839	14.6086728533287	0.000388095590472005	0.0634281019915071	0.0630400064010351
28.2110024898731	28.6403392521039	0.111914809984868	0.154303679817092	0.0423888698322241
40.497972114355	32.0982026954603	0.146715813563447	0.123293810332703	-0.023422003230744
107.386970569479	47.3231366763696	0.209526985373075	0.0544318779403297	-0.155095107432745
2.77321581657912	17.5309827802156	0.00228024939246781	0.121898111259062	0.119617861866594
32.685118349432	32.3871294258047	0.143396028620951	0.188343824901738	0.0449477962807874
18.0675418493985	19.4398618201036	0.0703302080960351	0.10891798226528	0.038587774169245
19.6121759634029	24.776880129911	0.0818830242441801	0.174825596444219	0.092942572200039
32.6062222812456	24.14718828602	0.121470449622631	0.0891193990303349	-0.0323510505922964
40.1083509453874	35.8005492463338	0.169703603832066	0.180871586420071	0.0111679825880051
33.083022901918	20.0017624443474	0.123890967388373	0.0605808335243301	-0.0633101338640425
-0.138075918709476	11.87699210059	6.87643862513126e-06	0.0680628543487025	0.0680559779100774
28.5243072985979	24.0864015936149	0.0981968461282049	0.0936657216346283	-0.00453112449357661
70.6472931667426	26.5541990305559	0.156466449731737	0.0295710024950686	-0.126895447236669
10.5464409681997	19.7105017247649	0.0379658315525219	0.177396855864469	0.139431024311947
4.97606564965489	15.4649183794821	0.0102808683003541	0.13283799062238	0.122557122322026
11.2440252693842	18.0302725398007	0.0352114391921328	0.121119548349471	0.0859081091573378
19.1426512625448	22.5006990548917	0.0816413199383563	0.150892395064159	0.0692510751258031
3.7547466898831	18.1387297205537	0.00311284064089765	0.097180430889458	0.0940675902485604
16.2512666771096	22.2889013340265	0.0604272139967823	0.15205649135592	0.0916292773591373
24.6815334562538	24.1854568777646	0.103990409318421	0.133575578365643	0.0295851690472221
20.6618292653289	20.1948342482565	0.0798081661040844	0.101990537521281	0.0221823714171967
25.6243820416815	32.3411351413759	0.0952412035523095	0.202954221020867	0.107713017468557
24.1722248731419	21.480602395988	0.103793035532268	0.109647153546402	0.00585411801413373
12.279376676748	17.6333417353673	0.0528745773396707	0.14585892946278	0.0929843521231093
34.8846553127216	37.1345204091304	0.0911751398047647	0.138207831042788	0.0470326912380233
19.358041512489	26.0414790022762	0.0795799814085659	0.192655641237487	0.113075659828921
14.1658714820138	19.5028298798518	0.0537264120452102	0.13622787587143	0.0825014638262196
35.8851462663086	24.4650977620708	0.109934847431044	0.0683548438111702	-0.0415800036198737
24.1181565999831	27.1224438161064	0.103225411459509	0.174632680244609	0.0714072687851008
22.1087398943086	24.6925909690923	0.0859588623799293	0.143438403252417	0.0574795408724881
16.3685680036845	20.3030215008125	0.0605728777706967	0.124665902145807	0.0640930243751106
-1.0302651812288	12.8176062001328	0.000460420993077751	0.0953323658545235	0.0948719448614457
20.9308921967392	17.521822650396	0.0822375294829963	0.0770943610371809	-0.00514316844581544
0.507161095743594	15.7360899307424	3.89686764558037e-05	0.0501865006393513	0.0501475319628955
26.4602445791664	30.4865639825935	0.109248956595081	0.194006412315498	0.0847574557204169
34.5431497538628	27.1011016053968	0.129660007733617	0.106764171360268	-0.0228958363733491
16.945866093655	29.7972316876395	0.0478540047820494	0.197930211610309	0.15007620682826
18.4266252207987	25.1024967159495	0.0772267057052011	0.191725182090659	0.114498476385458
76.616817563593	39.7595999974914	0.160790061731931	0.0579247866164053	-0.102865275115526
13.3460108980722	20.8531778594617	0.0498758672475068	0.162892608781953	0.113016741534447
35.5047975639454	29.3360416081492	0.108788856056521	0.099353434827949	-0.00943542122857204
50.6582067880631	42.8335703459335	0.144455164608735	0.138156535827782	-0.00629862878095319
18.3582634402721	23.1260831973669	0.0678465304146565	0.144025079497447	0.0761785490827908
40.0966000051863	38.3786754490337	0.15079663052793	0.184810224222508	0.0340135936945773
-1.29311815261398	15.9440888692476	0.00069886728362588	0.14213044498481	0.141431577701184
11.5687736695524	26.2231470795819	0.0278304122191703	0.191286411055169	0.163455998835999
22.4527468137566	18.7692042340166	0.0883098285908788	0.0825527048307832	-0.00575712376009567
25.6034443710228	33.2926379617382	0.0953298454317046	0.215624442156807	0.120294596725103
33.9658276061785	31.0004234664068	0.12721717275953	0.141764033745368	0.0145468609858373
10.0648523426331	21.7088453237835	0.030829578290854	0.191864968336984	0.16103539004613
24.8703358134121	19.9891053624958	0.108307868658252	0.0935950506646591	-0.0147128179935926
12.4183750209865	19.4689301627796	0.0505444578980319	0.166187241082259	0.115642783184227
0.0905578704102534	17.0625330823663	2.84220970027399e-06	0.134977140713565	0.134974298503864
29.5853398073632	33.6097053819283	0.113658992431541	0.196222846452227	0.0825638540206862
23.5756674602399	28.7277597829813	0.0977067840560111	0.194075054594598	0.096368270538587
57.8808712531444	50.8056685464973	0.192436343692442	0.198340219617441	0.00590387592499855
22.6667684513896	20.5813218017391	0.0802636676740115	0.08852294639972	0.00825927872570849
14.2739565455623	19.8439738135544	0.051193372659413	0.132358466368035	0.0811650937086222
16.3614579432597	14.8511103546649	0.0712117102224824	0.0784864615476394	0.00727475132515695
4.44241003988525	16.8287628147386	0.00792308667245785	0.152100609017047	0.144177522344589
20.909002935346	29.1507516544512	0.075524958073858	0.196378015156778	0.12085305708292
17.195243161502	20.8697319094	0.08173097489886	0.161054650065319	0.0793236751664587
-1.01262167956498	15.1852244110365	0.000386003881044431	0.116120561656757	0.115734557775713
-0.269302184602296	14.094827512946	3.37402677336678e-05	0.123639643185695	0.123605902917961
22.767073406623	27.2352644523675	0.0995400903540706	0.19055320952744	0.0910131191733694
8.62436732228768	26.2877102454599	0.0115311792217801	0.143315847717453	0.131784668495673
1.87104233367718	16.9174121847237	0.00131464251037153	0.143773164415803	0.142458521905432
1.79129535847236	16.0288422509743	0.000610657791174871	0.0654089637859926	0.0647983059948178
31.4814419975446	30.1741351908538	0.14286048571054	0.175566659743999	0.0327061740334585
1.12525874293536	18.0779372739724	0.000401367995929643	0.138581495584735	0.138180127588806
44.1961811687981	28.6118846395731	0.161707024131894	0.0906612806798256	-0.0710457434520679
30.921442501385	25.7770819361913	0.107830702795591	0.100244349588843	-0.00758635320674801
0.625404682304071	14.0698994291738	0.000182530031891044	0.123584364399232	0.123401834367341
0.211838092797527	15.1178560125613	1.53790087910754e-05	0.104777996234869	0.104762617226078
41.5301112161212	28.9114586158623	0.12318545667799	0.0798624650760717	-0.0433229916019182
8.67876052008817	24.0749267187231	0.0074544756250335	0.0767363447178814	0.0692818690928479
26.8550540789002	32.5779696526327	0.0940288358197652	0.18510856348255	0.0910797276627844
18.12985551821	33.0492928871808	0.0432808806378369	0.192398302297186	0.149117421659349
-0.28594387860631	17.3490976315201	1.80840659861181e-05	0.0890548929691029	0.0890368089031168
4.06871522503707	18.2920633320337	0.00496999327379249	0.134380458390297	0.129410465116504
17.0903177842047	24.6123040726267	0.0705371737834496	0.195700437774661	0.125163263991211
8.48218106444678	18.6754306007802	0.0247824974916682	0.160709193625464	0.135926696133796
