LR1_coefficients_null_raster	LR1_coefficients_Elevation_16_k10_R	LR1_R2_null_raster	LR1_R2_Elevation_16_k10_R	LR1_Q_Elevation_16_k10_R	LR2_coefficients_null_raster	LR2_coefficients_Elevation_16_k10_R	LR2_R2_null_raster	LR2_R2_Elevation_16_k10_R	LR2_Q_Elevation_16_k10_R
2.46758550939757	1.01944595581189	0.167610633877745	0.468328098191634	0.300717464313889	3.56305460499038	0.626339983679377	0.12604296507291	0.567947591822167	0.441904626749257
2.91114337714582	1.02578909968334	0.187191782766641	0.44540978050949	0.258217997742849	5.44174382590791	0.614744367981097	0.188818829674317	0.503550828345831	0.314731998671514
2.4159685074023	0.930125539964585	0.17769622558417	0.489167186786904	0.311470961202734	3.21977564059024	0.524606547220787	0.118872132695397	0.574551027854431	0.455678895159035
2.51513704592162	1.06730078799873	0.202397789190329	0.528928754980323	0.326530965789994	3.27274020335547	0.687575977405999	0.127793908104521	0.650997623237856	0.523203715133335
2.55520058915546	1.1857789747958	0.152636107188579	0.570129109966244	0.417493002777665	3.69748255445908	0.735540120813337	0.113425712245465	0.698838186957143	0.585412474711679
1.8836430071151	0.841336111368208	0.113170110123459	0.395579025789504	0.282408915666044	2.32103112970563	0.501274532721207	0.0678732329889607	0.459262819807606	0.391389586818645
1.88301530562671	0.928673011974654	0.134842971304458	0.430648706250789	0.295805734946331	1.19383007061775	0.54032821506712	0.0381844843201213	0.459625216844907	0.421440732524786
2.58443403151274	1.0397260214132	0.194960296929324	0.512604383011018	0.317644086081694	2.99223914613711	0.609214384803701	0.116351752001462	0.580445362561016	0.464093610559554
1.98058990269535	1.17990148588022	0.127313356573451	0.590360351123425	0.463046994549974	1.30632457777849	0.658659087052418	0.0445605354731928	0.6785754161108	0.634014880637608
2.28582260327444	0.99278098108228	0.156752680248809	0.494855737867199	0.33810305761839	2.30202774324519	0.56004980562034	0.0873672006032096	0.559085841368426	0.471718640765216
2.11994098079764	0.972922779806649	0.140246932453977	0.442977835477314	0.302730903023337	2.74601496154473	0.603308487250827	0.0989794253941893	0.523103917504691	0.424124492110502
2.47821793010654	1.08729568507583	0.164160783422721	0.505115284725984	0.340954501303263	3.00631737786195	0.635202106587859	0.110596096022645	0.610183164458142	0.499587068435497
2.25598591553314	1.068082698127	0.116743144246895	0.521933673832885	0.40519052958599	3.20241022664846	0.601383048504777	0.093909864415518	0.613611016395069	0.519701151979551
2.1324843318785	1.07214392708428	0.160252889835192	0.583319577071951	0.423066687236759	2.41855338675367	0.655823284589982	0.0900132935524369	0.694954539151652	0.604941245599215
2.77081273336946	1.02345836203907	0.215823320116716	0.541014939150462	0.325191619033746	3.05256999908441	0.547667850605458	0.143070688954859	0.634473876466681	0.491403187511822
2.84510864037997	1.03996308913796	0.262858833014228	0.540099445892819	0.277240612878591	3.87557515707805	0.675972342429605	0.187384940497858	0.705124677638734	0.517739737140876
1.69518180337012	0.924454639342072	0.11934496281707	0.470515321608049	0.351170358790979	1.13940140044768	0.56255759855602	0.0371232604022557	0.580373107320211	0.543249846917955
2.20485159567528	0.909184163109015	0.120644829069334	0.378335304048716	0.257690474979382	2.66862146529573	0.484460197988447	0.0775669895538311	0.395371069183345	0.317804079629513
2.23898914232215	0.918904408156459	0.141367336461703	0.497397274241281	0.356029937779578	2.3600274746883	0.459224932312122	0.0753837200822415	0.521821942072016	0.446438221989775
2.65688195302465	1.14102144256233	0.18423042557471	0.597902916350952	0.413672490776242	3.00563472337894	0.666404937796017	0.102012550467417	0.665771621605574	0.563759071138157
2.59026580058861	1.06502142851595	0.156283686208318	0.464652287023052	0.308368600814734	2.69263289956523	0.522339858729415	0.0882971473228985	0.507325373043736	0.419028225720837
4.29546333216892	0.927922002383496	0.288670353014823	0.484490398084522	0.1958200450697	7.92962433859917	0.468784658071071	0.295302517668644	0.530271907682983	0.234969390014339
2.6923011853854	1.08476664187623	0.259088966959326	0.606198079590513	0.347109112631187	3.33516006923109	0.66853009714974	0.168456378176621	0.700211213200407	0.531754835023786
2.38627217772338	1.02528164097217	0.11659339229305	0.464629625962514	0.348036233669464	2.58675625404262	0.529808533104796	0.0715974433561015	0.473991080432146	0.402393637076044
2.29582104298439	0.984984573992271	0.132716793368569	0.503947116007196	0.371230322638628	2.92339701135099	0.530325886991845	0.0873552187700846	0.582003433838386	0.494648215068301
2.61912080969827	1.11136012664285	0.201206058520304	0.549771043035384	0.34856498451508	2.9971073771234	0.65517163026786	0.109847304029299	0.600154194982473	0.490306890953174
3.38668133680313	1.26953149669438	0.231406316012297	0.52117616275957	0.289769846747273	4.36836476349133	0.70747773089199	0.161420819394888	0.599378101679377	0.437957282284489
2.35643560707151	1.0751141455391	0.176173700290125	0.536883060280293	0.360709359990168	2.27849420620921	0.62862392496572	0.0852333342196593	0.618240208237157	0.533006874017497
2.97961083279005	1.06213550032624	0.214699048358167	0.584526467460858	0.369827419102691	4.18936897970136	0.543711898991657	0.158784569619954	0.629024856917633	0.470240287297679
2.66031934569688	1.08857152399789	0.174585322244013	0.525633128201056	0.351047805957042	3.30502155543404	0.560379162858496	0.114348045568121	0.536961972082837	0.422613926514716
2.63185576317686	1.00442543163216	0.190668524117856	0.515426463744564	0.324757939626709	2.83808036540581	0.554272859169269	0.121700201053545	0.572974502164736	0.451274301111191
2.95383001127251	0.975850650016691	0.257899192045084	0.553279943434993	0.295380751389908	3.42135981509103	0.465736823074498	0.167584980876747	0.534516260026726	0.366931279149979
2.6665093618029	1.09955339733625	0.18258480345825	0.525804365345734	0.343219561887484	3.48242990571224	0.625489274408472	0.108819395689398	0.562836967768329	0.454017572078931
2.26946696414244	0.897075683025711	0.135919538265837	0.420883257614315	0.284963719348478	2.79588015179185	0.478656118414639	0.0923704306611943	0.49101825763083	0.398647826969636
3.00642313024493	1.15116189261539	0.263800809592677	0.635581801083318	0.37178099149064	3.81963505164272	0.707078999127816	0.170605089938424	0.75615974023289	0.585554650294467
1.95727682312684	0.838775283000785	0.122985934862795	0.3783241251184	0.255338190255605	2.41310232057374	0.473053408490142	0.0902485927682557	0.43608095521309	0.345832362444834
2.91729494728608	1.15274849269418	0.197105603425134	0.524866851668979	0.327761248243845	3.46581548739504	0.614684312869577	0.126398581865219	0.577091441846899	0.45069285998168
1.9376401778229	0.975333314058612	0.123176348114299	0.463360778192049	0.340184430077751	2.51621908649588	0.626537839536693	0.0922647421572464	0.623315381449754	0.531050639292507
2.33602788111441	0.96511344716544	0.165782093402876	0.415124984148796	0.24934289074592	2.28986189631276	0.569191895661255	0.0858764584261865	0.460242513857176	0.374366055430989
2.11901539482317	1.02764297508031	0.114341938523199	0.474402395727067	0.360060457203868	3.09443498736495	0.583764235568106	0.0884162834584366	0.570373101192169	0.481956817733733
2.88235263138736	0.895413711544276	0.179438943093331	0.41144786897722	0.23200892588389	4.91803810519319	0.479692983159829	0.166829748426777	0.457008358255512	0.290178609828735
2.6950339529719	1.20483561094265	0.174356862315763	0.63280309778193	0.458446235466167	3.15167815400433	0.654945568524391	0.117129199993047	0.679476827739922	0.562347627746875
2.6355305297982	1.06246633474961	0.186398715558083	0.480985073637474	0.294586358079391	3.2911436471624	0.598203807402964	0.131042879164028	0.545315938694117	0.414273059530089
1.14011116050613	1.02193846717782	0.0830919587651287	0.583329525726508	0.500237566961379	0.455064383070217	0.61826905261414	0.0143990215326466	0.701724619332568	0.687325597799921
4.89622287989848	1.23064972344582	0.378348237799962	0.640837155363193	0.26248891756323	8.70709591650121	0.626716080253838	0.361093493164321	0.710283243001844	0.349189749837522
2.82868954566458	1.0941853144033	0.203538126215193	0.591272221962622	0.387734095747428	3.50239473352904	0.581766144363679	0.139857236098035	0.631043457484276	0.491186221386241
2.20027909480908	0.736880828427767	0.159375958146498	0.366042393560545	0.206666435414047	2.47376048815097	0.397674011995807	0.0911817498272016	0.381604733175905	0.290422983348703
2.50334242085107	1.11913873719736	0.154152400642277	0.494829354422963	0.340676953780686	2.77053231570007	0.681386107709378	0.0934194022360022	0.603871399133696	0.510451996897693
2.64405092344914	0.986977833083403	0.205581054241397	0.530705955686251	0.325124901444854	3.67184517855783	0.575434174691674	0.153413432504685	0.635564262281879	0.482150829777194
2.63034114835238	1.1238290634126	0.192290080985432	0.574033701369782	0.38174362038435	2.97178155109432	0.676948937182004	0.103926159728488	0.657088358654802	0.553162198926314
3.06309516340684	0.948150631657565	0.193176383460827	0.464396512659917	0.27122012919909	3.74906859875134	0.453710661009081	0.132496162949077	0.483805708248762	0.351309545299686
2.32226843989106	1.08493085364429	0.157286445222636	0.539149433861506	0.38186298863887	2.59785418040178	0.647192762414258	0.0891816754883824	0.637643290520317	0.548461615031935
2.04719041131103	1.02276552015182	0.140190358714308	0.472258993502182	0.332068634787874	2.46386602524139	0.633417918454574	0.0867469520692323	0.584217532777273	0.497470580708041
2.48417228859307	0.939541651330182	0.129105127625831	0.395022985317384	0.265917857691553	3.31742100181546	0.504574663814337	0.0927766717962274	0.450652458482232	0.357875786686005
2.70693341617975	1.25382572794764	0.133855083752875	0.560865028742145	0.42700994498927	3.11533793359163	0.665496800904068	0.0818435186276345	0.630974512713553	0.549130994085918
2.96834047612714	0.927549836658943	0.214544911745083	0.43447335237604	0.219928440630957	4.40541222582023	0.501668027553845	0.163632388070683	0.474501842926057	0.310869454855374
2.84924024375095	1.04875142457551	0.218771481230783	0.574884519427591	0.356113038196808	3.64085402590803	0.552847758373603	0.145104947192013	0.598817902657466	0.453712955465453
2.44654036310403	1.11668201123744	0.184267704323609	0.589276581115307	0.405008876791698	2.91665874328078	0.651035844413044	0.115440357001908	0.672103534660044	0.556663177658136
2.43082129275843	0.994592793467926	0.120519709315567	0.40594719265252	0.285427483336954	2.97138207451414	0.549528389009687	0.0818138251861514	0.443271481629411	0.36145765644326
2.08150094935051	1.00398782913504	0.14420180426793	0.49517541499721	0.35097361072928	2.50139515694689	0.60316416925316	0.0957222655706024	0.616946691497735	0.521224425927133
2.50981045190198	1.02023076157355	0.157889465214552	0.457275728119581	0.299386262905029	3.13735494124366	0.589185361966398	0.109510309963062	0.5249671695184	0.415456859555338
2.33304416708113	0.988813711558675	0.179759599506445	0.521015744620194	0.341256145113749	2.27401657153272	0.520583844625232	0.0968118597333323	0.557844533435504	0.461032673702172
2.59919938863257	0.838372425516675	0.165949182837886	0.396977933851374	0.231028751013488	5.17499648919449	0.444338904959166	0.175731264487561	0.401140786384332	0.225409521896771
1.86750920652199	0.926622366800008	0.124030601892038	0.490151618868059	0.366121016976022	2.27754911899717	0.529361814000717	0.0772398032132245	0.538583542489315	0.46134373927609
2.38799059553201	1.13199270051306	0.16490621650104	0.602627822404346	0.437721605903306	2.65431759556618	0.661199400206656	0.102097167604905	0.703416334890777	0.601319167285872
2.59983454186642	1.08984392871982	0.215619309476212	0.565283800162285	0.349664490686073	3.69398335130318	0.702364233696447	0.150026873931103	0.69571233879809	0.545685464866987
3.63218458726324	1.20683718895241	0.278130073044511	0.583883570951782	0.305753497907271	6.9160108543852	0.714601873033558	0.261092301902886	0.703568734779392	0.442476432876506
2.77885369983264	0.885634151496153	0.232249588447478	0.440922962194224	0.208673373746746	2.98186602625481	0.467050820906338	0.135917438793848	0.450035258596918	0.31411781980307
2.51748357199509	1.09833197498359	0.179626917105105	0.565409635993268	0.385782718888163	2.82062268655419	0.641603519918394	0.104566982514808	0.675753454669154	0.571186472154346
2.4498442905511	1.16342704671648	0.143677030511998	0.501406386508302	0.357729355996304	2.8218766116928	0.736886611579501	0.0827498467229999	0.635702028097055	0.552952181374055
3.20478830462597	1.11288845272452	0.234196796631137	0.489906967203917	0.25571017057278	3.69537389565559	0.621087428607178	0.15276092317846	0.538081017092825	0.385320093914366
1.46078509096123	0.785490888917833	0.0903373950564706	0.372488481379242	0.282151086322772	1.11918162966387	0.448451374353493	0.0397039428339232	0.438353686096508	0.398649743262585
1.91228127153357	1.0346030677028	0.121215154322807	0.479280702704612	0.358065548381805	2.14914130689325	0.649360146981866	0.0692767565076431	0.57939458852321	0.510117832015566
2.89935080923602	1.00818102435904	0.193443626846745	0.525002875381509	0.331559248534764	4.0918007558212	0.534360330428771	0.139860624004109	0.604621243323292	0.464760619319183
2.03378560796962	1.01291459292263	0.105804325359232	0.436431464977915	0.330627139618683	2.2859492691874	0.56963759771676	0.0634805563489435	0.482273777707655	0.418793221358711
3.06055837715155	0.972506903705275	0.207906037092785	0.454938505550559	0.247032468457774	3.09818859854162	0.452028646360274	0.124156673836692	0.453187864918307	0.329031191081615
1.8916875396035	0.929953184265036	0.115258681567393	0.506191418625153	0.39093273705776	2.3433730289195	0.449060726003281	0.0845024151651953	0.545785520838583	0.461283105673387
2.85223582072491	1.00089474441666	0.224110231233512	0.581464210292315	0.357353979058804	3.73380766602675	0.498650092191339	0.171206935655885	0.628830587797679	0.457623652141794
2.98199387857256	1.10448314037209	0.217476181064049	0.518890092449226	0.301413911385177	3.74031059082363	0.660664770825397	0.156935078322216	0.635227166441171	0.478292088118955
4.62300900046472	1.18458815671497	0.340978239099294	0.599021843663777	0.258043604564483	7.13341987359064	0.602103048268767	0.295179991642685	0.638312292898206	0.34313230125552
2.68215182648806	1.17672187649102	0.193131708583849	0.525677125318304	0.332545416734455	3.04432436697621	0.688608712724967	0.112701556371959	0.573228490034907	0.460526933662947
3.82515405847061	0.980525515987615	0.241058381369576	0.526622834083487	0.285564452713911	5.59080439720471	0.463300867106815	0.211440235395831	0.563553632380678	0.352113396984846
2.55310030991615	0.939164442308074	0.177929004510279	0.461401097174007	0.283472092663728	3.12360273197682	0.514095878177331	0.125114892047824	0.512201987639997	0.387087095592173
2.27847194395596	1.00617076429849	0.148903474732141	0.518480057814709	0.369576583082568	2.01158628738699	0.53935734954958	0.0705585943939829	0.580495431729617	0.509936837335634
2.43854344882206	1.11351709103427	0.131885166622357	0.50540563997465	0.373520473352292	2.87920203013481	0.620642051561118	0.0865494891440289	0.57332281348366	0.486773324339631
3.40698544516799	1.05907521573412	0.279197054959948	0.577521177948541	0.298324122988592	6.29056183589765	0.606492105727637	0.258803148160482	0.653593426768636	0.394790278608154
1.50304397496064	0.942729516277896	0.0821113796068871	0.421005090417184	0.338893710810297	1.11285793109054	0.568869691478195	0.0357186025323448	0.520928127355525	0.48520952482318
2.9209562816767	1.04789743168154	0.224195920410081	0.488353300959173	0.264157380549092	3.67982070743647	0.595508443757908	0.144230304275103	0.495661458545083	0.35143115426998
2.69453836735295	1.24482017576126	0.110495202150761	0.432353919692026	0.321858717541265	3.27245400288342	0.750306455339185	0.0701180286784377	0.548843647528829	0.478725618850391
2.71663552363405	1.13392860763047	0.174334155711842	0.565487783813156	0.391153628101314	2.77501276335573	0.588113125747377	0.0946675589756256	0.604225454195105	0.50955789521948
2.71288098337705	1.03990776482855	0.208869382213514	0.584565283516465	0.375695901302951	3.27692997967617	0.584746937814533	0.126473505781951	0.64631345094643	0.519839945164479
2.12000867475057	1.11372055348702	0.136617275253338	0.580167593520232	0.443550318266894	2.6443055999088	0.684828172704873	0.092484372391521	0.744068391510726	0.651584019119205
1.03009633921175	0.97325003729941	0.0536574438325433	0.404363854918739	0.350706411086196	0.362888657591963	0.552004473239414	0.00903347342150194	0.446133582943355	0.437100109521853
1.56891910065875	1.14439107734431	0.0611743923667389	0.403828724335605	0.342654331968866	0.998877095978643	0.730755624027686	0.0175561398980791	0.506628272034425	0.489072132136346
2.69497674259928	0.970826422996671	0.186467245731195	0.525816554058725	0.33934930832753	2.81607656698954	0.542031691939836	0.112088598096701	0.623428024720527	0.511339426623826
2.33981641825052	1.10882326767923	0.148065863279296	0.511774044012081	0.363708180732785	2.41247834415734	0.682967122027164	0.0774758832370394	0.599362442235911	0.521886558998872
2.25508454311783	0.952350708881564	0.155972195014719	0.418919987116415	0.262947792101696	2.42323779159711	0.48857822971461	0.0844378931467369	0.383011499616868	0.298573606470131
2.39733261202108	0.944478719167618	0.172897796163169	0.488479140756651	0.315581344593482	2.93318889325741	0.553718079066282	0.110501710202101	0.604003989544827	0.493502279342727
2.53215117517048	0.999728886720787	0.222573034233021	0.531904071744409	0.309331037511387	3.33984568364566	0.582316887619952	0.171646875403832	0.64774482614257	0.476097950738738
2.25160836894372	0.9111595369292	0.166899385118937	0.435717117223512	0.268817732104574	2.48887598854892	0.546108161432531	0.0882535280231348	0.484308428832793	0.396054900809658
