LR1_coefficients_null_raster	LR1_coefficients_Elevation_16_k10_R	LR1_R2_null_raster	LR1_R2_Elevation_16_k10_R	LR1_Q_Elevation_16_k10_R	LR2_coefficients_null_raster	LR2_coefficients_Elevation_16_k10_R	LR2_R2_null_raster	LR2_R2_Elevation_16_k10_R	LR2_Q_Elevation_16_k10_R
0.344277111452639	0.0766312082053826	0.724620283682672	0.297245086459392	-0.42737519722328	0.0296119101120387	0.0031648851851889	0.984593074565052	0.359746658556961	-0.624846416008091
0.369200578353552	0.0876660122390661	0.725374547387649	0.404100722841296	-0.321273824546353	0.0342399027214254	0.00362569535449962	0.981521005610305	0.566264609189	-0.415256396421305
0.37289325217561	0.0954949372483926	0.695848439581393	0.409487882204526	-0.286360557376868	0.0378242394134836	0.0045818123526171	0.954062092124841	0.616171490834126	-0.337890601290714
0.318320824707239	0.0800479821519372	0.511847325129137	0.281251133416194	-0.230596191712943	0.0419925745710252	0.00341501260571906	0.78698352171312	0.321486043038286	-0.465497478674833
0.307971471990424	0.0754372774404768	0.546105516571743	0.281081019486912	-0.265024497084831	0.0354417481854336	0.00357171437462298	0.825030588683802	0.388392675383316	-0.436637913300486
0.390517973095033	0.0885704190051271	0.684292655628235	0.320654774015914	-0.363637881612321	0.0391554100635841	0.00408384227968907	0.967929761541885	0.451498374475633	-0.516431387066253
0.354424353460333	0.0670604798515968	0.619547839396032	0.257220321770827	-0.362327517625205	0.0430014712211499	0.00269270159015649	0.955635426562937	0.288426936299782	-0.667208490263155
0.345728841853608	0.0711009441357105	0.689076507133562	0.272534858966991	-0.416541648166572	0.0333071068389172	0.003115900021901	0.975934546693779	0.338784204549382	-0.637150342144397
0.361716947006051	0.0942058394985992	0.717029326521361	0.361250115156472	-0.355779211364889	0.032843518683256	0.00457954493436675	0.976743631441635	0.508253676976442	-0.468489954465193
0.354206457936036	0.07478253909267	0.650516199520904	0.270017723241903	-0.380498476279001	0.0376652541030296	0.00331591647224609	0.945651191857227	0.326712713713349	-0.618938478143879
0.346828507940547	0.0636097078436132	0.56440374673766	0.206176583285034	-0.358227163452625	0.0456755712241248	0.00244778744943419	0.910225703729429	0.200139939203352	-0.710085764526077
0.349541650253714	0.062271916621394	0.691535102949271	0.2342932632471	-0.45724183970217	0.0314770747953311	0.00193447047517866	0.956786562602934	0.219069946889926	-0.737716615713008
0.324195393431803	0.0807890105563121	0.715331084076149	0.288142198192679	-0.42718888588347	0.0274159260571884	0.00366623171396138	0.970417574430189	0.341794646652957	-0.628622927777232
0.349586502968469	0.0757630013283889	0.630403410012949	0.265541887284017	-0.364861522728932	0.0400893507023955	0.00358563801735891	0.939897864934515	0.324461586580524	-0.615436278353992
0.358956246832417	0.0839167452232462	0.723439507014888	0.348665004929008	-0.37477450208588	0.0305842391642242	0.00395631678002663	0.975386445802982	0.522610390174662	-0.452776055628319
0.366912950703487	0.0692492300111521	0.670053812169948	0.266164569313483	-0.403889242856464	0.0387046425309615	0.00266452416988696	0.963920267511257	0.293421663191891	-0.670498604319366
0.348813869544179	0.0669497717085057	0.590545345886195	0.23723089551599	-0.353314450370205	0.0436880892873826	0.00272879823723819	0.931846746060205	0.265369518977387	-0.666477227082819
0.308264483060245	0.06552208038383	0.517047238571936	0.222920091479063	-0.294127147092873	0.0382299759743226	0.00266916163410957	0.785365921059966	0.242866900176703	-0.542499020883263
0.351941779101332	0.064054910000502	0.694542362389315	0.223514494966385	-0.47102786742293	0.0319963781202543	0.00237060720241123	0.969333998112144	0.234062885580745	-0.735271112531399
0.350409660876578	0.0805531051484807	0.641213133932736	0.34372627670143	-0.297486857231306	0.0367665870455754	0.00318414333418193	0.947378492684166	0.454100514239564	-0.493277978444602
0.368009593063277	0.0779600381433452	0.71022691405213	0.359372605116265	-0.350854308935865	0.035190148304634	0.00311355263545528	0.968249102568158	0.47479132238089	-0.493457780187267
0.336726102206819	0.0776168949622597	0.608951079662456	0.306129662126632	-0.302821417535825	0.0381472154814576	0.00350706123610763	0.923500712198112	0.411299751441761	-0.512200960756351
0.347170516763976	0.0622438122056492	0.575536905849777	0.215587278130958	-0.359949627718819	0.043049399206091	0.0020447446849941	0.861074649237903	0.189722417450977	-0.671352231786926
0.355904533122559	0.0722400006251623	0.630040441094825	0.247544645726713	-0.382495795368112	0.0416000956137058	0.00300022214854515	0.949933137631311	0.265110939792353	-0.684822197838958
0.355254372515604	0.0745535722355846	0.678820216277402	0.292076083853001	-0.386744132424402	0.0353209737216542	0.00317858121664608	0.95050123471547	0.350444264692213	-0.600056970023257
0.35393398104441	0.0902440492770548	0.710244620276037	0.34753290614629	-0.362711714129747	0.031941860494674	0.00432974069163712	0.979637605461474	0.496274195415381	-0.483363410046093
0.334065506343282	0.080224189438282	0.633956987220245	0.301976082475614	-0.331980904744631	0.0346764171167822	0.00404271113529991	0.923097403070055	0.436161917147805	-0.48693548592225
0.3477254821385	0.0635482598040086	0.634348356199226	0.225355310529777	-0.408993045669449	0.0372139417347352	0.00282079447636209	0.957912292960082	0.280105597596891	-0.677806695363191
0.303248628411783	0.0757740802470788	0.603379601124316	0.27703024027827	-0.326349360846045	0.030283582652062	0.00321332937262459	0.876788605834192	0.336567667364897	-0.540220938469294
0.37992412472339	0.0700238065282455	0.630525504968765	0.251161022694131	-0.379364482274635	0.0463348078390407	0.00281871786361381	0.956129444553545	0.278786906230284	-0.677342538323262
0.343010246554949	0.0648960009913683	0.542380428575433	0.212903388300743	-0.32947704027469	0.0460422638607859	0.00309221223544921	0.864126347417473	0.25609423251197	-0.608032114905503
0.344658035202974	0.0777963149087447	0.675366853403628	0.315619081517903	-0.359747771885726	0.0347200378391977	0.00307702226495774	0.971846503898445	0.376099647826168	-0.595746856072277
0.326509424641638	0.0777906746275841	0.61691102014371	0.308919131904664	-0.307991888239047	0.0343008171049649	0.00355299706537256	0.925573984477056	0.424372226149031	-0.501201758328025
0.310757634705402	0.0613877198022144	0.57421639764051	0.227410026878757	-0.346806370761753	0.0345740989226097	0.00175568739557151	0.85738486462997	0.184033308094395	-0.673351556535576
0.290121869450513	0.0633883569877093	0.540488317321691	0.22358472127929	-0.316903596042401	0.033892318465417	0.00249111228369603	0.858219936633776	0.24416406259798	-0.614055874035796
0.312335261494359	0.0612469317550651	0.60179794490316	0.223217060732402	-0.378580884170759	0.0333492248340062	0.00193989083952491	0.911925127427457	0.205429256935845	-0.706495870491612
0.375194544127596	0.0766769150696274	0.62912987167341	0.298028311365509	-0.331101560307902	0.0454423950542904	0.00359320871739285	0.942467193038928	0.401156265202604	-0.541310927836324
0.36464793225227	0.0781885916071456	0.676958637663594	0.283949361859287	-0.393009275804307	0.0378516274496013	0.00379721433507255	0.975947216068333	0.382793924438187	-0.593153291630145
0.358376386401476	0.0608838672898731	0.601202749120148	0.190998064086838	-0.41020468503331	0.0411788651761109	0.0024397763758097	0.908140576360618	0.205586946528646	-0.702553629831973
0.352702285072533	0.0856942113859354	0.761166490607434	0.346757465142009	-0.414409025465425	0.0281774409483417	0.00426058941458859	0.985246672410233	0.515148151477607	-0.470098520932626
0.357900914974564	0.0703229608994693	0.677451999083841	0.272487030331837	-0.404964968752004	0.0360949324985987	0.00274300681236864	0.978880193898882	0.317294653982692	-0.66158553991619
0.336943971636278	0.070816376596546	0.694050829600947	0.263548461053707	-0.430502368547239	0.0309924208187971	0.00261014336065024	0.964714556613539	0.274399988666384	-0.690314567947155
0.35278777301191	0.0692154606076834	0.611642427212827	0.252844271857051	-0.358798155355776	0.0438967626458425	0.00275581050387526	0.953581848919109	0.272661709304586	-0.680920139614523
0.362170391765296	0.0804181818200298	0.672191717606241	0.338282451014671	-0.33390926659157	0.0374987700112343	0.00379168114520211	0.97051739155103	0.487318280112699	-0.483199111438332
0.341473974962978	0.0823732452434362	0.703641357463834	0.297242447673071	-0.406398909790763	0.0305997771796459	0.00372791266854095	0.971584418495681	0.376031650368926	-0.595552768126755
0.367060501457933	0.0691749139720477	0.660666393714111	0.240872393773624	-0.419793999940487	0.0398205301027503	0.00255544337341818	0.967230234309367	0.240041868498415	-0.727188365810951
0.373013976934189	0.0725506523511551	0.620400356790412	0.186356141959163	-0.434044214831249	0.0397625741368401	0.00287831411529596	0.946028137654143	0.178512740000184	-0.767515397653959
0.351707014533265	0.0782462383784361	0.6921379457696	0.274676549203804	-0.417461396565796	0.0322927172497079	0.00343033411559234	0.956928923223263	0.335135621686524	-0.621793301536739
0.336863876786029	0.074085873468834	0.67685834827316	0.282136289669508	-0.394722058603652	0.0320940615407462	0.00278582214501358	0.944756802888173	0.300208915938392	-0.64454788694978
0.363652465179382	0.0771778928982699	0.669940840566729	0.297602421561292	-0.372338419005436	0.035617900174411	0.00313351483702519	0.938761718019477	0.365932519316843	-0.572829198702634
0.325147530860574	0.0687341035540822	0.586181980166246	0.237474091127552	-0.348707889038694	0.0353121799544707	0.00302172411663182	0.888565782752405	0.292536900064526	-0.596028882687879
0.333675691437642	0.0835219714345141	0.706097949509688	0.344352327402166	-0.361745622107523	0.0298835481039729	0.00396677698833795	0.973559992540919	0.498137815934869	-0.47542217660605
0.341026791870954	0.0722089855611944	0.601975369711193	0.256019622959599	-0.345955746751594	0.040051243429867	0.00330822535643462	0.921410004667868	0.309166533842374	-0.612243470825494
0.336530547776233	0.0750460778405268	0.610728883832183	0.256898137363069	-0.353830746469114	0.0363014831240795	0.00355343465679043	0.900847235561021	0.3274625057988	-0.573384729762222
0.330480159185562	0.0720215597177799	0.586552955108888	0.294668470052868	-0.29188448505602	0.0385534032893878	0.00293618488853438	0.860669608901071	0.362239414031111	-0.49843019486996
0.341241446709048	0.0647824577990088	0.655946283102852	0.209165501994623	-0.446780781108229	0.0345997997756265	0.00285181561000604	0.953995757948021	0.230659970659561	-0.723335787288459
0.318212567216437	0.0673667834740123	0.649570347474924	0.238686728198196	-0.410883619276728	0.0307483073746143	0.00279962530474699	0.955637703242485	0.266319559298367	-0.689318143944118
0.388506898032367	0.080655197818172	0.64289917891198	0.287142709943007	-0.355756468968973	0.0474726537425532	0.00349462993574326	0.956983195362436	0.326090385891395	-0.630892809471041
0.347249137959282	0.0757042807001515	0.69995999084887	0.28863919056215	-0.411320800286721	0.0328051995911549	0.00270539030274629	0.975168221591154	0.289465698395467	-0.685702523195687
0.343029350083317	0.0885165228331321	0.622904105884056	0.303476822429632	-0.319427283454425	0.0372052342011362	0.00474910563767592	0.914708148780521	0.420794826123521	-0.493913322657
0.369977859422643	0.0738615305609011	0.655853688914062	0.247408603721472	-0.40844508519259	0.0412323855990354	0.00320201718154609	0.960866232525036	0.279172792642892	-0.681693439882144
0.332948426554286	0.0894118583526478	0.737037601841531	0.395311676492877	-0.341725925348654	0.0250495212944599	0.00356100311753029	0.912713615906627	0.494468516266472	-0.418245099640155
0.36188206964612	0.0749681576567234	0.672227218417429	0.29663578705454	-0.37559143136289	0.037080674453888	0.00343402463761318	0.971115475612841	0.404949572070491	-0.56616590354235
0.327589628738114	0.057886146242374	0.584632412717232	0.204150624370959	-0.380481788346273	0.0378649460836717	0.00173869850843963	0.893083805128077	0.170081944952479	-0.723001860175598
0.331548086867497	0.0681380675972058	0.618950073307544	0.252336103435352	-0.366613969872192	0.0360185708856028	0.00233781229087096	0.927031984082066	0.245477985087588	-0.681553998994478
0.380077679611457	0.0772483886346551	0.662249561556812	0.28100035572379	-0.381249205833022	0.0410970372428296	0.00382102535726038	0.968825679833762	0.395068832358103	-0.573756847475659
0.345889863011259	0.0739239161512492	0.633113319861427	0.288738968376498	-0.34437435148493	0.0386375603155083	0.00347247398169944	0.954432781483391	0.394391860692011	-0.56004092079138
0.380793944694194	0.0867287795308341	0.67284424029699	0.351488265155118	-0.321355975141872	0.0380602660462752	0.00415752505506865	0.97536979702393	0.561127263041731	-0.414242533982199
0.34858244691225	0.0700176215777509	0.649140262998155	0.266737441672252	-0.382402821325903	0.0377322510176251	0.00277023597899523	0.955353750594047	0.294559956203692	-0.660793794390354
0.334233137391299	0.080222903619531	0.657771329339393	0.303784979642753	-0.35398634969664	0.0319141905404416	0.00328218294905503	0.901909189682866	0.352847942888019	-0.549061246794847
0.353284519518055	0.0794683169382194	0.649842536675149	0.290547827132909	-0.35929470954224	0.0385606375820066	0.00364440937199404	0.964550435621374	0.362325003886594	-0.60222543173478
0.383243098979162	0.0664015287670604	0.615411546012206	0.215352654652581	-0.400058891359625	0.0475097090448348	0.00215062532083071	0.927475381331885	0.18470341976235	-0.742771961569535
0.369396843671414	0.0728274304749092	0.677587603045074	0.293603093899122	-0.383984509145952	0.0390258566995448	0.002737263622362	0.971825535536466	0.328910757967636	-0.642914777568829
0.327358855448091	0.0746538519854972	0.605097751159886	0.301677231944617	-0.303420519215268	0.0375625994656784	0.00308529005904352	0.922282153043232	0.369486906656022	-0.55279524638721
0.317725405607583	0.0788187430925218	0.631570946188202	0.299097799661298	-0.332473146526904	0.0309554888041952	0.00325058376272402	0.913679053951209	0.357416175293159	-0.55626287865805
0.366519868409701	0.0887301611119043	0.743842835746251	0.360920739886684	-0.382922095859567	0.0308252750741637	0.00455180472807346	0.981722631414072	0.594176907248918	-0.387545724165154
0.373196428378173	0.0791681290987454	0.724350532313343	0.291502521947186	-0.432848010366157	0.0331910994062068	0.0035900443904733	0.971430288750669	0.369190544242719	-0.60223974450795
0.341573959359897	0.0725401424187075	0.67988746884975	0.280340890742524	-0.399546578107226	0.0330905959755698	0.00276955714758563	0.968254625960513	0.305625410526055	-0.662629215434457
0.352859166799147	0.0763457799137324	0.641088226730661	0.296370131935652	-0.344718094795009	0.0389323009813093	0.00334268489206701	0.941532279533125	0.368482874541292	-0.573049404991833
0.332747463745004	0.0676923286826716	0.67318028573899	0.263237495426275	-0.409942790312715	0.0308656220225916	0.00227957063751921	0.957518022238416	0.265981747444337	-0.691536274794079
0.360712111720055	0.0730658640216282	0.701357886200306	0.265053906953565	-0.436303979246741	0.0335871400219821	0.00296697176829616	0.973212656153669	0.299187599268784	-0.674025056884885
0.319637452272384	0.0674578212327326	0.640416199347883	0.274557634829999	-0.365858564517884	0.033275771342759	0.00260390858116759	0.948856845356557	0.305196446570913	-0.643660398785644
0.385765923069302	0.0702559547933009	0.595599601505981	0.202339382514883	-0.393260218991097	0.0505738666022708	0.00290059622770744	0.929971158524397	0.198607990534775	-0.731363167989622
0.338145907236154	0.0850063500276601	0.737577826112113	0.394688058939961	-0.342889767172152	0.0261932577124136	0.00349458686334518	0.976533416407189	0.596607362044252	-0.379926054362937
0.328222779428972	0.0687671668350566	0.581957223654544	0.22972259489616	-0.352234628758383	0.0397430717128101	0.00299278563300202	0.891993078300775	0.24767379079055	-0.644319287510224
0.32587694987894	0.0638224691764341	0.661717505936832	0.247724906303243	-0.413992599633589	0.0311792726652421	0.00206318225567444	0.94912695275487	0.240683061834887	-0.708443890919983
0.35379253516028	0.0762361068716859	0.604884905658799	0.24440264606673	-0.360482259592069	0.040321708794552	0.00327474496085988	0.911271642509444	0.273749430724869	-0.637522211784575
0.394438068051836	0.0769141742171153	0.701590019515852	0.282316163077039	-0.419273856438813	0.0422473484868418	0.00314931589710572	0.977061345958864	0.310674447161972	-0.666386898796892
0.337585475352368	0.08094028369784	0.676805842797929	0.370457400176632	-0.306348442621297	0.0322543107155709	0.00330455898213104	0.957948407891718	0.508206216718288	-0.44974219117343
0.324315673406756	0.0694738519254156	0.708229047641551	0.248029135986287	-0.460199911655264	0.0271490460201228	0.00312777327802842	0.98350755595102	0.313242509641606	-0.670265046309414
0.319496430455614	0.075958902448175	0.642554921769841	0.302711756354804	-0.339843165415038	0.0308375789662061	0.00299369426986284	0.934687363475315	0.3593510131539	-0.575336350321415
0.334306183622834	0.0790796139180938	0.732115364101422	0.289051763982897	-0.443063600118526	0.0261295296333631	0.00332631489694423	0.963796422378136	0.353162087574032	-0.610634334804105
0.303227029546453	0.0700745969272765	0.61389797742201	0.271318625195667	-0.342579352226343	0.0306681014231994	0.00278507076077383	0.934468818040934	0.32208284559446	-0.612385972446474
0.333754623479457	0.0687986886911954	0.623315241774966	0.252434690600098	-0.370880551174868	0.0369789048540536	0.00287549858444855	0.936359927859005	0.287498072015093	-0.648861855843912
0.31796682912888	0.0637869269261263	0.536497912841425	0.227580910419318	-0.308917002422108	0.0404595155501863	0.00229813878390282	0.826199999505025	0.222606817596183	-0.603593181908842
0.35904305351129	0.0818600687013235	0.622405234307873	0.334533636695669	-0.287871597612204	0.0413365060543495	0.00360683859908636	0.935638546550622	0.460675321398937	-0.474963225151686
0.372613401165097	0.0759670743522164	0.684703302587852	0.288017334430314	-0.396685968157538	0.036902226797097	0.00336160635489887	0.958193541427635	0.370356679173317	-0.587836862254318
0.330241200288773	0.0732635417177573	0.673741587407569	0.256443995071358	-0.417297592336211	0.0316297480364338	0.00268815712053466	0.954224433570176	0.248658988750897	-0.705565444819279
0.358748958130589	0.0834706135829162	0.693140693078343	0.307103709557129	-0.386036983521214	0.034832627426617	0.00364458927103477	0.972459067289701	0.372612930253428	-0.599846137036273
0.369034649646213	0.0787138339263901	0.732288864635482	0.299126903021417	-0.433161961614066	0.0322064553270989	0.00339976084181198	0.978455980926732	0.382047341307812	-0.59640863961892
